1619877537.4554722, -12.774481128284924, -7.363528799354764, 0.8254138462385108
1619877547.498328, -25.837173439668323, -14.235089036394276, 3.4058446023879014
1619877547.503107, -38.61041941432721, -19.907715429609052, 7.288525597448943
1619877547.50647, -50.35585965027126, -24.103569931716933, 11.725277234870825
1619877547.5115368, -60.535352491406606, -26.851059285271944, 16.138091179940165
1619877547.515247, -68.87879694165939, -28.471046920799473, 20.043096089476638
1619877547.519052, -75.46179663874614, -29.374714596285845, 23.25694333478337
1619877547.5232131, -80.4943271217019, -29.837530834372146, 25.77252226636969
1619877547.5280588, -84.31639000255117, -29.93848540882455, 27.722534731607762
1619877547.531992, -87.16778619829888, -29.940002288501603, 29.184262944000906
1619877547.536407, -89.25260602372917, -29.88725810493842, 30.25753870253255
1619877547.540312, -90.79562889671604, -29.818815445532124, 31.055501223758892
1619877547.5449789, -91.93730286139566, -29.756006418297204, 31.649790285565956
1619877547.54995, -92.79962514465817, -29.722521157230222, 32.10262788542978
1619877547.554165, -93.45443954909946, -29.693418289166942, 32.450689739161916
1619877547.558615, -93.93844473295165, -29.695042643504884, 32.71283698756213
1619877547.5638988, -94.31210610680658, -29.67436813184214, 32.91943092276367
1619877547.568507, -94.57707640742123, -29.76040586966813, 33.07914823010743
1619877547.57341, -94.76960387746229, -29.716758865759715, 33.19515209675081
1619877547.577728, -94.91759085856752, -29.798407045931913, 33.29700497828074
1619877547.583092, -95.01030336396241, -29.88475072813938, 33.37161219904778
1619877547.587275, -95.11130858352116, -29.914496088620037, 33.450509521105666
1619877547.5917802, -95.17242079291128, -29.964474687307817, 33.509583524577074
1619877547.59707, -95.21612703513124, -29.981352841790304, 33.56003586841222
1619877547.601853, -95.24845137079546, -30.00654102244614, 33.6048268181761
1619877547.606434, -95.30613550873395, -30.03650782051806, 33.662341208633265
1619877547.6107771, -95.33365081034736, -30.053963012370954, 33.704797168670495
1619877547.616342, -95.33711125048842, -30.067556872791677, 33.735225175584084
1619877547.6207108, -95.35494886483042, -30.06958539987172, 33.77286883945303
1619877547.6251478, -95.35124782421322, -30.071769865797627, 33.799722497497676
1619877547.630471, -95.34848638777689, -30.08609919326673, 33.82704850711529
1619877547.634969, -95.32954820750652, -30.09739358004176, 33.8462755874417
1619877547.63952, -95.3093885321799, -29.978947657640827, 33.85570762624796
1619877547.643729, -95.27756573731196, -29.904694852257535, 33.85926895068879
1619877547.648906, -95.28612348999852, -29.841055622465415, 33.88295984178179
1619877547.653286, -95.29411181446496, -29.77585939578887, 33.906283525294015
1619877547.6578162, -95.28472231086756, -29.748359050946164, 33.92089889595856
1619877547.664035, -95.29303865544571, -29.707263946839305, 33.944288970182875
1619877547.668311, -95.28833535111633, -29.817071312412818, 33.97034824426804
1619877547.672687, -95.29733065008205, -29.778174374672012, 33.99414419373773
1619877547.676987, -95.31003654933654, -29.87620603937843, 34.02891949712062
1619877547.682254, -95.29333183567478, -29.795225080259804, 34.03995373924271
1619877547.686729, -95.30545835394169, -29.88147843373661, 34.0744577134388
1619877547.691361, -95.32972089318226, -29.93728010664077, 34.115100921555765
1619877547.697474, -95.33248368426608, -29.986584611774454, 34.145074282221
1619877547.702444, -95.35147215443514, -30.00966796215294, 34.18320425009097
1619877547.707198, -95.34701622388093, -30.020105069575408, 34.209631543703935
1619877547.7119648, -95.36227964145954, -30.021742961431386, 34.24593337822027
1619877547.718049, -95.3718727907595, -30.0410495245433, 34.27940122174651
1619877547.723271, -95.36212780162387, -30.0433205812664, 34.303205946556446
1619877547.727658, -95.35818211220183, -30.059670758518305, 34.329915429157005
1619877547.732878, -95.36889065712941, -30.05641432781901, 34.363978643632315
1619877547.7375, -95.37848789573843, -30.04860211234323, 34.39748160940192
1619877547.741776, -95.3686580903716, -30.05623422355666, 34.42124889010753
1619877547.746923, -95.36299864855201, -30.081943232876682, 34.44710983678232
1619877547.751018, -95.37408570701085, -30.092930250691936, 34.48138683706533
1619877547.7551732, -95.36539818597971, -30.10175001794868, 34.50575863228929
1619877547.759022, -95.37587310721366, -30.10758625753973, 34.53974861814664
1619877547.7632792, -95.38362830868456, -30.111900595454877, 34.57238008690092
1619877547.767315, -95.37248890974641, -30.103073524121264, 34.595537042621174
1619877547.771109, -95.364264188657, -30.083821016222235, 34.620150177479
1619877547.774817, -95.35814784733806, -30.082300979599776, 34.64580478077353
1619877547.7799559, -95.35359810243922, -30.09388976893824, 34.67224298705461
1619877547.783669, -95.35025987626226, -30.089755611055285, 34.699298404567095
1619877547.7873979, -95.34776392905707, -30.099409026663825, 34.726772449038855
1619877547.7911732, -95.32903617358876, -30.094530870072006, 34.74611507211609
1619877547.794989, -95.34731434844795, -30.094927856472847, 34.784010034671375
1619877547.799018, -95.34561059510379, -30.09052608007284, 34.81188583092269
1619877547.802913, -95.34432350011356, -30.099980880134783, 34.83996668246296
1619877547.806678, -95.34503357309896, -30.10160601052137, 34.86905723167246
1619877547.8103921, -95.34555986275853, -30.10280833870982, 34.89805702657583
1619877547.814527, -95.34431623131884, -30.096358294870516, 34.92617021750049
1619877547.818261, -95.34173856729326, -30.096962903817804, 34.95360891862651
1619877547.821812, -95.3583916400347, -30.091343731948815, 34.990690963663155
1619877547.825589, -95.34759525185257, -29.97377931296443, 35.00475547159061
1619877547.8299541, -95.36264948332115, -30.000184880980417, 35.04090480358992
1619877547.8338182, -95.37216225892674, -30.01239273508526, 35.074310144910164
1619877547.838295, -95.39774784273384, -30.02805265520993, 35.11576937784922
1619877547.8419662, -95.37069279937609, -30.071979188344795, 35.14022629631346
1619877547.8473961, -95.36539168164944, -29.83240356081498, 35.255739569655205
1619877547.8512058, -95.345550821493, -28.401042570359067, 35.27131085351208
1619877547.855028, -95.27102195621941, -27.118284624535658, 35.251520743513446
1619877547.8590899, -95.0060507153908, -24.161440468061247, 34.84188776528661
1619877547.863318, -94.5880868356024, -18.49696631920622, 34.436673952460055
1619877547.867319, -94.64728058358271, -17.54654065753242, 34.42501763726479
1619877547.870979, -94.55616511210238, -16.67662846053573, 34.39073349599344
1619877547.8745852, -94.58914763544634, -16.66748562845983, 34.438864374926034
1619877547.878174, -94.56862198678996, -16.949356496276426, 34.396662656285294
1619877547.882535, -94.56445679369378, -16.93433806509594, 34.3423034364683
1619877547.886206, -94.58719700480215, -17.47196451808324, 34.348270345644345
1619877547.8895721, -94.77640801809403, -19.336248581910535, 34.46948900584418
1619877547.893332, -94.91571422669074, -20.518834096051304, 34.55202133380371
1619877547.8973398, -94.90349509350594, -21.3540192057691, 34.613719977135105
1619877547.901033, -94.8926982398478, -21.904558831851414, 34.6670936042258
1619877547.904587, -94.86532615707151, -21.7548216578591, 34.66922224631551
1619877547.908266, -94.70389019043513, -18.93050824657214, 34.57522325613992
1619877547.9133801, -94.58830693140825, -17.915441745979606, 34.59581914723021
1619877547.9173682, -94.43865183491256, -15.16860787445883, 34.36184719071637
1619877547.921222, -94.29470394052218, -13.56041052244146, 34.2084782276014
1619877547.925617, -94.5158317568904, -17.041062693739764, 34.428608431470266
1619877547.9301162, -94.67940214238928, -18.55607479919206, 34.53945642208577
1619877548.02156, -94.6639643769011, -18.838348980967453, 34.56160336092672
1619877548.12763, -94.63703990135849, -19.01966076653748, 34.58018842826457
1619877548.233335, -94.63018294482187, -19.115838054854077, 34.605378835154546
1619877548.3414311, -94.59199117737393, -19.092366857802666, 34.6116423904286
1619877548.4475882, -94.59735461873527, -18.349253139578703, 34.69669787277454
1619877548.55197, -94.61223567424092, -17.607954186171778, 34.76671869416129
1619877548.658048, -94.62562329144723, -16.610625733023156, 34.81781341495146
1619877548.763117, -94.63330627249513, -16.444000926623843, 34.91040761541143
1619877548.871913, -94.62490469088478, -16.388486092866135, 35.00716393082007
1619877548.977676, -94.59498215372628, -16.05079710502106, 34.961785677135595
1619877549.0827048, -94.54671049037809, -15.31021641709526, 34.89400258676425
1619877549.1884851, -94.52272400257158, -15.32124318537962, 34.88527252080832
1619877549.296844, -94.65481137057874, -17.44442184557146, 35.038119034418656
1619877549.402663, -94.7789751944052, -18.687730035792274, 35.148166931419084
1619877549.508851, -94.71958565450522, -18.83695508416185, 35.174553454647665
1619877549.6150699, -94.66604377405524, -18.604792816791647, 35.17586816410272
1619877549.7202291, -94.62774124703567, -18.4234414010523, 35.18198519350598
1619877549.8268318, -94.59505629030534, -18.170484969198327, 35.18106001737333
1619877549.932875, -94.57215136871802, -18.01602800576131, 35.18309151554165
1619877550.039103, -94.55817461407462, -18.015958745507763, 35.19648936277949
1619877550.1452029, -94.56765060145479, -18.134342752255005, 35.225810206173016
1619877550.251651, -94.58589293802953, -18.1309330484892, 35.24932063481397
1619877550.35786, -94.58818427641877, -18.261670380922943, 35.27657309082441
1619877550.461596, -94.59170986858796, -18.468032591750426, 35.31304772255639
1619877550.567893, -94.55967427441334, -18.458533649174765, 35.32105204887018
1619877550.6740422, -94.5472589745412, -18.276019085865126, 35.326639726509164
1619877550.780142, -94.58309850353493, -17.863713557846307, 35.429685925032224
1619877550.886283, -94.69354671986744, -18.42295931752454, 35.49007861126397
1619877550.9924512, -94.65172328074465, -18.494147187100403, 35.51273575593315
1619877551.099073, -94.60904708916573, -18.645395112123808, 35.53494636329593
1619877551.2044091, -94.58684248931037, -18.542586199578682, 35.54618424422902
1619877551.310514, -94.5691233908028, -18.44783518292023, 35.55878389236255
1619877551.416843, -94.5775755359721, -17.943379760486703, 35.544916076076476
1619877551.522746, -94.56941869447175, -18.237481746879514, 35.57743592441801
1619877551.6291158, -94.55873739553354, -18.231283015919196, 35.5920247685997
1619877551.735261, -94.57426652997445, -18.55031672008749, 35.6408013318688
1619877551.8414762, -94.56290198713886, -18.567785424982052, 35.664076137676425
1619877551.947629, -94.56824068414501, -18.498852457360126, 35.68401756253193
1619877552.053024, -94.57525000094586, -18.56206673974406, 35.71307953649211
1619877552.15941, -94.56617803620384, -18.62791921199129, 35.73709103494718
1619877552.265666, -94.55768671785356, -18.56708524879736, 35.752684481246085
1619877552.37159, -94.5656331399812, -18.545135623238693, 35.773457120237275
1619877552.4779031, -94.57281017376066, -18.533573012404048, 35.79396211585265
1619877552.584497, -94.57810020523733, -18.539062487335414, 35.813855899458765
1619877552.690401, -94.56515620772241, -18.538806605261037, 35.82795762546707
1619877552.795712, -94.55686664893824, -18.543315083826393, 35.84353869136853
1619877552.902123, -94.58187365155766, -18.545898033433755, 35.86971327911076
1619877553.00829, -94.58481116521337, -18.548180504195706, 35.888871390432506
1619877553.1145148, -94.57140125951891, -18.564287434704067, 35.90282978740263
1619877553.220215, -94.57576302225497, -18.557097475258498, 35.92245934715053
1619877553.326367, -94.56469392653781, -18.584919010531845, 35.9371684201244
1619877553.4329422, -94.58766107700312, -18.59072028670183, 35.96275010719055
1619877553.53848, -94.58909117706979, -18.595386484703223, 35.9814723134319
1619877553.644796, -94.60573923830472, -18.58441994333001, 36.00505023649854
1619877553.751182, -94.58689714484377, -18.591100477665144, 36.01730444550037
1619877553.856704, -94.56988726986317, -18.467782342009865, 36.02147962706489
1619877553.962732, -94.57285297348291, -18.37615158596219, 36.03190658451704
1619877554.069023, -94.57676261875874, -18.431903366979164, 36.05120364791722
1619877554.175324, -94.5623788402974, -18.349977008773866, 36.05610648796093
1619877554.281219, -94.55474864415176, -18.417621317940366, 36.07173795574059
1619877554.387291, -94.57719733925687, -18.338657762601063, 36.08828401759967
1619877554.493464, -94.56267772498768, -18.29501484638586, 36.093067823892106
1619877554.599531, -94.55067536338844, -18.22994820660196, 36.09863740454815
1619877554.705672, -94.60573562991338, -17.911877407757423, 36.198960395499746
1619877554.812439, -94.65493128969645, -18.055309478400286, 36.34045607702316
1619877554.920213, -94.64415312655782, -18.42950506504468, 36.38136511642593
1619877555.026001, -94.65596551502998, -18.046572151214058, 36.493928345332385
1619877555.131459, -94.6329994530991, -17.70754649888775, 36.59553442677311
1619877555.2378051, -94.60944494919296, -17.214149712431002, 36.6794299156225
1619877555.343988, -94.60263262172862, -16.645190251436837, 36.75952473741866
1619877555.450057, -94.57744485750212, -16.03506605367979, 36.82542581724351
1619877555.556133, -94.56058988842176, -15.822518198582369, 36.81025862590113
1619877555.6624708, -94.52165507688677, -15.147574084837526, 36.75412127948558
1619877555.768723, -94.45777089490123, -14.324684621560486, 36.56409625755262
1619877555.874492, -94.41847007220595, -14.109341138548803, 36.53410151191189
1619877555.980407, -94.4160212823384, -14.48609421009275, 36.54746392594256
1619877556.086633, -94.41074634948758, -14.64669864275867, 36.55192673017092
1619877556.192804, -94.40107620698018, -14.490204079022497, 36.53840284029686
1619877556.298975, -94.36791168019018, -14.617807334060323, 36.53589129150488
1619877556.404789, -94.35296212799261, -14.422281514981512, 36.521268297329016
1619877556.509888, -94.31927597696854, -13.796032038773857, 36.4683627430902
1619877556.617182, -94.30084076397682, -13.695882654671598, 36.452501143412015
1619877556.723406, -94.2845350233013, -14.385720979977826, 36.49550793983155
1619877556.827871, -94.42773898689897, -15.346294900387619, 36.57606310112052
1619877556.9361548, -94.40119907931114, -15.904309879424696, 36.62673422155354
1619877557.041628, -94.40487484025213, -15.996092622529998, 36.651902304815934
1619877557.147935, -94.41263933891959, -16.243403960072758, 36.68676779182997
1619877557.254288, -94.44783323417363, -16.280919833612078, 36.71264992617421
1619877557.3596082, -94.42901633322747, -16.391231455532086, 36.73195034370429
1619877557.466336, -94.44919418641567, -15.265826267010429, 36.786822802603375
1619877557.571976, -94.44436456829777, -14.129399778467182, 36.825140439316066
1619877557.678157, -94.41496945018105, -13.619740627710343, 36.891201722477376
1619877557.784535, -94.38037420242382, -13.286094144370846, 36.853779318722765
1619877557.891129, -94.17364555846683, -11.606669524743896, 36.712433801311846
1619877557.997358, -94.18450282371697, -11.526456026659835, 36.68529132559372
1619877558.102443, -94.17798758255057, -11.56374503291294, 36.662664490540216
1619877558.208999, -94.18947886318344, -11.56562485869206, 36.64373713422175
1619877558.3149529, -94.21106736888142, -11.819804109346256, 36.75516138652412
1619877558.4209569, -94.17744174049945, -11.468797207241812, 36.718929975457776
1619877558.527343, -94.14838857542814, -11.948090902343028, 36.74078810105725
1619877558.633867, -94.30837174928574, -13.312535038063231, 36.820680358416006
1619877558.739402, -94.44282213544004, -14.410944356385677, 36.90671875576201
1619877558.845676, -94.41169989589234, -14.342166596557085, 36.913250784367406
1619877558.951794, -94.40862326253243, -14.498982235523973, 36.93521740547546
1619877559.058055, -94.38638087456361, -14.464901461035252, 36.94399987526863
1619877559.164213, -94.37234691927384, -14.447045339987106, 36.95480822896794
1619877559.270249, -94.36074393256689, -14.430150425760408, 36.966209556610444
1619877559.376607, -94.34869009719763, -14.314090955226654, 36.96905745987746
1619877559.482403, -94.3444263897696, -14.33545217457901, 36.98216819698387
1619877559.588769, -94.3388375146829, -14.358277611118218, 36.994969672932704
1619877559.6940448, -94.32167372709772, -14.475335672470953, 37.01330338595549
1619877559.800558, -94.33850472239929, -14.493962708550448, 37.03183500219158
1619877559.906772, -94.30289213621786, -14.336769809404425, 37.02891629595113
1619877560.012592, -94.29505307279234, -14.459430402352421, 37.049484618358505
1619877560.1188118, -94.30353988612474, -14.45372213295493, 37.06590975542043
1619877560.224818, -94.31322676960183, -14.6250034946846, 37.09096933845358
1619877560.331193, -94.30288178695719, -14.637767433448344, 37.102822906929546
1619877560.436744, -94.31055037754143, -14.63255541985709, 37.11923953244128
1619877560.5434198, -94.31502277002008, -14.610591676691099, 37.13484252723483
1619877560.649581, -94.31951452161064, -14.626817476540085, 37.15042893884953
1619877560.755904, -94.35222434855044, -14.620143239946634, 37.17315551564353
1619877560.861364, -94.34584464065694, -14.615767238847006, 37.1860074543429
1619877560.967626, -94.32703702814173, -14.602167899658857, 37.19572155076615
1619877561.0740302, -94.31310785350014, -14.606490650025828, 37.20665402232209
1619877561.179775, -94.318109883207, -14.60940815580411, 37.22236434358154
1619877561.2861462, -94.32182535589392, -14.597183756179573, 37.23775272169256
1619877561.39234, -94.32334446054428, -14.598783404744335, 37.252575374664005
1619877561.4981172, -94.35732306400519, -14.728019181888763, 37.28397764627712
1619877561.604328, -94.34962827273334, -14.70995673965744, 37.29658892481294
1619877561.710141, -94.35331004731165, -15.089997442167643, 37.337302662697766
1619877561.816383, -94.50264155258766, -16.131929390508894, 37.43815873066733
1619877561.922206, -94.33579600453773, -13.662540143914919, 35.034902756753425
1619877562.0281951, -94.32975674851949, -13.527484363538106, 32.889943353786684
1619877562.1342819, -94.31614546075436, -13.63121270866663, 30.759829280203196
1619877562.2405891, -94.38803292012555, -13.928070212367357, 28.529039200810956
1619877562.346356, -94.3716547826733, -14.394643112680951, 26.65431698821419
1619877562.47533, -94.40531689104378, -14.569774382790927, 24.894641207854548
1619877562.560334, -94.41041971575555, -14.903161620863253, 23.9766071597623
1619877562.665519, -94.43630348015584, -14.859728914116692, 23.149167905928916
1619877562.772074, -94.4175875834548, -14.932337773928818, 22.687955863947007
1619877562.878483, -94.39331894135267, -14.830618061664401, 22.57756576117458
1619877562.983704, -94.36103015787597, -14.751244363292164, 22.575502625958762
1619877563.089503, -94.37059469386479, -14.16953220110649, 22.652415001503478
1619877563.196224, -94.35678837892631, -14.802400310779504, 22.688388017682023
1619877563.302989, -94.35987385491448, -15.205294580591037, 22.729073926805174
1619877563.408027, -94.37290935173522, -15.352542209310558, 22.764349203211705
1619877563.513768, -94.38020499295351, -15.347243408984122, 22.789875477880965
1619877563.620214, -94.38683686065676, -15.347125645702235, 22.815234874892166
1619877563.726463, -94.37516953017442, -15.34352415880129, 22.835764082264237
1619877563.832777, -94.36775475082696, -15.344669416032517, 22.857393056558397
1619877563.9383209, -94.34330920808581, -15.227744596228185, 22.866110103275705
1619877564.045043, -94.33932050477654, -15.137133500490783, 22.880114593422803
1619877564.151933, -94.33523424481957, -14.945272809245518, 22.885646292057213
1619877564.256923, -94.34748372904164, -14.817351852413942, 22.895199368664606
1619877564.3632262, -94.34366509704135, -14.730600113999245, 22.900480570203385
1619877564.470547, -94.37254802869563, -14.761910585001365, 22.922401251389648
1619877564.577864, -94.37735927028716, -14.810253890438682, 22.938228267566036
1619877564.683429, -94.38237025010567, -14.68570180613082, 22.945694144848655
1619877564.788675, -94.39884995421987, -14.628776050594217, 22.9559193908312
1619877564.893941, -94.40980548658403, -14.568499293341324, 22.964646908603154
1619877564.999509, -94.40260738600706, -14.538530821345798, 22.968722550163815
1619877565.105527, -94.39727924637256, -14.516354447652631, 22.973254159333635
1619877565.2141252, -94.36278127184629, -14.486182040751785, 22.9704719201608
1619877565.3176289, -94.35253927718057, -14.463564989944727, 22.973804219413022
1619877565.423937, -94.3296670198751, -14.461463897676808, 22.97398131162663
1619877565.530019, -94.31275266131185, -14.44556316898803, 22.975690995378013
1619877565.636545, -94.30022393844176, -14.448143667894383, 22.978513389058715
1619877565.741699, -94.99865353842779, -15.78549220369274, 21.536500894737543
1619877565.8490539, -94.15996511847486, -15.015279297982088, 20.507675605829647
1619877565.95458, -94.14994516630502, -14.56881755665156, 20.50390376838873
1619877566.0610182, -94.14381208333859, -14.250156768901366, 20.492711889245765
1619877566.166657, -94.20150474860633, -14.045728884803676, 20.496840379064317
1619877566.273176, -94.21572550394808, -14.037986409389825, 20.49790728973507
1619877566.382585, -94.2567472228698, -14.031690834637892, 20.505408964588973
1619877566.485296, -94.27304692236982, -14.045470968104501, 20.506750977069668
1619877566.5919628, -94.28725974071243, -14.169940627607323, 20.515837596723042
1619877566.698292, -94.31428209708534, -14.279941397462636, 20.528197846896813
1619877566.803648, -94.33307671824944, -14.357501839251311, 20.53862455411013
1619877566.9099588, -94.31764944325457, -14.404963449558734, 20.5406130691485
1619877567.0153852, -94.30502022013076, -14.450602781459951, 20.54336416065375
1619877567.12071, -94.32626688191662, -14.46945387884676, 20.55463763382871
1619877567.2262259, -94.32547655800929, -14.494202646480291, 20.56038601243358
1619877567.3330328, -94.34139487111769, -14.516057668049488, 20.570345459092376
1619877567.439913, -94.3379040485272, -14.518177996352685, 20.57543410853148
1619877567.5446541, -94.3353068813044, -14.534090725159723, 20.580755246653112
1619877567.652261, -94.33567385548827, -14.631435724112826, 20.59522636253941
1619877567.758742, -94.32914074886739, -14.418039597009926, 20.582914387044088
1619877567.874731, -94.33440541342185, -14.7702779752247, 20.615262508313034
1619877567.970784, -94.34680448919794, -15.385699317818222, 20.66659264893274
1619877568.07627, -94.36689902911472, -15.655211410218815, 20.703919077149003
1619877568.181228, -94.3819147880374, -15.883219050543309, 20.740264277396047
1619877568.2873259, -94.3995143086642, -16.327285680853073, 20.794511133626113
1619877568.393518, -94.59105004705056, -17.18290677915116, 21.010754878768594
1619877568.499834, -94.7402935419924, -17.998798806660016, 21.21816223860667
1619877568.6057322, -94.74270528917846, -18.20623236413131, 21.38125215720729
1619877568.71206, -94.69490881350585, -18.540417512403305, 21.42908901586044
1619877568.817722, -94.83616803098882, -19.03243213737756, 21.61799696459027
1619877568.923985, -94.84251570067383, -19.347232017404675, 21.79237298893143
1619877569.030151, -94.79341156941749, -19.679299650727557, 21.840588673438766
1619877569.1363862, -94.80003970763977, -19.775078644938585, 21.889169648853056
1619877569.24546, -94.76882946199031, -19.75584238348545, 21.916046820697275
1619877569.350529, -94.76406050146014, -19.778763764149428, 21.95173250644347
1619877569.456949, -94.75707081899613, -19.709516804037854, 21.977715212437534
1619877569.562091, -94.7566372223596, -19.805264950849978, 22.01478466281275
1619877569.6679559, -94.74333232685953, -19.956135204835846, 22.047553930221905
1619877569.774397, -94.74789499491241, -20.07639040793738, 22.086484452577853
1619877569.880963, -94.75621429841543, -20.31237631737354, 22.135750153853742
1619877569.987158, -94.78098629418464, -20.552232816925383, 22.19101958032681
1619877570.091496, -94.81298128601324, -20.661837795111925, 22.240280735330202
1619877570.1977751, -94.81729815160402, -20.65693833490741, 22.271016913645372
1619877570.303593, -94.82922186558191, -20.914522945926468, 22.32247436316048
1619877570.409724, -94.82759372754553, -21.280309130206586, 22.3783870849023
1619877570.515913, -94.94555959349711, -21.635744089755605, 22.43669197491446
1619877570.6217542, -94.93049112469934, -21.853100891505704, 22.47978333624157
1619877570.728122, -94.94860772469723, -21.917954719722648, 22.526145649627058
1619877570.834056, -94.9475826442721, -22.013044066152755, 22.565490355508867
1619877570.9407291, -94.97233343568597, -22.357885163133908, 22.63296149496662
1619877571.0476701, -94.97935179043738, -22.739623395891666, 22.694189791584254
1619877571.152948, -94.9966515862033, -22.90746367660815, 22.75056682440315
1619877571.2605581, -95.00674161714757, -22.964072282034248, 22.79518796266965
1619877571.366645, -95.01140854786688, -22.91104738338406, 22.82856914513402
1619877571.472854, -95.01201732398569, -22.776917054506075, 22.851110822306563
1619877571.5769029, -95.03403920405752, -22.824256096827312, 22.891057148093104
1619877571.684696, -95.01695383785047, -22.881911323742912, 22.915914880912815
1619877571.7908502, -95.02178034598222, -22.90244990636444, 22.94930339225418
1619877571.8975492, -94.82388873088166, -21.6996970519047, 22.848697083418916
1619877572.002902, -94.8123212638, -20.6020755122619, 22.776172745971817
1619877572.1093261, -94.95844783250067, -21.44982117652852, 22.862433238864032
1619877572.21518, -94.94531756550428, -21.419176710443406, 22.87858722695643
1619877572.321132, -94.93171975239606, -21.282337443009272, 22.885364236107847
1619877572.427339, -94.94406605134837, -21.346779690832122, 22.910648272954923
1619877572.541724, -94.9532312713806, -21.394463000402887, 22.93484441278649
1619877572.639374, -94.94419248462532, -21.457687784869496, 22.952443283415242
1619877572.744371, -94.93752033385714, -21.504476683510344, 22.97095958109732
1619877572.8506129, -94.93261309169085, -21.525371802871792, 22.990163019934425
1619877572.956727, -94.89347779120719, -21.427601795266693, 22.987691554683092
1619877573.064893, -94.88033382520736, -21.354789266047845, 22.994729693720913
1619877573.1684248, -94.85617456757919, -21.32053588316926, 22.997723273216913
1619877573.2762702, -94.852763880246, -21.24807204209325, 23.008280284488134
1619877573.3803678, -94.86836431227344, -21.330249433949408, 23.03470878511865
1619877573.488896, -94.86176250554384, -21.269009848513022, 23.044092806225812
1619877573.59304, -94.87642387357265, -21.36487982955082, 23.070206493559603
1619877573.699307, -94.86526856042286, -21.227093615706643, 23.068884906557116
1619877573.804967, -94.88043794909414, -21.325548949075976, 23.09513418551499
1619877573.911092, -94.85868761526292, -21.393911680715664, 23.108048790982373
1619877574.017629, -94.89005385495041, -21.429373640750484, 23.140399769362727
1619877574.123034, -94.8486523837596, -21.452058668113594, 23.146199189191314
1619877574.229598, -94.85244304294983, -21.46498020997762, 23.168540277145812
1619877574.335894, -94.83938338150256, -21.502518435545515, 23.184723727762407
1619877574.44155, -94.85998019495987, -21.5239552033888, 23.213278228881123
1619877574.547731, -94.84500632489483, -21.518641844052834, 23.228806368312146
1619877574.653813, -94.82872402475805, -21.395130679949087, 23.234862737525454
1619877574.7600262, -94.81663394000286, -21.331228932498252, 23.242378664380322
1619877574.8660128, -94.82725821452357, -21.39767036593267, 23.2670909326593
1619877574.9724019, -94.8313490880376, -21.332649727297536, 23.28050660590461
1619877575.07842, -94.83438300230652, -21.270791972952683, 23.29346195550772
1619877575.184236, -94.79994529355237, -21.092600616852536, 23.283805409686245
1619877575.2906759, -94.80586586363869, -20.45600223971574, 23.2528474398072
1619877575.3966238, -94.76752453710202, -19.892616484511095, 23.09869003085673
1619877575.502569, -94.74751715176976, -19.415055194277425, 23.057721514380173
1619877575.609138, -94.7214381366642, -19.21090216622723, 23.03236263139956
1619877575.7151139, -94.69650100693623, -18.838286924196783, 22.998551950812686
1619877575.8211389, -94.65703503986431, -18.41089408942461, 22.95116906700945
1619877575.927423, -94.61754805898777, -18.234929175964464, 22.921540697677365
1619877576.033321, -94.59018511440459, -18.172163006654287, 22.904635841571924
1619877576.139012, -94.56030411125904, -17.798950403772217, 22.869712446800584
1619877576.245451, -94.55397077325453, -17.466380782255552, 22.841933616794996
1619877576.3523998, -94.51584853199164, -17.050639307327646, 22.795747258325388
1619877576.457432, -94.51906462308752, -16.790917185122506, 22.77035448373162
1619877576.5638568, -94.48695851295079, -16.39611267417534, 22.725874240432514
1619877576.670103, -94.45606728088013, -15.781730513428492, 22.664685080547606
1619877576.775798, -94.4632257112605, -15.27337662634653, 22.732150193629167
1619877576.882117, -94.42432589190194, -14.97810014541905, 22.68547806947841
1619877576.987839, -94.3737107582667, -14.395025529517158, 22.619137292049377
1619877577.094913, -94.3575538389043, -14.216296805635736, 22.587066221692947
1619877577.200224, -94.34337921061933, -13.99029756538298, 22.555482797148926
1619877577.306508, -94.35130243304238, -13.281852459695413, 22.606286421949328
1619877577.412831, -94.32064832900298, -13.086839996261055, 22.57014946499189
1619877577.519197, -94.32003065597252, -12.754695821997062, 22.643829527652844
1619877577.6266298, -94.29556634569502, -12.559864376774186, 22.609024147186478
1619877577.730468, -94.27047253066996, -12.075552561730465, 22.557486479415342
1619877577.837389, -94.2210175749157, -11.627588762099089, 22.500906268555987
1619877577.942514, -94.18994695827787, -11.537638991966833, 22.473170576804794
1619877578.0509498, -94.20069275683132, -11.67016169318445, 22.470385360331402
1619877578.156951, -94.1818195776423, -12.011790992991818, 22.478102277311812
1619877578.261485, -94.35038256564437, -13.631708041460302, 22.60166835391867
1619877578.369619, -94.50816837017173, -14.91618493553137, 22.831036359074396
1619877578.475631, -94.62844693642057, -15.771968926620495, 23.028132260301238
1619877578.5820422, -94.73294597570704, -16.319106282558725, 23.213651193983925
1619877578.687671, -94.66484370921624, -16.21932791483588, 23.22882001811593
1619877578.7935412, -94.57291250857476, -15.6400481088454, 23.19274665192504
1619877578.899725, -94.52312234032328, -15.353865905527275, 23.177294158625042
1619877579.005908, -94.49007195184517, -15.245938446934142, 23.175029547845636
1619877579.1121368, -94.45028700323141, -15.166379068972379, 23.171005664000393
1619877579.218621, -94.4349436865415, -15.117579469133906, 23.17340576054415
1619877579.324758, -94.42476761399365, -15.177499106200361, 23.185689477168964
1619877579.43024, -94.40315374205886, -15.226061453119419, 23.195022523576878
1619877579.536172, -94.4037454911258, -15.251297267101377, 23.210225540712027
1619877579.642572, -94.3876070399662, -15.28067556233835, 23.221048109947503
1619877579.748775, -94.3732846157486, -15.173850031457043, 23.223929811864263
1619877579.855207, -94.35813072150324, -15.61329994412243, 23.260204611025543
1619877579.95936, -94.37047171290591, -15.595113908903157, 23.278945001267378
1619877580.0672798, -94.36915969486141, -15.83905448309255, 23.31081483059734
1619877580.1734972, -94.40285502648962, -16.16576998240361, 23.360937205218093
1619877580.279673, -94.41510228602507, -16.487314346138948, 23.405679837479134
1619877580.385681, -94.43856251190621, -16.749318793075282, 23.454026327951293
1619877580.491498, -94.49781739793475, -17.195329431966723, 23.639696147886898
1619877580.597482, -94.68959333621355, -18.766563412465903, 23.919867890425223
1619877580.704028, -94.89920002106498, -20.719198941415513, 24.24005815496752
1619877580.810019, -94.89480794412381, -20.178709372853778, 24.36558301529253
1619877580.916346, -94.82980991096453, -19.674685667133897, 24.35401690038515
1619877581.021776, -94.78943579251504, -19.06817756851709, 24.332660538983188
1619877581.12798, -94.70918583994614, -17.894701306438257, 24.253596354423355
1619877581.234228, -94.67478335618205, -17.356363237986894, 24.224973947633853
1619877581.340608, -94.6440608356219, -17.3477676517032, 24.223989358193688
1619877581.44662, -94.63810253904037, -17.3314337646654, 24.230441580694375
1619877581.552458, -94.6211191344659, -17.433930062951053, 24.24243608081846
1619877581.659028, -94.6085670470891, -17.50978121705456, 24.255833624926375
1619877581.764684, -94.63451480875442, -17.71214050961761, 24.289703280107414
1619877581.8711271, -94.77639173033572, -18.199931444039958, 24.351291249963936
1619877581.977155, -94.88239439146005, -19.12560750184856, 24.439832521075704
1619877582.083019, -95.0522807378189, -20.862944441941956, 24.73446283718752
1619877582.189195, -95.37699530397167, -25.422265507756087, 25.18759089390045
1619877582.2953851, -95.16277965022924, -22.792521588296598, 24.895548778746804
1619877582.401781, -94.98943845710095, -22.485603741601054, 24.764819172277566
1619877582.507324, -94.90350185480209, -22.1427662836795, 24.763311598559795
1619877582.613816, -94.85191162248286, -21.78822175417751, 24.765609955213378
1619877582.719435, -94.81514179697888, -21.517250192845463, 24.773309453110542
1619877582.825829, -94.80373313187489, -21.31628783467689, 24.790158603187614
1619877582.9310238, -94.8110113484944, -21.180949407371006, 24.8136242806105
1619877583.038141, -94.81632423843288, -21.094601131953727, 24.83624197105505
1619877583.144458, -94.83736207031569, -21.049303937692034, 24.864427175699255
1619877583.250224, -94.81767188847492, -20.88867825813089, 24.868941357563962
1619877583.3566048, -94.7980817745909, -20.650385634412256, 24.8644405878304
1619877583.462826, -94.79007095579702, -20.108638958413245, 24.837011511482295
1619877583.568487, -94.72285373163564, -19.584417715071172, 24.672744725197298
1619877583.6744761, -94.67275782078477, -19.165320874955075, 24.523289123454752
1619877583.780997, -94.67169307807158, -18.657087681122487, 24.48884739049597
1619877583.886691, -94.65627600145724, -18.28817310248111, 24.4580786238358
1619877583.9930089, -94.61406991237466, -18.00198795479887, 24.418751559070905
1619877584.099274, -94.58346102553944, -17.852765928439222, 24.391969448669656
1619877584.205209, -94.5483550884859, -17.814994996349014, 24.372634623376157
1619877584.3115, -94.55762522679392, -17.89130582376001, 24.375703128068086
1619877584.417391, -94.5606325945611, -17.90542590753361, 24.37689874167535
1619877584.523886, -94.56287924605026, -17.901873652899457, 24.37786416731046
1619877584.629663, -94.54489582233053, -17.7386251422873, 24.363948423834177
1619877584.736026, -94.52598672704387, -17.347241655059502, 24.33246264374564
1619877584.841627, -94.5095510330611, -16.887097382701754, 24.2929209815292
1619877584.9480839, -94.49017414876445, -16.30134808545974, 24.243681721682492
1619877585.0539992, -94.4487542049809, -15.303498779289875, 24.153768528039475
1619877585.159864, -94.41012771355727, -14.03531054411895, 24.149276058528475
1619877585.26635, -94.3943331285189, -12.9947116438185, 24.159191106078953
1619877585.3723788, -94.34800737055566, -11.945654490839607, 24.153626979505823
1619877585.478812, -94.20545139224244, -10.648751973132454, 24.13707141470805
1619877585.584482, -94.09242413349911, -9.23637226554636, 24.12123531547933
1619877585.691056, -94.0816847338292, -9.756503897394072, 24.096372420727164
1619877585.79692, -94.25040613427183, -13.398186394671333, 24.313464721003427
1619877585.903, -94.48129470427408, -15.511297330717406, 24.712352617067527
1619877586.009346, -94.49065274771574, -15.324820884318305, 24.831615993691777
1619877586.1153479, -94.45318162936749, -15.281651827370688, 24.836869084602238
1619877586.221694, -94.44081341564375, -15.249408583710899, 24.84871373727094
1619877586.326954, -94.44325973367422, -15.213656719617466, 24.86442644233867
1619877586.4333382, -94.41565713189492, -15.19165818190928, 24.87222361495432
1619877586.5397172, -94.37990719547604, -15.161351336487149, 24.877878798893963
1619877586.645853, -94.35345166739363, -15.138928471414761, 24.885949698171782
1619877586.7519948, -94.35158745221865, -15.221969544981675, 24.90882157343854
1619877586.858176, -94.3478406689998, -15.183496167409803, 24.92288256806175
1619877586.963973, -94.34742776741005, -15.283617101527007, 24.946164562697156
1619877587.070198, -94.33540076177539, -15.533427239172033, 24.974830588602014
1619877587.175918, -94.32540125145955, -15.714375686308724, 25.004173591357127
1619877587.282474, -94.33585655396729, -15.89875010168024, 25.039178743139345
1619877587.3885329, -94.35780066945497, -15.938890170397793, 25.069225011538304
1619877587.4947488, -94.35741381849917, -15.993475054028835, 25.093225159341998
1619877587.600945, -94.37249779892254, -16.062091959462702, 25.12154591392121
1619877587.7072482, -94.40032347065498, -16.116581224929554, 25.153505397428713
1619877587.812868, -94.40678451066792, -16.17552401628999, 25.179653479288895
1619877587.9195552, -94.42695070012651, -16.26161192722041, 25.20970377208629
1619877588.025568, -94.42651534426619, -16.325629197790455, 25.23411702750134
1619877588.131285, -94.44159485423721, -16.40116864874394, 25.2629585964922
1619877588.2374022, -94.45279081491522, -16.457062016582594, 25.29081641707251
1619877588.343721, -94.43028266359393, -16.49906516008246, 25.309195870951225
1619877588.4497888, -94.44302438181413, -16.46209142590182, 25.329082557318095
1619877588.556115, -94.43827050015491, -16.45345290909842, 25.343972271151824
1619877588.662004, -94.45402296424592, -16.62206556155951, 25.373188951759886
1619877588.768317, -94.47995378886893, -16.713856837909752, 25.405543648146157
1619877588.874444, -94.51590197169014, -16.799864460128845, 25.440958358582535
1619877588.980635, -94.52181472718026, -16.72696574429351, 25.459223890849444
1619877589.0865579, -94.51326636090559, -16.71019899581752, 25.473255143913953
1619877589.192084, -94.52235187961264, -16.71166006602046, 25.492341936710993
1619877589.298581, -94.51364792926623, -16.71307714139407, 25.506314678176082
1619877589.404448, -94.4905259452013, -16.710216069279163, 25.516142901084603
1619877589.510926, -94.50552379065613, -16.711679122722956, 25.53692976428292
1619877589.617044, -94.51658941483572, -16.741139992496784, 25.556590204025166
1619877589.722983, -94.53893215059183, -16.74415252185177, 25.57953049659424
1619877589.829372, -94.54132430719599, -16.76516157695282, 25.59672692365433
1619877589.934853, -94.54310035498933, -16.780707728366313, 25.613766402160657
1619877590.0413818, -94.55838413290031, -16.681917651409048, 25.6260180222367
1619877590.14694, -94.55698800888746, -16.723382153911505, 25.6420639938153
1619877590.2528489, -94.54051768954328, -16.76860152863664, 25.6538053516158
1619877590.3593931, -94.52834824252966, -16.787874832041723, 25.666822660678864
1619877590.4655309, -94.51807792914188, -16.797859482342812, 25.680404131511942
1619877590.571757, -94.51047981080563, -16.805250280572007, 25.69476608913736
1619877590.6779451, -94.48796535868405, -16.701102412672473, 25.696214853630043
1619877590.784409, -94.48545436140942, -16.63359667556334, 25.703371753696107
1619877590.8897889, -94.50171037629897, -16.683364480524766, 25.72443273797804
1619877590.996046, -94.50083314637469, -16.771684220221807, 25.740628863350846
1619877591.1020238, -94.5143669666346, -16.832373612771754, 25.761074219824152
1619877591.2083, -94.5089702290425, -16.877623800187042, 25.77610072362288
1619877591.314643, -94.50501415124893, -16.882750418332208, 25.791586589680207
1619877591.420726, -94.51749661967922, -16.91456182013674, 25.811854493935087
1619877591.527151, -94.5267448134921, -16.93809883928754, 25.831216971494698
1619877591.632546, -94.56446806912376, -16.954821982085427, 25.858904928261207
1619877591.738812, -94.54607754942865, -16.968225826909247, 25.870248327493396
1619877591.845001, -94.53372967423353, -16.996652641982912, 25.883363053635577
1619877591.9511712, -94.53875095138908, -17.02716671499054, 25.901580594637917
1619877592.057007, -94.54374576519298, -17.068256415764647, 25.91982255639647
1619877592.163585, -94.53201384187776, -17.08484733873803, 25.9331944137373
1619877592.269166, -94.52206439476733, -17.092777859482243, 25.94710351805786
1619877592.3751302, -94.5159741359379, -17.10299783688821, 25.962153317465766
1619877592.4810061, -94.54236287559914, -17.124029449812706, 25.98676875474849
1619877592.5875509, -94.53100282016717, -17.1261197329724, 26.000293924111283
1619877592.693651, -94.52257110377398, -17.15598688910737, 26.014681118476034
1619877592.79966, -94.51633789466852, -17.178090478663062, 26.029742107477304
1619877592.90633, -94.52591764874653, -17.17558584916169, 26.049493110405
1619877593.0119622, -94.55231621507241, -17.214831634118188, 26.074216769989775
1619877593.118294, -94.56926000896212, -17.23507228425661, 26.09619122568126
1619877593.223745, -94.56506647312767, -17.246014079806447, 26.111924652721193
1619877593.330315, -94.5490579493761, -17.27739246489247, 26.124161110834642
1619877593.436427, -94.55397768082787, -17.304676237145138, 26.142640119345593
1619877593.542646, -94.57182365569274, -17.305949218452085, 26.164991433514544
1619877593.648711, -94.55407107313644, -17.321743296181072, 26.1767521706027
1619877593.754913, -94.54091255207868, -17.36170946250232, 26.18988909201646
1619877593.861156, -94.54539471170376, -17.358254625850417, 26.208323685939675
1619877593.9661582, -94.5345238566676, -17.360454505776413, 26.222174152014148
1619877594.07324, -94.52774255570628, -17.38065287506489, 26.237245627493483
1619877594.179203, -94.53977780784626, -17.519187161474502, 26.266603009489753
1619877594.285342, -94.5458743715905, -17.49333468245594, 26.285684388173763
1619877594.390948, -94.55034589795626, -17.502458472279898, 26.30425166164327
1619877594.4974651, -94.55365762868382, -17.509208914594897, 26.322479357588687
1619877594.604177, -94.5560948348734, -17.528318881581814, 26.340450956351052
1619877594.709394, -94.54370776170083, -17.54727904005363, 26.353974477772738
1619877594.8158238, -94.55003326483303, -17.56095507877091, 26.373156548470682
1619877594.921678, -94.55470246719756, -17.58519265600926, 26.39185358016546
1619877595.028089, -94.55685869571103, -17.612752264071293, 26.409815925564388
1619877595.133856, -94.57525541489284, -17.623160899718172, 26.432720708373164
1619877595.2404659, -94.60431466695397, -17.6587037634296, 26.458873731672867
1619877595.345888, -94.59616761503534, -17.690231814023793, 26.473780682560182
1619877595.451856, -94.59145645124138, -17.703952808436863, 26.489759065831766
1619877595.558481, -94.56990090959157, -17.69136168604962, 26.500629884811886
1619877595.664456, -94.55521583560382, -17.700654335054164, 26.513577693017652
1619877595.770797, -94.5766713957768, -17.711313487399067, 26.537523461880966
1619877595.876571, -94.59382920032313, -17.75196945618894, 26.560179616768725
1619877595.982958, -94.6039167520105, -17.77299045768368, 26.580726356979536
1619877596.0887349, -94.61437298232732, -17.90276359919189, 26.610177634286927
1619877596.195432, -94.6191823886639, -17.870468358805315, 26.629267634770052
1619877596.3006651, -94.62273117779202, -17.846568504365525, 26.647938065797277
1619877596.406919, -94.60981601480495, -17.857450142653896, 26.66153818449079
1619877596.5132658, -94.60024772874972, -17.879593439723205, 26.676172052984807
1619877596.619564, -94.61000213348201, -17.886063651768833, 26.696758168819095
1619877596.726037, -94.60170277391212, -17.89121731917718, 26.711805846160825
1619877596.831305, -94.6265793502546, -17.908393763174544, 26.737053625489725
1619877596.9378402, -94.62816844321833, -17.91691862912572, 26.7551606018806
1619877597.043492, -94.63365202686214, -18.0701646509498, 26.783278734619085
1619877597.150074, -94.65022979699873, -18.083046761325065, 26.806194709504346
1619877597.25635, -94.63276847441372, -18.097918969029685, 26.81855697800223
1619877597.362314, -94.6384266080675, -18.236845712421662, 26.846917171112047
1619877597.467946, -94.64266448733021, -18.353716930916455, 26.874979238491846
1619877597.57422, -94.64273421795092, -18.340044002967645, 26.89304262222842
1619877597.680643, -94.65698848257891, -18.32491917351537, 26.915554482111297
1619877597.786725, -94.63907856044064, -18.33780945574113, 26.927935693768664
1619877597.892427, -94.61029153467936, -18.31959408441314, 26.936909430146883
1619877597.998208, -94.63426248933082, -18.34251377091445, 26.962457507689106
1619877598.105027, -94.6222513563018, -18.364887921089725, 26.97670621701195
1619877598.210054, -94.6275825650976, -18.390439415214583, 26.996439072841646
1619877598.317451, -94.63417291714569, -18.418699909251085, 27.016596095336837
1619877598.423063, -94.64217818007226, -18.55382660540412, 27.04602145542132
1619877598.528812, -94.66371229425792, -18.68151517689436, 27.079919690928207
1619877598.635479, -94.6797588545426, -18.747912286858, 27.112246834205276
1619877598.741531, -94.6897530307027, -18.72966614818925, 27.133872652742006
1619877598.84759, -94.68021751567474, -18.725846509885493, 27.149208936256585
1619877598.952477, -94.68870999396592, -18.736642634004934, 27.170330372648117
1619877599.059606, -94.69631924202788, -18.763389512963652, 27.19118076294763
1619877599.1656551, -94.7019421948523, -18.797183950826497, 27.21142081929711
1619877599.271743, -94.70614864611908, -18.794173498441097, 27.231237912134947
1619877599.3781278, -94.69365094099415, -18.820356602441837, 27.24566777857464
1619877599.483645, -94.69998571558651, -18.83934050614724, 27.266196116391907
1619877599.589557, -94.70468002032672, -18.85338681401461, 27.286214226617503
1619877599.696233, -94.71140238138895, -18.97798412363537, 27.315802984499403
1619877599.8028271, -94.73007379783262, -18.988363901450064, 27.340509481655733
1619877599.908298, -94.71359810429743, -18.41623572252624, 27.309193081977913
1619877600.015996, -94.67889528867693, -17.717981216556968, 27.25399106107684
1619877600.1186402, -94.57562249073048, -17.785793974715467, 27.02235623652506
1619877600.227822, -94.60895618006815, -17.89777990314041, 27.058775465656716
1619877600.3333251, -94.59835214932, -17.87673522622805, 27.07312661502398
1619877600.440484, -94.5905008643262, -17.861164461617356, 27.088305616608473
1619877600.5465548, -94.57174384399967, -17.873162600289405, 27.100124029678668
1619877600.6528971, -94.58594152671982, -17.767088268439768, 27.1133606653475
1619877600.757799, -94.54864220401265, -17.68514450978381, 27.11076284528302
1619877600.861544, -94.54915049937064, -17.49545706148273, 27.111005619663334
1619877600.967714, -94.55108049839049, -17.478884294268504, 27.12014210323902
1619877601.0738392, -94.53706327593542, -17.45289573741485, 27.124471269296624
1619877601.180267, -94.52924265401214, -17.44271111057902, 27.13066325715892
1619877601.2861598, -94.52216126443686, -17.444745270469635, 27.13708205079837
1619877601.392422, -94.42172827420268, -17.431271015463214, 27.149894928349024
1619877601.4991128, -94.42330558915086, -17.465215164862695, 27.15910252422393
1619877601.604564, -94.18111588355917, -17.48119764986552, 27.16393216609398
1619877601.7103841, -93.96530100279162, -17.63583411163079, 27.18488125963829
1619877601.81651, -93.90109353099895, -17.73691071001011, 27.217450617385897
1619877601.922983, -93.95390193484842, -17.802496259372102, 27.251022283823925
1619877602.0288541, -93.8570910706791, -17.856690378538264, 27.273932321122174
1619877602.1349728, -93.8647646621367, -17.887018965963676, 27.293856281663775
1619877602.2413719, -94.01465957740201, -17.910534607507895, 27.32232657164473
1619877602.347074, -93.97248943319495, -17.904452264322536, 27.32698031129415
1619877602.4530802, -93.67266646876153, -17.799332630728745, 27.315585302177592
1619877602.559525, -93.7092059621742, -17.760238225498828, 27.337268449803286
1619877602.665827, -93.73192419308518, -17.826340600129917, 27.361687962179897
1619877602.7726378, -93.07759360249254, -17.795638515806726, 27.238523077274
1619877602.8776278, -93.09059542089554, -17.790892034655315, 27.289171048476653
1619877602.9835231, -93.21383017682058, -17.768559383462158, 27.338425465303864
1619877603.089993, -93.185263131804, -17.757117190149373, 27.37604779980091
1619877603.195738, -93.24593164495265, -17.831210620018997, 27.41206221673433
1619877603.301872, -93.18021077835954, -17.89027578237379, 27.44453961369893
1619877603.409101, -93.09249182248205, -17.82400988433854, 27.464394229335245
1619877603.51399, -93.12646829163393, -17.77523677485148, 27.48643312127933
1619877603.6205409, -93.17519498373466, -17.730061309117914, 27.512830293211515
1619877603.72638, -93.11695988969532, -17.835196434030152, 27.547390238623887
1619877603.832617, -93.1061773461624, -17.908860062950293, 27.56162972034147
1619877603.938653, -93.09644942046712, -17.94015160779625, 27.57625448669387
1619877604.045467, -93.13296669752954, -17.962910653276218, 27.60515800347242
1619877604.15202, -93.13268669734903, -17.998521335996788, 27.62274165994944
1619877604.257654, -93.10673584071507, -18.024789018373085, 27.63242134661334
