human_time, computer_time, x_acc_1, y_acc_1, z_acc_1, x_gyro_1, y_gyro_1, z_gyro_1, x_acc_2, y_acc_2, z_acc_2, x_gyro_2, y_gyro_2, z_gyro_2
2021-05-09 16:39:59.187486, 1620567599.1874866, 2.51, 0.99, 8.95, -0.04, -0.08, -0.03, 0.24, 0.63, 8.31, -0.06, -0.09, -0.02
2021-05-09 16:39:59.297083, 1620567599.2970836, 2.6, 1.06, 9.27, -0.03, -0.09, -0.02, 0.3, 0.75, 8.63, -0.06, -0.07, -0.0
2021-05-09 16:39:59.406628, 1620567599.4066281, 2.65, 1.06, 9.3, -0.04, -0.1, -0.01, 0.28, 0.76, 8.62, -0.07, -0.07, 0.01
2021-05-09 16:39:59.516425, 1620567599.5164256, 2.67, 1.01, 9.27, -0.04, -0.07, -0.01, 0.22, 0.67, 8.62, -0.08, -0.05, -0.02
2021-05-09 16:39:59.625988, 1620567599.6259887, 2.66, 1.02, 9.3, -0.04, -0.06, -0.0, 0.25, 0.66, 8.63, -0.07, -0.05, -0.02
2021-05-09 16:39:59.735387, 1620567599.7353873, 2.64, 1.0, 9.29, -0.04, -0.06, 0.01, 0.24, 0.71, 8.66, -0.07, -0.04, 0.01
2021-05-09 16:39:59.844934, 1620567599.844935, 2.66, 1.0, 9.27, -0.03, -0.08, -0.0, 0.23, 0.69, 8.65, -0.06, -0.06, -0.0
2021-05-09 16:39:59.953640, 1620567599.9536407, 2.68, 1.0, 9.28, -0.04, -0.07, -0.01, 0.21, 0.67, 8.67, -0.06, -0.07, -0.01
2021-05-09 16:40:00.063363, 1620567600.0633633, 2.68, 1.02, 9.27, -0.03, -0.06, -0.02, 0.2, 0.68, 8.63, -0.06, -0.07, 0.0
2021-05-09 16:40:00.173703, 1620567600.1737037, 2.68, 0.98, 9.3, -0.03, -0.07, -0.02, 0.24, 0.67, 8.67, -0.06, -0.07, 0.01
2021-05-09 16:40:00.282571, 1620567600.282571, 2.74, 1.04, 9.26, -0.03, -0.07, -0.03, 0.24, 0.72, 8.6, -0.06, -0.08, 0.0
2021-05-09 16:40:00.392832, 1620567600.392832, 2.76, 1.06, 9.26, -0.05, -0.06, -0.02, 0.29, 0.71, 8.65, -0.07, -0.07, -0.0
2021-05-09 16:40:00.501642, 1620567600.501642, 2.76, 1.01, 9.28, -0.03, -0.07, -0.01, 0.27, 0.66, 8.63, -0.06, -0.06, 0.01
2021-05-09 16:40:00.611834, 1620567600.6118343, 2.72, 1.03, 9.3, -0.03, -0.03, -0.02, 0.26, 0.67, 8.66, -0.06, -0.05, 0.0
2021-05-09 16:40:00.720917, 1620567600.7209175, 2.67, 1.02, 9.29, -0.03, -0.04, -0.01, 0.21, 0.67, 8.66, -0.06, -0.06, 0.01
2021-05-09 16:40:00.830453, 1620567600.8304534, 2.63, 1.02, 9.32, -0.03, -0.04, -0.01, 0.2, 0.66, 8.67, -0.06, -0.06, 0.01
2021-05-09 16:40:00.940730, 1620567600.94073, 2.69, 1.08, 9.25, -0.04, -0.05, -0.03, 0.28, 0.71, 8.62, -0.07, -0.06, -0.01
2021-05-09 16:40:01.050308, 1620567601.050308, 2.64, 1.07, 9.32, -0.03, -0.05, -0.01, 0.21, 0.73, 8.65, -0.07, -0.04, -0.0
2021-05-09 16:40:01.159915, 1620567601.1599154, 2.58, 1.0, 9.33, -0.03, -0.04, -0.01, 0.16, 0.61, 8.66, -0.06, -0.03, 0.01
2021-05-09 16:40:01.269544, 1620567601.2695441, 2.53, 1.04, 9.29, -0.04, -0.05, -0.03, 0.12, 0.6, 8.66, -0.06, -0.05, -0.0
2021-05-09 16:40:01.379001, 1620567601.3790014, 2.51, 1.03, 9.32, -0.06, -0.09, -0.03, 0.11, 0.64, 8.67, -0.07, -0.09, -0.02
2021-05-09 16:40:01.488622, 1620567601.4886227, 2.59, 1.1, 9.32, -0.05, -0.08, -0.03, 0.16, 0.71, 8.67, -0.07, -0.09, -0.02
2021-05-09 16:40:01.598311, 1620567601.5983112, 2.61, 1.09, 9.31, -0.06, -0.08, -0.02, 0.18, 0.71, 8.65, -0.07, -0.08, -0.0
2021-05-09 16:40:01.707861, 1620567601.707861, 2.66, 1.01, 9.3, -0.06, -0.09, -0.01, 0.25, 0.65, 8.67, -0.08, -0.09, -0.01
2021-05-09 16:40:01.817699, 1620567601.8176997, 2.7, 0.96, 9.28, -0.06, -0.1, -0.01, 0.25, 0.65, 8.61, -0.07, -0.1, -0.01
2021-05-09 16:40:01.927040, 1620567601.9270408, 2.7, 1.01, 9.26, -0.05, -0.1, -0.02, 0.3, 0.67, 8.64, -0.07, -0.1, -0.01
2021-05-09 16:40:02.036527, 1620567602.0365272, 2.75, 0.94, 9.26, -0.04, -0.09, -0.01, 0.33, 0.6, 8.67, -0.06, -0.09, -0.0
2021-05-09 16:40:02.146205, 1620567602.1462054, 2.83, 0.98, 9.27, -0.03, -0.09, -0.01, 0.4, 0.65, 8.64, -0.06, -0.1, -0.01
2021-05-09 16:40:02.255660, 1620567602.2556608, 2.87, 0.95, 9.18, -0.04, -0.08, -0.01, 0.39, 0.62, 8.61, -0.07, -0.08, -0.0
2021-05-09 16:40:02.365227, 1620567602.3652272, 2.85, 0.96, 9.26, -0.04, -0.08, -0.01, 0.4, 0.62, 8.63, -0.07, -0.07, -0.01
2021-05-09 16:40:02.474822, 1620567602.4748223, 2.84, 0.97, 9.24, -0.03, -0.07, -0.01, 0.39, 0.62, 8.65, -0.06, -0.06, -0.01
2021-05-09 16:40:02.584572, 1620567602.584572, 2.89, 0.96, 9.25, -0.04, -0.06, -0.01, 0.39, 0.64, 8.62, -0.06, -0.07, -0.01
2021-05-09 16:40:02.694171, 1620567602.6941717, 2.92, 0.99, 9.17, -0.04, -0.02, -0.02, 0.36, 0.65, 8.57, -0.07, -0.04, -0.02
2021-05-09 16:40:02.803608, 1620567602.8036084, 2.76, 0.97, 9.25, -0.03, 0.0, 0.01, 0.34, 0.61, 8.61, -0.07, -0.0, 0.01
2021-05-09 16:40:02.913238, 1620567602.9132388, 2.67, 0.97, 9.34, -0.04, -0.02, -0.01, 0.29, 0.6, 8.7, -0.06, -0.04, -0.01
2021-05-09 16:40:03.022767, 1620567603.0227675, 2.71, 0.98, 9.29, -0.05, -0.05, -0.03, 0.26, 0.65, 8.61, -0.07, -0.07, -0.02
2021-05-09 16:40:03.132221, 1620567603.1322217, 2.68, 1.01, 9.26, -0.04, -0.05, -0.01, 0.23, 0.7, 8.61, -0.06, -0.06, 0.0
2021-05-09 16:40:03.241746, 1620567603.2417464, 2.66, 0.97, 9.29, -0.03, -0.06, -0.01, 0.23, 0.61, 8.65, -0.06, -0.06, 0.01
2021-05-09 16:40:03.350818, 1620567603.3508189, 2.66, 0.95, 9.3, -0.04, -0.07, -0.01, 0.23, 0.61, 8.64, -0.07, -0.06, 0.01
2021-05-09 16:40:03.461015, 1620567603.461015, 2.67, 0.96, 9.28, -0.04, -0.06, -0.01, 0.23, 0.62, 8.63, -0.06, -0.06, 0.01
2021-05-09 16:40:03.570837, 1620567603.570837, 2.62, 0.95, 9.31, -0.03, -0.06, -0.02, 0.21, 0.62, 8.65, -0.06, -0.06, -0.0
2021-05-09 16:40:03.680240, 1620567603.6802404, 2.66, 0.99, 9.3, -0.03, -0.06, -0.03, 0.21, 0.67, 8.66, -0.06, -0.07, -0.01
2021-05-09 16:40:03.789626, 1620567603.7896261, 2.68, 1.02, 9.26, -0.02, -0.06, -0.01, 0.25, 0.67, 8.62, -0.05, -0.06, 0.01
2021-05-09 16:40:03.898648, 1620567603.8986487, 2.65, 1.0, 9.32, -0.04, -0.08, 0.0, 0.23, 0.64, 8.65, -0.06, -0.07, 0.02
2021-05-09 16:40:04.008912, 1620567604.0089128, 2.71, 0.99, 9.3, -0.04, -0.06, -0.02, 0.23, 0.63, 8.65, -0.06, -0.07, -0.0
2021-05-09 16:40:04.118839, 1620567604.1188395, 2.67, 1.05, 9.28, -0.03, -0.06, -0.02, 0.22, 0.68, 8.63, -0.06, -0.06, -0.0
2021-05-09 16:40:04.228021, 1620567604.228021, 2.66, 1.03, 9.29, -0.05, -0.07, -0.01, 0.21, 0.63, 8.67, -0.07, -0.08, -0.01
2021-05-09 16:40:04.338013, 1620567604.3380132, 2.72, 1.03, 9.25, -0.05, -0.07, -0.01, 0.26, 0.68, 8.62, -0.07, -0.07, -0.0
2021-05-09 16:40:04.446589, 1620567604.4465892, 2.69, 0.99, 9.31, -0.05, -0.08, -0.0, 0.27, 0.65, 8.63, -0.07, -0.07, 0.01
2021-05-09 16:40:04.556896, 1620567604.5568967, 2.75, 0.96, 9.26, -0.04, -0.07, -0.02, 0.25, 0.62, 8.62, -0.07, -0.07, -0.01
2021-05-09 16:40:04.666610, 1620567604.6666107, 2.71, 0.95, 9.31, -0.04, -0.07, -0.02, 0.25, 0.6, 8.64, -0.07, -0.06, -0.02
2021-05-09 16:40:04.775740, 1620567604.7757404, 2.71, 0.94, 9.27, -0.04, -0.07, -0.01, 0.23, 0.65, 8.62, -0.07, -0.06, -0.01
2021-05-09 16:40:04.885639, 1620567604.8856392, 2.74, 0.92, 9.27, -0.04, -0.06, -0.01, 0.26, 0.61, 8.62, -0.06, -0.06, -0.01
2021-05-09 16:40:04.995237, 1620567604.995237, 2.7, 0.98, 9.29, -0.04, -0.05, -0.01, 0.23, 0.63, 8.64, -0.07, -0.05, -0.02
2021-05-09 16:40:05.104911, 1620567605.104911, 2.7, 0.94, 9.26, -0.04, -0.05, -0.01, 0.21, 0.62, 8.63, -0.07, -0.06, -0.01
2021-05-09 16:40:05.214407, 1620567605.2144077, 2.68, 0.95, 9.29, -0.03, -0.06, -0.02, 0.19, 0.63, 8.63, -0.06, -0.06, -0.01
2021-05-09 16:40:05.323648, 1620567605.323648, 2.71, 0.95, 9.29, -0.03, -0.07, -0.02, 0.2, 0.64, 8.62, -0.06, -0.07, -0.0
2021-05-09 16:40:05.433290, 1620567605.4332905, 2.71, 0.98, 9.28, -0.03, -0.06, -0.01, 0.21, 0.65, 8.66, -0.06, -0.07, 0.0
2021-05-09 16:40:05.542887, 1620567605.5428877, 2.68, 1.03, 9.28, -0.03, -0.05, -0.01, 0.2, 0.66, 8.64, -0.06, -0.06, 0.01
2021-05-09 16:40:05.652630, 1620567605.6526308, 2.7, 0.98, 9.31, -0.04, -0.07, -0.0, 0.2, 0.65, 8.64, -0.07, -0.07, 0.01
2021-05-09 16:40:05.762237, 1620567605.7622368, 2.68, 0.96, 9.31, -0.04, -0.06, -0.01, 0.19, 0.63, 8.65, -0.06, -0.06, -0.0
2021-05-09 16:40:05.871604, 1620567605.8716047, 2.68, 0.99, 9.28, -0.05, -0.07, -0.02, 0.2, 0.66, 8.64, -0.07, -0.07, 0.0
2021-05-09 16:40:05.981219, 1620567605.9812195, 2.69, 0.96, 9.3, -0.04, -0.07, -0.01, 0.2, 0.65, 8.66, -0.07, -0.07, 0.0
2021-05-09 16:40:06.091139, 1620567606.0911398, 2.74, 0.95, 9.25, -0.04, -0.07, -0.02, 0.22, 0.64, 8.61, -0.06, -0.07, -0.0
2021-05-09 16:40:06.200158, 1620567606.200158, 2.73, 0.95, 9.27, -0.03, -0.06, -0.01, 0.22, 0.63, 8.63, -0.07, -0.06, 0.0
2021-05-09 16:40:06.309930, 1620567606.309931, 2.74, 0.94, 9.27, -0.03, -0.07, -0.01, 0.22, 0.6, 8.62, -0.06, -0.07, 0.0
2021-05-09 16:40:06.419520, 1620567606.41952, 2.78, 0.96, 9.29, -0.04, -0.06, -0.02, 0.22, 0.65, 8.64, -0.06, -0.06, -0.01
2021-05-09 16:40:06.529067, 1620567606.5290675, 2.71, 1.0, 9.3, -0.03, -0.07, -0.01, 0.22, 0.64, 8.65, -0.06, -0.07, 0.0
2021-05-09 16:40:06.638815, 1620567606.6388152, 2.72, 0.96, 9.29, -0.03, -0.08, -0.02, 0.2, 0.64, 8.65, -0.06, -0.08, -0.0
2021-05-09 16:40:06.748364, 1620567606.7483647, 2.79, 1.04, 9.27, -0.03, -0.07, -0.01, 0.24, 0.65, 8.64, -0.06, -0.07, -0.01
2021-05-09 16:40:06.857866, 1620567606.8578668, 2.81, 1.02, 9.25, -0.04, -0.06, -0.0, 0.24, 0.66, 8.63, -0.07, -0.06, 0.0
2021-05-09 16:40:06.967544, 1620567606.9675443, 2.8, 0.98, 9.27, -0.04, -0.06, -0.01, 0.24, 0.66, 8.64, -0.07, -0.05, -0.01
2021-05-09 16:40:07.076962, 1620567607.0769627, 2.77, 0.99, 9.25, -0.04, -0.04, -0.02, 0.2, 0.63, 8.65, -0.07, -0.05, -0.02
2021-05-09 16:40:07.186581, 1620567607.186581, 2.7, 0.99, 9.29, -0.04, -0.05, -0.02, 0.18, 0.67, 8.65, -0.07, -0.05, -0.02
2021-05-09 16:40:07.296078, 1620567607.296078, 2.74, 0.99, 9.3, -0.03, -0.06, -0.01, 0.16, 0.65, 8.65, -0.06, -0.06, -0.0
2021-05-09 16:40:07.405649, 1620567607.4056494, 2.74, 1.0, 9.27, -0.04, -0.06, -0.01, 0.16, 0.67, 8.62, -0.06, -0.06, 0.0
2021-05-09 16:40:07.515348, 1620567607.5153487, 2.72, 0.99, 9.26, -0.04, -0.07, -0.01, 0.18, 0.64, 8.63, -0.06, -0.05, -0.0
2021-05-09 16:40:07.624949, 1620567607.6249492, 2.72, 0.98, 9.26, -0.04, -0.06, -0.01, 0.13, 0.66, 8.63, -0.07, -0.06, -0.01
2021-05-09 16:40:07.734317, 1620567607.7343173, 2.72, 0.98, 9.29, -0.04, -0.05, -0.01, 0.13, 0.65, 8.66, -0.07, -0.06, -0.0
2021-05-09 16:40:07.844183, 1620567607.844183, 2.71, 0.99, 9.29, -0.05, -0.05, -0.01, 0.14, 0.64, 8.65, -0.07, -0.06, 0.0
2021-05-09 16:40:07.953534, 1620567607.9535341, 2.72, 0.95, 9.28, -0.04, -0.06, -0.01, 0.12, 0.62, 8.62, -0.07, -0.06, -0.0
2021-05-09 16:40:08.063287, 1620567608.063287, 2.73, 0.98, 9.29, -0.04, -0.06, -0.02, 0.1, 0.66, 8.63, -0.06, -0.07, -0.0
2021-05-09 16:40:08.172568, 1620567608.1725688, 2.68, 0.98, 9.28, -0.04, -0.05, -0.01, 0.11, 0.64, 8.64, -0.07, -0.06, 0.0
2021-05-09 16:40:08.282214, 1620567608.282214, 2.68, 0.95, 9.3, -0.04, -0.07, -0.01, 0.12, 0.61, 8.65, -0.07, -0.07, 0.0
2021-05-09 16:40:08.392081, 1620567608.3920813, 2.7, 0.94, 9.28, -0.04, -0.05, -0.01, 0.13, 0.6, 8.66, -0.07, -0.06, -0.0
2021-05-09 16:40:08.501805, 1620567608.5018055, 2.67, 0.94, 9.31, -0.05, -0.07, -0.02, 0.13, 0.61, 8.65, -0.07, -0.07, -0.01
2021-05-09 16:40:08.611200, 1620567608.6112006, 2.73, 0.93, 9.29, -0.04, -0.07, -0.02, 0.14, 0.61, 8.64, -0.06, -0.07, -0.01
2021-05-09 16:40:08.719734, 1620567608.7197344, 2.72, 0.96, 9.29, -0.04, -0.06, -0.01, 0.14, 0.65, 8.63, -0.07, -0.07, 0.0
2021-05-09 16:40:08.829862, 1620567608.8298628, 2.71, 0.93, 9.29, -0.04, -0.06, -0.0, 0.15, 0.6, 8.63, -0.07, -0.06, 0.01
2021-05-09 16:40:08.939640, 1620567608.9396405, 2.69, 0.92, 9.3, -0.04, -0.08, -0.01, 0.14, 0.58, 8.65, -0.07, -0.07, 0.0
2021-05-09 16:40:09.049288, 1620567609.0492887, 2.72, 0.87, 9.31, -0.04, -0.06, -0.02, 0.13, 0.56, 8.66, -0.07, -0.06, -0.02
2021-05-09 16:40:09.159131, 1620567609.159132, 2.71, 0.93, 9.29, -0.04, -0.06, -0.03, 0.11, 0.61, 8.6, -0.06, -0.06, -0.02
2021-05-09 16:40:09.268532, 1620567609.2685325, 2.74, 0.94, 9.25, -0.04, -0.06, -0.01, 0.11, 0.59, 8.63, -0.06, -0.06, -0.01
2021-05-09 16:40:09.378106, 1620567609.3781068, 2.73, 0.92, 9.3, -0.04, -0.06, 0.0, 0.11, 0.62, 8.64, -0.07, -0.07, 0.01
2021-05-09 16:40:09.487491, 1620567609.4874911, 2.76, 0.9, 9.25, -0.03, -0.06, -0.01, 0.11, 0.57, 8.62, -0.06, -0.06, 0.01
2021-05-09 16:40:09.597066, 1620567609.5970662, 2.66, 0.85, 9.31, -0.03, -0.08, -0.02, 0.09, 0.51, 8.66, -0.06, -0.07, 0.0
2021-05-09 16:40:09.706293, 1620567609.7062938, 2.75, 0.99, 9.29, -0.03, -0.09, -0.02, 0.1, 0.62, 8.62, -0.05, -0.09, 0.01
2021-05-09 16:40:09.815336, 1620567609.8153365, 2.78, 1.0, 9.27, -0.04, -0.07, -0.01, 0.16, 0.66, 8.64, -0.06, -0.07, 0.0
2021-05-09 16:40:09.925043, 1620567609.925043, 2.79, 0.98, 9.28, -0.04, -0.07, -0.01, 0.2, 0.67, 8.67, -0.07, -0.09, 0.0
2021-05-09 16:40:10.035524, 1620567610.0355241, 2.84, 0.95, 9.28, -0.05, -0.07, 0.01, 0.21, 0.67, 8.65, -0.08, -0.09, 0.02
2021-05-09 16:40:10.145156, 1620567610.1451569, 2.85, 0.9, 9.23, -0.04, -0.05, 0.0, 0.22, 0.59, 8.6, -0.08, -0.06, 0.01
2021-05-09 16:40:10.254496, 1620567610.2544966, 2.77, 0.88, 9.28, -0.05, -0.05, -0.02, 0.19, 0.56, 8.64, -0.08, -0.06, -0.0
2021-05-09 16:40:10.364237, 1620567610.3642378, 2.78, 0.9, 9.28, -0.04, -0.06, -0.02, 0.19, 0.58, 8.63, -0.07, -0.07, -0.0
2021-05-09 16:40:10.473489, 1620567610.47349, 2.78, 0.9, 9.27, -0.03, -0.06, -0.01, 0.21, 0.62, 8.64, -0.06, -0.07, 0.0
2021-05-09 16:40:10.582597, 1620567610.582597, 2.8, 0.91, 9.28, -0.03, -0.08, -0.01, 0.23, 0.58, 8.63, -0.06, -0.07, 0.0
2021-05-09 16:40:10.693135, 1620567610.6931355, 2.83, 0.92, 9.29, -0.03, -0.07, -0.02, 0.22, 0.55, 8.67, -0.06, -0.07, -0.0
2021-05-09 16:40:10.802351, 1620567610.802351, 2.84, 0.96, 9.24, -0.03, -0.07, -0.01, 0.25, 0.6, 8.61, -0.06, -0.06, 0.0
2021-05-09 16:40:10.911834, 1620567610.911834, 2.81, 0.96, 9.29, -0.03, -0.06, 0.0, 0.21, 0.62, 8.66, -0.06, -0.06, 0.01
2021-05-09 16:40:11.021410, 1620567611.0214102, 2.78, 0.92, 9.27, -0.03, -0.06, 0.0, 0.2, 0.57, 8.65, -0.06, -0.06, 0.0
2021-05-09 16:40:11.131306, 1620567611.131306, 2.81, 0.95, 9.27, -0.05, -0.06, -0.02, 0.21, 0.62, 8.65, -0.07, -0.06, -0.03
2021-05-09 16:40:11.240694, 1620567611.2406945, 2.8, 0.93, 9.25, -0.04, -0.05, -0.02, 0.19, 0.63, 8.65, -0.07, -0.05, -0.02
2021-05-09 16:40:11.350315, 1620567611.3503156, 2.8, 0.93, 9.28, -0.05, -0.05, -0.01, 0.19, 0.58, 8.68, -0.08, -0.07, -0.01
2021-05-09 16:40:11.460026, 1620567611.4600267, 2.76, 0.93, 9.3, -0.06, -0.03, -0.02, 0.19, 0.57, 8.66, -0.09, -0.06, -0.03
2021-05-09 16:40:11.569488, 1620567611.569489, 2.71, 0.86, 9.29, -0.06, -0.06, -0.02, 0.14, 0.53, 8.67, -0.08, -0.06, -0.01
2021-05-09 16:40:11.678836, 1620567611.6788368, 2.73, 0.86, 9.28, -0.05, -0.06, -0.01, 0.14, 0.51, 8.65, -0.08, -0.07, 0.01
2021-05-09 16:40:11.788513, 1620567611.7885134, 2.72, 0.82, 9.3, -0.05, -0.07, -0.01, 0.15, 0.46, 8.65, -0.08, -0.07, 0.01
2021-05-09 16:40:11.898197, 1620567611.8981974, 2.77, 0.82, 9.26, -0.04, -0.08, -0.02, 0.16, 0.47, 8.63, -0.07, -0.08, 0.0
2021-05-09 16:40:12.007975, 1620567612.0079756, 2.8, 0.85, 9.26, -0.04, -0.08, -0.02, 0.21, 0.54, 8.64, -0.06, -0.08, -0.01
2021-05-09 16:40:12.117192, 1620567612.117192, 2.84, 0.84, 9.25, -0.03, -0.07, -0.01, 0.22, 0.54, 8.64, -0.06, -0.07, 0.01
2021-05-09 16:40:12.226843, 1620567612.2268436, 2.81, 0.84, 9.25, -0.04, -0.07, -0.01, 0.24, 0.47, 8.63, -0.06, -0.07, 0.01
2021-05-09 16:40:12.336692, 1620567612.3366926, 2.8, 0.8, 9.27, -0.04, -0.07, -0.02, 0.22, 0.49, 8.65, -0.06, -0.07, -0.01
2021-05-09 16:40:12.446020, 1620567612.4460204, 2.79, 0.86, 9.22, -0.03, -0.07, -0.02, 0.22, 0.54, 8.63, -0.06, -0.07, 0.0
2021-05-09 16:40:12.555478, 1620567612.5554786, 2.79, 0.85, 9.25, -0.03, -0.07, -0.01, 0.22, 0.52, 8.61, -0.06, -0.08, 0.0
2021-05-09 16:40:12.665255, 1620567612.665255, 2.83, 0.85, 9.25, -0.03, -0.07, -0.02, 0.25, 0.5, 8.65, -0.06, -0.07, -0.01
2021-05-09 16:40:12.774859, 1620567612.7748597, 2.86, 0.9, 9.25, -0.03, -0.07, -0.01, 0.28, 0.53, 8.66, -0.06, -0.07, -0.0
2021-05-09 16:40:12.884234, 1620567612.8842344, 2.88, 0.85, 9.23, -0.04, -0.07, -0.01, 0.29, 0.51, 8.61, -0.07, -0.07, 0.0
2021-05-09 16:40:12.993924, 1620567612.9939246, 2.85, 0.85, 9.28, -0.03, -0.07, -0.02, 0.25, 0.53, 8.69, -0.06, -0.06, -0.01
2021-05-09 16:40:13.103514, 1620567613.1035147, 2.87, 0.91, 9.25, -0.03, -0.07, -0.02, 0.23, 0.56, 8.64, -0.05, -0.07, -0.01
2021-05-09 16:40:13.213144, 1620567613.2131448, 2.89, 0.91, 9.26, -0.03, -0.05, -0.02, 0.25, 0.52, 8.67, -0.06, -0.05, -0.01
2021-05-09 16:40:13.322669, 1620567613.3226697, 2.85, 0.96, 9.23, -0.03, -0.05, -0.01, 0.26, 0.57, 8.61, -0.06, -0.06, 0.0
2021-05-09 16:40:13.432040, 1620567613.4320405, 2.86, 0.92, 9.27, -0.03, -0.06, -0.0, 0.25, 0.55, 8.66, -0.06, -0.06, 0.0
2021-05-09 16:40:13.541769, 1620567613.5417693, 2.87, 0.9, 9.23, -0.04, -0.05, -0.02, 0.21, 0.55, 8.62, -0.07, -0.06, -0.02
2021-05-09 16:40:13.650611, 1620567613.6516085, 2.82, 0.93, 9.25, -0.04, -0.05, -0.02, 0.22, 0.58, 8.65, -0.07, -0.06, -0.02
2021-05-09 16:40:13.760223, 1620567613.7602234, 2.79, 0.95, 9.27, -0.04, -0.06, -0.01, 0.18, 0.58, 8.63, -0.07, -0.07, 0.0
2021-05-09 16:40:13.870307, 1620567613.870308, 2.84, 0.88, 9.25, -0.04, -0.06, -0.01, 0.23, 0.56, 8.65, -0.06, -0.07, 0.01
2021-05-09 16:40:13.979815, 1620567613.9798152, 2.82, 0.91, 9.24, -0.04, -0.05, -0.01, 0.21, 0.56, 8.63, -0.07, -0.06, 0.0
2021-05-09 16:40:14.089251, 1620567614.0892515, 2.81, 0.92, 9.26, -0.03, -0.06, -0.01, 0.23, 0.56, 8.65, -0.06, -0.06, 0.01
2021-05-09 16:40:14.198461, 1620567614.1984613, 2.79, 0.88, 9.25, -0.04, -0.06, -0.0, 0.2, 0.53, 8.61, -0.06, -0.07, 0.01
2021-05-09 16:40:14.308697, 1620567614.3086977, 2.81, 0.89, 9.3, -0.04, -0.06, -0.02, 0.2, 0.54, 8.65, -0.07, -0.07, -0.01
2021-05-09 16:40:14.417781, 1620567614.418779, 2.81, 0.93, 9.26, -0.05, -0.06, -0.03, 0.22, 0.63, 8.64, -0.07, -0.07, -0.01
2021-05-09 16:40:14.527721, 1620567614.5277214, 2.81, 0.92, 9.25, -0.03, -0.06, -0.01, 0.21, 0.58, 8.64, -0.06, -0.07, 0.0
2021-05-09 16:40:14.636968, 1620567614.6369689, 2.8, 0.89, 9.26, -0.04, -0.06, -0.01, 0.2, 0.54, 8.63, -0.07, -0.07, 0.01
2021-05-09 16:40:14.746838, 1620567614.7468383, 2.8, 0.88, 9.27, -0.04, -0.06, -0.01, 0.18, 0.55, 8.66, -0.07, -0.04, 0.01
2021-05-09 16:40:14.856437, 1620567614.856437, 2.79, 0.91, 9.26, -0.04, -0.05, -0.01, 0.15, 0.54, 8.62, -0.07, -0.05, 0.0
2021-05-09 16:40:14.965993, 1620567614.9659936, 2.76, 0.92, 9.28, -0.04, -0.06, -0.01, 0.16, 0.55, 8.65, -0.07, -0.05, 0.0
2021-05-09 16:40:15.075017, 1620567615.0750175, 2.79, 0.86, 9.27, -0.04, -0.07, -0.02, 0.13, 0.53, 8.66, -0.06, -0.04, -0.0
2021-05-09 16:40:15.185147, 1620567615.1851473, 2.81, 0.91, 9.23, -0.04, -0.11, -0.03, 0.12, 0.55, 8.59, -0.06, -0.1, -0.0
2021-05-09 16:40:15.294747, 1620567615.294747, 2.83, 0.91, 9.26, -0.03, -0.1, -0.02, 0.16, 0.54, 8.65, -0.06, -0.08, 0.01
2021-05-09 16:40:15.404744, 1620567615.4047449, 2.88, 0.86, 9.24, -0.05, -0.11, -0.02, 0.18, 0.5, 8.65, -0.06, -0.1, -0.01
2021-05-09 16:40:15.513895, 1620567615.5138955, 2.93, 0.9, 9.24, -0.04, -0.08, -0.01, 0.22, 0.56, 8.69, -0.06, -0.07, 0.01
2021-05-09 16:40:15.623506, 1620567615.623506, 2.94, 0.88, 9.21, -0.04, -0.08, 0.01, 0.26, 0.57, 8.6, -0.06, -0.09, 0.03
2021-05-09 16:40:15.732511, 1620567615.732511, 3.04, 0.87, 9.17, -0.02, -0.06, -0.0, 0.31, 0.53, 8.6, -0.05, -0.08, 0.02
2021-05-09 16:40:15.843019, 1620567615.8430195, 2.96, 0.93, 9.24, -0.04, -0.06, -0.02, 0.31, 0.56, 8.66, -0.06, -0.07, -0.01
2021-05-09 16:40:15.952193, 1620567615.9521937, 2.99, 0.89, 9.21, -0.03, -0.07, -0.01, 0.3, 0.58, 8.64, -0.06, -0.08, 0.0
2021-05-09 16:40:16.062162, 1620567616.0621622, 2.99, 0.93, 9.22, -0.03, -0.05, -0.01, 0.29, 0.59, 8.66, -0.06, -0.06, -0.01
2021-05-09 16:40:16.171679, 1620567616.171679, 2.98, 0.93, 9.24, -0.04, -0.05, -0.02, 0.33, 0.59, 8.64, -0.06, -0.07, -0.02
2021-05-09 16:40:16.281476, 1620567616.2814763, 2.93, 0.95, 9.25, -0.04, -0.05, -0.02, 0.33, 0.57, 8.67, -0.07, -0.06, -0.01
2021-05-09 16:40:16.390766, 1620567616.3907666, 2.93, 0.87, 9.24, -0.05, -0.04, -0.01, 0.27, 0.55, 8.65, -0.07, -0.05, -0.02
2021-05-09 16:40:16.500231, 1620567616.5002317, 2.87, 0.9, 9.25, -0.05, -0.05, -0.01, 0.29, 0.53, 8.67, -0.07, -0.05, -0.02
2021-05-09 16:40:16.609812, 1620567616.609813, 2.94, 0.9, 9.15, -0.06, -0.05, 0.0, 0.24, 0.56, 8.56, -0.09, -0.06, -0.01
2021-05-09 16:40:16.719508, 1620567616.7195084, 2.83, 0.84, 9.28, -0.05, -0.01, -0.0, 0.17, 0.52, 8.67, -0.09, -0.03, -0.01
2021-05-09 16:40:16.829213, 1620567616.8292131, 2.74, 0.8, 9.3, -0.04, -0.05, -0.02, 0.18, 0.47, 8.67, -0.07, -0.06, -0.01
2021-05-09 16:40:16.938668, 1620567616.9386687, 2.84, 0.81, 9.29, -0.05, -0.06, -0.03, 0.2, 0.46, 8.64, -0.08, -0.07, -0.02
2021-05-09 16:40:17.047916, 1620567617.047917, 2.83, 0.79, 9.25, -0.05, -0.04, -0.01, 0.25, 0.48, 8.63, -0.08, -0.06, 0.01
2021-05-09 16:40:17.157203, 1620567617.1572037, 2.82, 0.82, 9.24, -0.05, -0.04, 0.0, 0.23, 0.48, 8.63, -0.08, -0.05, 0.02
2021-05-09 16:40:17.267389, 1620567617.2673893, 2.84, 0.83, 9.21, -0.07, -0.03, 0.0, 0.27, 0.47, 8.6, -0.11, -0.04, 0.03
2021-05-09 16:40:17.376104, 1620567617.376104, 2.78, 0.76, 9.22, -0.09, -0.03, 0.0, 0.25, 0.39, 8.63, -0.14, -0.06, 0.01
2021-05-09 16:40:17.486696, 1620567617.486697, 2.76, 0.66, 9.22, -0.12, -0.1, -0.01, 0.31, 0.23, 8.61, -0.16, -0.11, -0.02
2021-05-09 16:40:17.596163, 1620567617.5961635, 2.77, 0.45, 9.21, -0.19, -0.17, -0.06, 0.33, 0.02, 8.61, -0.21, -0.19, -0.06
2021-05-09 16:40:17.705977, 1620567617.7059772, 3.02, 0.28, 9.22, -0.21, -0.17, -0.13, 0.37, -0.04, 8.62, -0.21, -0.17, -0.14
2021-05-09 16:40:17.815539, 1620567617.8155394, 2.91, 0.16, 9.17, -0.18, -0.09, -0.17, 0.38, -0.28, 8.61, -0.15, -0.15, -0.19
2021-05-09 16:40:17.925070, 1620567617.9250703, 2.74, 0.12, 9.57, -0.14, -0.13, -0.19, 0.54, -0.18, 8.93, -0.12, -0.19, -0.18
2021-05-09 16:40:18.034720, 1620567618.03472, 3.11, 0.11, 9.27, -0.08, -0.18, -0.21, 0.5, -0.14, 8.68, -0.05, -0.21, -0.03
2021-05-09 16:40:18.144150, 1620567618.1441505, 3.04, -0.14, 9.23, 0.07, -0.2, -0.07, 1.15, -0.29, 8.71, 0.04, -0.26, 0.07
2021-05-09 16:40:18.253808, 1620567618.2538085, 4.3, 0.78, 8.7, 0.17, -0.16, 0.01, 1.69, 0.09, 8.29, 0.09, -0.2, 0.21
2021-05-09 16:40:18.363170, 1620567618.3631709, 2.84, -0.45, 9.02, 0.14, -0.05, 0.12, 0.5, -0.9, 8.51, 0.04, 0.02, 0.18
2021-05-09 16:40:18.473175, 1620567618.4731755, 2.77, 1.13, 9.56, 0.01, -0.04, 0.26, 0.88, 0.43, 9.0, -0.02, -0.02, 0.1
2021-05-09 16:40:18.581935, 1620567618.5819354, 3.42, 0.43, 9.25, 0.25, -0.28, 0.4, 1.11, 0.28, 8.73, 0.07, -0.17, 0.43
2021-05-09 16:40:18.692175, 1620567618.6921754, 3.61, 0.79, 8.83, 0.09, -0.21, 0.13, 1.07, -0.09, 8.4, -0.02, -0.2, 0.1
2021-05-09 16:40:18.801738, 1620567618.801738, 3.12, 1.11, 9.41, 0.04, -0.09, -0.23, 0.53, 0.31, 9.0, 0.03, -0.14, -0.13
2021-05-09 16:40:18.910740, 1620567618.9107404, 3.39, 1.38, 9.09, -0.09, -0.14, -0.37, 1.23, 1.17, 8.59, 0.02, -0.18, -0.35
2021-05-09 16:40:19.021179, 1620567619.0211792, 4.07, 1.48, 8.77, -0.07, -0.29, -0.2, 1.7, 0.64, 8.55, -0.04, -0.2, -0.16
2021-05-09 16:40:19.130666, 1620567619.1306667, 4.24, 1.08, 8.62, -0.2, -0.27, 0.07, 2.06, 0.64, 8.44, -0.18, -0.35, -0.11
2021-05-09 16:40:19.240302, 1620567619.2403028, 4.88, 0.66, 8.57, -0.05, -0.19, 0.15, 2.27, 0.33, 8.42, -0.12, -0.24, 0.14
2021-05-09 16:40:19.350067, 1620567619.3500674, 4.6, 0.48, 8.53, -0.12, -0.07, 0.02, 2.27, -0.01, 8.38, -0.16, -0.08, -0.0
2021-05-09 16:40:19.459587, 1620567619.4595878, 4.33, 0.5, 8.72, -0.14, -0.1, 0.07, 2.21, 0.15, 8.53, -0.13, -0.1, 0.01
2021-05-09 16:40:19.569241, 1620567619.5692415, 4.53, 0.31, 8.69, -0.08, -0.08, 0.01, 2.19, 0.06, 8.51, -0.08, -0.07, -0.0
2021-05-09 16:40:19.678870, 1620567619.6788704, 4.4, 0.61, 8.7, -0.05, -0.05, -0.08, 2.14, 0.32, 8.49, -0.04, -0.05, -0.02
2021-05-09 16:40:19.787866, 1620567619.7878664, 4.35, 0.55, 8.77, -0.02, -0.03, 0.02, 2.08, 0.25, 8.55, -0.05, -0.04, 0.05
2021-05-09 16:40:19.897552, 1620567619.897553, 4.35, 0.57, 8.74, -0.04, -0.03, -0.02, 2.06, 0.21, 8.55, -0.07, -0.03, 0.02
2021-05-09 16:40:20.007528, 1620567620.007529, 4.25, 0.55, 8.72, -0.06, -0.03, -0.03, 2.05, 0.26, 8.49, -0.06, -0.05, -0.0
2021-05-09 16:40:20.117074, 1620567620.1170747, 4.31, 0.51, 8.75, -0.03, -0.02, 0.0, 2.08, 0.22, 8.5, -0.06, -0.05, 0.03
2021-05-09 16:40:20.226414, 1620567620.226414, 4.25, 0.55, 8.76, -0.04, -0.02, -0.03, 1.99, 0.2, 8.52, -0.06, -0.04, -0.01
2021-05-09 16:40:20.335988, 1620567620.3359885, 4.18, 0.56, 8.78, -0.05, -0.01, -0.03, 1.98, 0.28, 8.52, -0.07, -0.03, -0.02
2021-05-09 16:40:20.445586, 1620567620.4455862, 4.1, 0.54, 8.84, -0.04, -0.01, -0.0, 1.95, 0.25, 8.55, -0.07, -0.03, 0.01
2021-05-09 16:40:20.555169, 1620567620.555169, 4.09, 0.51, 8.81, -0.04, -0.02, -0.0, 1.9, 0.25, 8.49, -0.08, -0.03, 0.01
2021-05-09 16:40:20.664570, 1620567620.6645703, 4.14, 0.49, 8.87, -0.04, 0.01, 0.0, 1.82, 0.14, 8.56, -0.09, 0.01, 0.01
2021-05-09 16:40:20.774239, 1620567620.7742393, 3.95, 0.59, 8.78, -0.05, 0.06, 0.01, 1.79, 0.28, 8.44, -0.11, 0.04, 0.03
2021-05-09 16:40:20.883244, 1620567620.8832445, 3.86, 0.46, 8.91, -0.06, 0.07, 0.05, 1.7, 0.15, 8.54, -0.12, 0.04, 0.05
2021-05-09 16:40:20.993676, 1620567620.9936762, 3.81, 0.33, 8.98, -0.06, 0.1, -0.02, 1.53, -0.03, 8.6, -0.12, 0.08, -0.06
2021-05-09 16:40:21.103041, 1620567621.1030412, 3.55, 0.34, 9.0, -0.06, 0.13, -0.09, 1.41, -0.13, 8.59, -0.07, 0.15, -0.07
2021-05-09 16:40:21.212638, 1620567621.2126386, 2.9, 0.45, 9.44, -0.11, 0.11, -0.05, 0.66, 0.17, 8.84, -0.12, 0.21, 0.03
2021-05-09 16:40:21.321653, 1620567621.3216536, 2.78, 0.35, 9.3, 0.02, 0.1, 0.08, 0.59, -0.03, 8.72, -0.04, 0.19, 0.13
2021-05-09 16:40:21.432056, 1620567621.4320564, 2.68, 0.26, 9.61, 0.03, -0.0, 0.04, 0.32, -0.08, 8.93, -0.03, 0.03, 0.1
2021-05-09 16:40:21.540770, 1620567621.5407705, 2.77, 0.39, 9.26, 0.09, -0.12, 0.07, 0.43, 0.13, 8.62, 0.07, -0.08, 0.11
2021-05-09 16:40:21.651189, 1620567621.651189, 2.99, 0.8, 9.27, 0.13, -0.1, -0.01, 0.49, 0.35, 8.83, 0.09, -0.09, 0.09
2021-05-09 16:40:21.759981, 1620567621.7599812, 2.93, 1.04, 9.2, 0.09, -0.13, 0.06, 0.39, 0.6, 8.67, 0.06, -0.06, 0.09
2021-05-09 16:40:21.869562, 1620567621.8695621, 2.97, 0.86, 9.33, 0.13, -0.1, 0.11, 0.59, 0.29, 8.91, 0.09, -0.12, 0.12
2021-05-09 16:40:21.981075, 1620567621.9810758, 3.27, 0.94, 9.14, 0.03, -0.09, -0.04, 0.75, 0.45, 8.68, -0.02, -0.1, -0.07
2021-05-09 16:40:22.089720, 1620567622.08972, 3.33, 1.02, 9.04, -0.03, -0.07, -0.07, 0.79, 0.57, 8.55, -0.06, -0.1, -0.09
2021-05-09 16:40:22.199197, 1620567622.1991973, 3.23, 0.93, 9.02, -0.05, -0.0, -0.05, 0.75, 0.57, 8.47, -0.04, -0.05, -0.09
2021-05-09 16:40:22.308942, 1620567622.3089428, 3.13, 1.01, 9.25, -0.09, -0.09, -0.05, 0.79, 0.64, 8.74, -0.06, -0.11, -0.05
2021-05-09 16:40:22.418110, 1620567622.4181106, 3.35, 1.03, 8.98, -0.1, -0.14, -0.02, 1.03, 0.76, 8.45, -0.07, -0.19, -0.04
2021-05-09 16:40:22.527733, 1620567622.527734, 3.48, 1.03, 9.06, -0.06, -0.12, -0.01, 1.01, 0.75, 8.57, -0.06, -0.16, -0.0
2021-05-09 16:40:22.637166, 1620567622.6371665, 3.39, 0.95, 9.07, -0.05, -0.11, -0.01, 1.04, 0.72, 8.6, -0.07, -0.12, 0.01
2021-05-09 16:40:22.747250, 1620567622.7472503, 3.41, 0.96, 9.08, -0.04, -0.09, -0.02, 1.05, 0.72, 8.63, -0.07, -0.11, -0.01
2021-05-09 16:40:22.855909, 1620567622.8559098, 3.35, 0.91, 9.11, -0.05, -0.07, -0.03, 1.04, 0.66, 8.65, -0.08, -0.07, -0.02
2021-05-09 16:40:22.965476, 1620567622.9654768, 3.38, 0.89, 9.13, -0.06, -0.06, -0.02, 1.07, 0.66, 8.65, -0.07, -0.08, -0.02
2021-05-09 16:40:23.075613, 1620567623.0756133, 3.44, 0.89, 9.09, -0.04, -0.06, -0.02, 1.14, 0.68, 8.62, -0.07, -0.06, -0.01
2021-05-09 16:40:23.185217, 1620567623.1852174, 3.39, 0.92, 9.11, -0.03, -0.05, -0.01, 1.09, 0.67, 8.61, -0.06, -0.06, 0.0
2021-05-09 16:40:23.294818, 1620567623.2948182, 3.4, 0.88, 9.07, -0.03, -0.04, -0.0, 1.07, 0.62, 8.6, -0.06, -0.04, -0.01
2021-05-09 16:40:23.404454, 1620567623.4044547, 3.33, 0.87, 9.09, -0.04, -0.03, -0.01, 1.06, 0.62, 8.62, -0.07, -0.04, -0.02
2021-05-09 16:40:23.513937, 1620567623.513938, 3.28, 0.9, 9.14, -0.04, -0.02, -0.02, 0.99, 0.67, 8.64, -0.06, -0.03, -0.02
2021-05-09 16:40:23.623786, 1620567623.6237862, 3.25, 0.92, 9.14, -0.05, -0.02, -0.01, 0.94, 0.7, 8.57, -0.06, -0.03, -0.01
2021-05-09 16:40:23.733231, 1620567623.7332315, 3.21, 0.9, 9.16, -0.04, -0.02, -0.01, 0.95, 0.69, 8.63, -0.06, -0.03, -0.0
2021-05-09 16:40:23.842686, 1620567623.8426862, 3.2, 0.89, 9.15, -0.04, -0.03, 0.0, 0.91, 0.7, 8.65, -0.06, -0.03, 0.01
2021-05-09 16:40:23.952384, 1620567623.9523845, 3.12, 0.89, 9.18, -0.04, -0.04, -0.01, 0.84, 0.72, 8.65, -0.06, -0.05, 0.01
2021-05-09 16:40:24.061839, 1620567624.0618396, 3.09, 0.91, 9.23, -0.03, -0.05, -0.02, 0.83, 0.73, 8.67, -0.06, -0.06, -0.0
2021-05-09 16:40:24.170932, 1620567624.1709328, 3.1, 0.92, 9.2, -0.03, -0.06, -0.01, 0.81, 0.68, 8.64, -0.06, -0.07, 0.01
2021-05-09 16:40:24.280989, 1620567624.2809896, 3.14, 0.91, 9.15, -0.03, -0.06, -0.01, 0.84, 0.69, 8.58, -0.06, -0.06, 0.01
2021-05-09 16:40:24.390578, 1620567624.3905787, 3.15, 0.92, 9.17, -0.04, -0.06, -0.01, 0.86, 0.7, 8.61, -0.07, -0.06, 0.0
2021-05-09 16:40:24.500339, 1620567624.5003395, 3.14, 0.9, 9.15, -0.04, -0.06, -0.02, 0.83, 0.71, 8.61, -0.06, -0.06, -0.0
2021-05-09 16:40:24.610063, 1620567624.610063, 3.07, 0.92, 9.16, -0.03, -0.06, -0.01, 0.81, 0.72, 8.63, -0.07, -0.06, -0.0
2021-05-09 16:40:24.719331, 1620567624.7193315, 3.11, 0.9, 9.2, -0.04, -0.06, -0.01, 0.79, 0.68, 8.64, -0.07, -0.06, 0.0
2021-05-09 16:40:24.829186, 1620567624.8291862, 3.11, 0.92, 9.21, -0.04, -0.06, -0.02, 0.79, 0.71, 8.62, -0.06, -0.08, -0.0
2021-05-09 16:40:24.938650, 1620567624.9386506, 3.12, 0.92, 9.18, -0.04, -0.07, -0.02, 0.85, 0.69, 8.62, -0.07, -0.07, -0.01
2021-05-09 16:40:25.048207, 1620567625.0482075, 3.17, 0.91, 9.14, -0.04, -0.07, -0.02, 0.85, 0.71, 8.6, -0.07, -0.07, -0.0
2021-05-09 16:40:25.157626, 1620567625.1576264, 3.12, 0.92, 9.19, -0.03, -0.07, -0.01, 0.84, 0.7, 8.66, -0.07, -0.05, 0.0
2021-05-09 16:40:25.267538, 1620567625.267538, 3.14, 0.91, 9.18, -0.04, -0.07, -0.01, 0.83, 0.65, 8.65, -0.07, -0.06, -0.01
2021-05-09 16:40:25.376958, 1620567625.3769586, 3.15, 0.91, 9.15, -0.04, -0.07, -0.02, 0.84, 0.71, 8.66, -0.07, -0.06, -0.02
2021-05-09 16:40:25.486516, 1620567625.4865167, 3.13, 0.91, 9.16, -0.04, -0.06, -0.01, 0.81, 0.7, 8.64, -0.06, -0.06, -0.01
2021-05-09 16:40:25.596224, 1620567625.5962245, 3.14, 0.9, 9.18, -0.04, -0.06, -0.01, 0.84, 0.69, 8.64, -0.06, -0.07, -0.01
2021-05-09 16:40:25.705686, 1620567625.7056863, 3.13, 0.91, 9.19, -0.04, -0.09, -0.01, 0.83, 0.68, 8.65, -0.07, -0.07, -0.01
2021-05-09 16:40:25.815262, 1620567625.8152628, 3.2, 0.91, 9.16, -0.04, -0.12, -0.01, 0.87, 0.71, 8.65, -0.06, -0.09, 0.0
2021-05-09 16:40:25.925178, 1620567625.925178, 3.2, 0.93, 9.22, -0.06, -0.21, -0.02, 1.0, 0.67, 8.72, -0.07, -0.11, -0.01
2021-05-09 16:40:26.034344, 1620567626.0343442, 3.45, 0.9, 9.06, -0.07, -0.29, -0.03, 0.9, 0.74, 8.66, -0.09, -0.15, -0.03
2021-05-09 16:40:26.143434, 1620567626.1434345, 3.75, 0.83, 8.96, -0.05, -0.25, -0.02, 0.96, 0.65, 8.56, -0.08, -0.11, -0.0
2021-05-09 16:40:26.253019, 1620567626.2530193, 3.85, 0.82, 8.94, -0.09, -0.32, -0.03, 1.1, 0.6, 8.64, -0.11, -0.13, -0.02
2021-05-09 16:40:26.363321, 1620567626.3633213, 4.21, 0.81, 8.76, -0.08, -0.3, -0.02, 1.11, 0.63, 8.62, -0.1, -0.16, -0.02
2021-05-09 16:40:26.473003, 1620567626.4730039, 4.45, 0.7, 8.69, -0.06, -0.18, -0.02, 1.19, 0.53, 8.57, -0.08, -0.1, -0.01
2021-05-09 16:40:26.582449, 1620567626.58245, 4.43, 0.73, 8.67, -0.03, -0.11, -0.01, 1.25, 0.56, 8.6, -0.06, -0.08, -0.0
2021-05-09 16:40:26.692059, 1620567626.692059, 4.47, 0.74, 8.7, -0.03, -0.09, -0.01, 1.27, 0.53, 8.61, -0.06, -0.09, 0.01
2021-05-09 16:40:26.801823, 1620567626.8018239, 4.49, 0.73, 8.65, -0.03, -0.06, -0.02, 1.31, 0.53, 8.62, -0.06, -0.07, -0.0
2021-05-09 16:40:26.911228, 1620567626.911229, 4.51, 0.74, 8.64, -0.04, -0.06, -0.02, 1.33, 0.57, 8.61, -0.06, -0.07, -0.01
2021-05-09 16:40:27.021150, 1620567627.02115, 4.51, 0.75, 8.64, -0.03, -0.05, -0.0, 1.32, 0.57, 8.61, -0.06, -0.06, -0.01
2021-05-09 16:40:27.130768, 1620567627.130768, 4.43, 0.77, 8.71, -0.04, -0.04, 0.0, 1.31, 0.55, 8.64, -0.07, -0.06, -0.02
2021-05-09 16:40:27.240218, 1620567627.2402184, 4.45, 0.74, 8.7, -0.05, -0.04, 0.0, 1.3, 0.54, 8.61, -0.08, -0.06, -0.02
2021-05-09 16:40:27.349999, 1620567627.3499994, 4.44, 0.72, 8.72, -0.04, -0.04, -0.01, 1.31, 0.52, 8.6, -0.07, -0.06, -0.02
2021-05-09 16:40:27.459260, 1620567627.459261, 4.43, 0.73, 8.67, -0.04, -0.03, -0.02, 1.31, 0.57, 8.6, -0.07, -0.06, -0.03
2021-05-09 16:40:27.568943, 1620567627.5689433, 4.38, 0.72, 8.68, -0.03, -0.04, -0.01, 1.3, 0.53, 8.58, -0.06, -0.05, -0.01
2021-05-09 16:40:27.678304, 1620567627.6783044, 4.35, 0.71, 8.75, -0.04, -0.04, -0.01, 1.26, 0.53, 8.6, -0.06, -0.06, -0.0
2021-05-09 16:40:27.788187, 1620567627.7881868, 4.35, 0.72, 8.74, -0.03, -0.02, -0.02, 1.19, 0.53, 8.61, -0.06, -0.05, -0.0
2021-05-09 16:40:27.897816, 1620567627.8978164, 4.29, 0.75, 8.7, -0.03, 0.04, -0.02, 1.16, 0.55, 8.57, -0.06, -0.04, 0.01
2021-05-09 16:40:28.006526, 1620567628.0065267, 4.13, 0.81, 8.8, -0.01, 0.11, 0.01, 1.16, 0.62, 8.6, -0.06, -0.04, 0.04
2021-05-09 16:40:28.116735, 1620567628.1167355, 3.94, 0.76, 8.9, 0.0, 0.11, 0.02, 1.22, 0.54, 8.61, -0.04, -0.03, 0.06
2021-05-09 16:40:28.225702, 1620567628.2257023, 3.82, 0.78, 8.91, -0.0, 0.12, 0.01, 1.17, 0.59, 8.6, -0.05, -0.04, 0.04
2021-05-09 16:40:28.336149, 1620567628.33615, 3.63, 0.82, 8.99, -0.01, 0.1, -0.0, 1.19, 0.58, 8.64, -0.05, -0.02, 0.04
2021-05-09 16:40:28.444816, 1620567628.4458137, 3.43, 0.83, 9.09, -0.03, 0.05, -0.03, 1.16, 0.58, 8.66, -0.06, -0.04, 0.01
2021-05-09 16:40:28.555332, 1620567628.5553322, 3.36, 0.84, 9.13, -0.03, 0.02, -0.05, 1.07, 0.61, 8.65, -0.04, -0.04, -0.03
2021-05-09 16:40:28.664721, 1620567628.664722, 3.25, 0.86, 9.16, -0.03, -0.05, -0.03, 1.05, 0.64, 8.65, -0.05, -0.06, -0.01
2021-05-09 16:40:28.774226, 1620567628.774227, 3.29, 0.92, 9.16, -0.02, -0.03, -0.01, 1.05, 0.67, 8.66, -0.04, -0.06, 0.01
2021-05-09 16:40:28.884006, 1620567628.8840058, 3.22, 0.89, 9.13, -0.02, -0.03, -0.01, 0.99, 0.68, 8.62, -0.05, -0.06, 0.01
2021-05-09 16:40:28.993361, 1620567628.9933617, 3.22, 0.92, 9.15, -0.02, -0.04, -0.02, 1.0, 0.69, 8.61, -0.05, -0.06, -0.0
2021-05-09 16:40:29.102940, 1620567629.1029403, 3.19, 0.96, 9.15, -0.02, -0.03, -0.02, 1.01, 0.74, 8.62, -0.05, -0.05, -0.01
2021-05-09 16:40:29.212507, 1620567629.2125075, 3.15, 0.96, 9.17, -0.03, -0.05, -0.02, 0.98, 0.72, 8.62, -0.06, -0.06, -0.0
2021-05-09 16:40:29.322135, 1620567629.3221354, 3.16, 0.95, 9.18, -0.05, -0.05, -0.02, 0.98, 0.7, 8.64, -0.07, -0.05, -0.02
2021-05-09 16:40:29.431062, 1620567629.4320602, 3.13, 0.98, 9.19, -0.05, -0.04, -0.02, 1.0, 0.75, 8.66, -0.07, -0.05, -0.02
2021-05-09 16:40:29.541258, 1620567629.5412588, 3.08, 0.98, 9.22, -0.04, -0.05, -0.01, 0.92, 0.75, 8.64, -0.07, -0.05, -0.01
2021-05-09 16:40:29.651025, 1620567629.6510258, 3.09, 0.95, 9.2, -0.03, -0.05, -0.01, 0.91, 0.72, 8.61, -0.07, -0.04, -0.0
2021-05-09 16:40:29.760931, 1620567629.7609315, 3.11, 0.96, 9.15, -0.02, -0.06, -0.01, 0.9, 0.77, 8.6, -0.06, -0.04, -0.0
2021-05-09 16:40:29.869660, 1620567629.86966, 3.06, 0.93, 9.17, -0.03, -0.06, -0.02, 0.85, 0.71, 8.61, -0.06, -0.05, -0.01
2021-05-09 16:40:29.980337, 1620567629.9803374, 3.1, 0.95, 9.22, -0.04, -0.05, -0.02, 0.83, 0.74, 8.67, -0.06, -0.06, -0.01
2021-05-09 16:40:30.089212, 1620567630.089213, 3.06, 0.97, 9.2, -0.03, -0.06, -0.02, 0.82, 0.74, 8.61, -0.06, -0.06, -0.0
2021-05-09 16:40:30.198998, 1620567630.198998, 3.1, 0.98, 9.16, -0.04, -0.06, -0.01, 0.84, 0.77, 8.61, -0.06, -0.07, 0.0
2021-05-09 16:40:30.307646, 1620567630.3076468, 3.08, 1.0, 9.2, -0.04, -0.06, -0.02, 0.84, 0.76, 8.6, -0.06, -0.07, 0.0
2021-05-09 16:40:30.417696, 1620567630.417696, 3.08, 0.98, 9.2, -0.03, -0.09, -0.01, 0.84, 0.76, 8.63, -0.06, -0.07, -0.0
2021-05-09 16:40:30.527479, 1620567630.527479, 3.06, 0.98, 9.18, -0.04, -0.07, -0.02, 0.82, 0.74, 8.61, -0.06, -0.07, -0.0
2021-05-09 16:40:30.637062, 1620567630.637063, 3.09, 0.99, 9.19, -0.03, -0.06, -0.01, 0.86, 0.75, 8.63, -0.06, -0.06, 0.0
2021-05-09 16:40:30.745922, 1620567630.7459223, 3.12, 1.0, 9.16, -0.04, -0.08, -0.01, 0.86, 0.76, 8.62, -0.06, -0.08, 0.0
2021-05-09 16:40:30.856179, 1620567630.8561792, 3.17, 0.96, 9.15, -0.04, -0.07, -0.01, 0.88, 0.74, 8.62, -0.07, -0.07, -0.0
2021-05-09 16:40:30.966020, 1620567630.9660208, 3.1, 0.96, 9.19, -0.05, -0.07, -0.03, 0.86, 0.73, 8.64, -0.07, -0.07, -0.02
2021-05-09 16:40:31.075355, 1620567631.075356, 3.13, 1.01, 9.17, -0.04, -0.08, -0.02, 0.9, 0.81, 8.63, -0.06, -0.07, -0.0
2021-05-09 16:40:31.184161, 1620567631.1841614, 3.15, 0.97, 9.22, -0.03, -0.09, 0.0, 0.86, 0.68, 8.68, -0.06, -0.07, 0.01
2021-05-09 16:40:31.294681, 1620567631.2946813, 3.21, 0.97, 9.16, -0.04, -0.07, -0.02, 0.9, 0.75, 8.63, -0.07, -0.06, -0.01
2021-05-09 16:40:31.404243, 1620567631.4042437, 3.18, 0.98, 9.13, -0.04, -0.09, -0.03, 0.92, 0.77, 8.62, -0.06, -0.07, -0.02
2021-05-09 16:40:31.512969, 1620567631.5129693, 3.25, 0.99, 9.13, -0.04, -0.07, -0.01, 0.88, 0.74, 8.61, -0.07, -0.06, 0.0
2021-05-09 16:40:31.623464, 1620567631.623464, 3.19, 0.97, 9.17, -0.04, -0.05, -0.02, 0.86, 0.72, 8.66, -0.07, -0.05, -0.0
2021-05-09 16:40:31.732908, 1620567631.7329082, 3.18, 0.96, 9.12, -0.04, -0.06, -0.02, 0.86, 0.75, 8.62, -0.07, -0.07, -0.01
2021-05-09 16:40:31.842212, 1620567631.8422127, 3.23, 0.97, 9.13, -0.04, -0.05, -0.01, 0.86, 0.79, 8.62, -0.06, -0.06, 0.0
2021-05-09 16:40:31.951799, 1620567631.9517996, 3.18, 0.98, 9.14, -0.03, -0.05, -0.01, 0.84, 0.72, 8.61, -0.07, -0.05, 0.0
2021-05-09 16:40:32.061396, 1620567632.0613966, 3.14, 0.96, 9.18, -0.04, -0.06, -0.01, 0.83, 0.69, 8.63, -0.07, -0.06, -0.0
2021-05-09 16:40:32.171089, 1620567632.17109, 3.15, 0.96, 9.16, -0.04, -0.05, -0.02, 0.81, 0.72, 8.64, -0.07, -0.06, -0.0
2021-05-09 16:40:32.280744, 1620567632.280745, 3.11, 0.95, 9.2, -0.04, -0.06, -0.01, 0.82, 0.72, 8.64, -0.07, -0.06, -0.01
2021-05-09 16:40:32.390522, 1620567632.390522, 3.19, 0.97, 9.15, -0.04, -0.07, -0.01, 0.82, 0.74, 8.62, -0.07, -0.07, -0.0
2021-05-09 16:40:32.499674, 1620567632.4996746, 3.19, 0.96, 9.17, -0.04, -0.06, -0.01, 0.8, 0.75, 8.63, -0.07, -0.07, 0.0
2021-05-09 16:40:32.608750, 1620567632.6087503, 3.16, 0.95, 9.14, -0.04, -0.07, -0.01, 0.85, 0.71, 8.62, -0.06, -0.07, 0.0
2021-05-09 16:40:32.719116, 1620567632.7191164, 3.21, 0.94, 9.14, -0.04, -0.07, -0.01, 0.85, 0.71, 8.63, -0.07, -0.07, -0.0
2021-05-09 16:40:32.828620, 1620567632.8286204, 3.2, 0.95, 9.16, -0.04, -0.05, -0.02, 0.83, 0.73, 8.61, -0.07, -0.06, -0.01
2021-05-09 16:40:32.938520, 1620567632.9385207, 3.2, 0.94, 9.16, -0.04, -0.05, -0.01, 0.84, 0.7, 8.61, -0.07, -0.05, -0.0
2021-05-09 16:40:33.047865, 1620567633.0478652, 3.18, 0.95, 9.15, -0.04, -0.05, -0.02, 0.85, 0.69, 8.63, -0.07, -0.05, -0.0
2021-05-09 16:40:33.157354, 1620567633.1573539, 3.21, 0.92, 9.15, -0.04, -0.04, -0.02, 0.85, 0.69, 8.62, -0.07, -0.04, -0.01
2021-05-09 16:40:33.266916, 1620567633.2669168, 3.2, 0.99, 9.13, -0.03, -0.03, -0.02, 0.83, 0.74, 8.62, -0.06, -0.03, -0.0
2021-05-09 16:40:33.376475, 1620567633.3764753, 3.15, 0.95, 9.11, -0.03, -0.02, -0.03, 0.8, 0.7, 8.58, -0.06, -0.02, -0.01
2021-05-09 16:40:33.486159, 1620567633.486159, 3.1, 0.92, 9.1, -0.02, -0.01, -0.04, 0.76, 0.7, 8.54, -0.04, -0.02, -0.03
2021-05-09 16:40:33.595655, 1620567633.595656, 3.04, 0.93, 9.19, 0.01, -0.07, -0.04, 0.82, 0.7, 8.63, -0.01, -0.07, -0.02
2021-05-09 16:40:33.705146, 1620567633.705146, 3.04, 0.9, 9.12, 0.02, -0.09, -0.1, 0.89, 0.72, 8.62, 0.05, -0.11, -0.15
2021-05-09 16:40:33.814667, 1620567633.814667, 3.03, 1.26, 9.12, 0.01, -0.15, -0.13, 0.85, 1.09, 8.61, 0.07, -0.2, -0.22
2021-05-09 16:40:33.923718, 1620567633.923719, 3.22, 1.36, 9.16, 0.04, -0.16, -0.03, 0.75, 1.21, 8.58, 0.03, -0.2, -0.11
2021-05-09 16:40:34.033948, 1620567634.033949, 3.09, 1.57, 9.27, 0.04, -0.12, 0.06, 0.84, 1.35, 8.74, -0.02, -0.17, -0.1
2021-05-09 16:40:34.143530, 1620567634.1435306, 2.95, 1.55, 9.28, -0.02, -0.15, 0.15, 0.88, 1.35, 8.7, -0.08, -0.25, -0.08
2021-05-09 16:40:34.253221, 1620567634.2532213, 3.41, 1.49, 8.94, -0.1, -0.13, 0.26, 1.24, 1.22, 8.52, -0.18, -0.32, 0.02
2021-05-09 16:40:34.362675, 1620567634.3626752, 3.64, 0.76, 9.02, -0.18, -0.08, 0.28, 1.69, 1.11, 8.47, -0.22, -0.27, 0.0
2021-05-09 16:40:34.472424, 1620567634.4724247, 3.2, 1.33, 9.11, -0.02, -0.09, -0.2, 1.38, 1.52, 8.43, -0.04, 0.02, -0.1
2021-05-09 16:40:34.582016, 1620567634.5820162, 3.55, 0.5, 9.05, 0.02, -0.15, -0.32, 1.63, 0.64, 8.52, 0.06, -0.13, -0.14
2021-05-09 16:40:34.691029, 1620567634.69103, 3.67, 1.09, 8.8, -0.08, -0.11, -0.7, 2.04, 1.2, 8.38, 0.03, -0.13, -0.45
2021-05-09 16:40:34.801263, 1620567634.8012638, 3.84, 1.33, 8.76, -0.04, -0.02, -0.72, 1.9, 1.36, 8.29, 0.08, -0.1, -0.54
2021-05-09 16:40:34.910998, 1620567634.910998, 3.19, 2.29, 9.22, -0.14, 0.0, -0.06, 1.1, 2.43, 8.46, -0.15, -0.0, -0.07
2021-05-09 16:40:35.020697, 1620567635.0206978, 3.24, 2.13, 9.36, -0.19, -0.13, -0.03, 1.72, 2.01, 8.82, -0.2, -0.16, -0.22
2021-05-09 16:40:35.130142, 1620567635.130142, 3.74, 0.9, 8.95, -0.08, -0.2, 0.33, 1.98, 0.96, 8.48, -0.19, -0.13, 0.16
2021-05-09 16:40:35.239646, 1620567635.2396464, 3.46, 1.06, 9.05, -0.06, -0.1, 0.14, 1.63, 0.6, 8.54, -0.22, -0.09, 0.03
2021-05-09 16:40:35.348772, 1620567635.3487725, 3.37, 0.92, 9.05, -0.15, -0.31, 0.14, 1.46, 1.05, 8.63, -0.21, -0.13, 0.07
2021-05-09 16:40:35.459059, 1620567635.4590592, 4.07, 0.78, 8.73, -0.15, -0.43, 0.12, 2.2, 0.84, 8.41, -0.13, -0.35, 0.08
2021-05-09 16:40:35.568554, 1620567635.568555, 5.14, 0.39, 8.49, -0.09, -0.24, 0.08, 2.65, 0.87, 8.32, -0.08, -0.24, 0.09
2021-05-09 16:40:35.678127, 1620567635.6781273, 4.7, 0.69, 8.45, 0.03, -0.06, 0.08, 2.71, 0.77, 8.23, -0.01, -0.07, 0.12
2021-05-09 16:40:35.787699, 1620567635.7876995, 4.77, 0.54, 8.54, -0.02, -0.09, 0.0, 2.57, 0.67, 8.36, -0.06, -0.04, 0.01
2021-05-09 16:40:35.897293, 1620567635.8972933, 4.58, 0.81, 8.58, -0.05, -0.09, -0.08, 2.49, 1.01, 8.36, -0.05, -0.03, -0.03
2021-05-09 16:40:36.006851, 1620567636.0068514, 4.6, 0.81, 8.68, 0.0, -0.07, -0.04, 2.38, 0.9, 8.49, -0.02, -0.05, 0.0
2021-05-09 16:40:36.115918, 1620567636.1159182, 4.57, 0.83, 8.62, -0.01, -0.04, -0.02, 2.39, 0.88, 8.43, -0.05, -0.04, -0.01
2021-05-09 16:40:36.225434, 1620567636.2254343, 4.54, 0.86, 8.59, -0.04, -0.07, -0.04, 2.43, 0.95, 8.41, -0.07, -0.07, -0.03
2021-05-09 16:40:36.335826, 1620567636.3358262, 4.63, 0.9, 8.61, -0.02, -0.04, -0.02, 2.41, 0.99, 8.42, -0.06, -0.06, -0.02
2021-05-09 16:40:36.445188, 1620567636.4451883, 4.58, 0.91, 8.62, -0.04, -0.03, 0.0, 2.38, 0.93, 8.42, -0.08, -0.05, -0.02
2021-05-09 16:40:36.554174, 1620567636.5541747, 4.54, 0.78, 8.61, -0.03, -0.03, 0.0, 2.37, 0.9, 8.44, -0.07, -0.06, -0.0
2021-05-09 16:40:36.663735, 1620567636.6637359, 4.46, 0.79, 8.69, -0.05, -0.02, -0.02, 2.35, 0.88, 8.46, -0.08, -0.06, -0.01
2021-05-09 16:40:36.773895, 1620567636.7738953, 4.42, 0.79, 8.69, -0.05, -0.04, -0.01, 2.37, 0.91, 8.43, -0.07, -0.06, 0.0
2021-05-09 16:40:36.883689, 1620567636.8836892, 4.44, 0.83, 8.68, -0.03, -0.03, -0.02, 2.37, 0.91, 8.43, -0.06, -0.06, -0.01
2021-05-09 16:40:36.992484, 1620567636.9934816, 4.44, 0.78, 8.66, -0.03, -0.03, -0.01, 2.36, 0.89, 8.41, -0.06, -0.05, 0.0
2021-05-09 16:40:37.102634, 1620567637.102634, 4.42, 0.8, 8.67, -0.07, -0.03, -0.06, 2.35, 0.84, 8.42, -0.08, -0.04, -0.02
2021-05-09 16:40:37.211612, 1620567637.2126129, 4.31, 0.79, 8.73, -0.04, -0.04, -0.02, 2.28, 0.93, 8.43, -0.07, -0.04, -0.01
2021-05-09 16:40:37.321894, 1620567637.3218942, 4.32, 0.76, 8.75, -0.03, -0.05, -0.02, 2.24, 0.87, 8.45, -0.06, -0.05, -0.0
2021-05-09 16:40:37.431892, 1620567637.431893, 4.39, 0.8, 8.74, -0.04, -0.03, -0.03, 2.24, 0.85, 8.46, -0.07, -0.03, -0.02
2021-05-09 16:40:37.541162, 1620567637.5411623, 4.3, 0.73, 8.74, -0.05, -0.01, -0.05, 2.19, 0.83, 8.44, -0.08, -0.01, -0.04
2021-05-09 16:40:37.650535, 1620567637.6505353, 4.24, 0.83, 8.75, -0.02, 0.0, -0.05, 2.13, 0.86, 8.45, -0.06, 0.0, -0.03
2021-05-09 16:40:37.760120, 1620567637.7601204, 4.11, 0.87, 8.86, -0.02, 0.0, -0.02, 2.04, 0.86, 8.57, -0.06, 0.01, 0.01
2021-05-09 16:40:37.869702, 1620567637.8697026, 4.02, 0.83, 8.9, -0.02, -0.0, -0.04, 1.91, 0.91, 8.54, -0.05, 0.01, -0.01
2021-05-09 16:40:37.978707, 1620567637.9787073, 4.15, 0.85, 8.71, -0.01, 0.03, -0.03, 1.98, 0.89, 8.4, -0.03, 0.04, 0.04
2021-05-09 16:40:38.088636, 1620567638.0886366, 3.73, 0.95, 9.0, -0.03, 0.12, 0.03, 1.57, 0.84, 8.59, -0.06, 0.1, 0.1
2021-05-09 16:40:38.198599, 1620567638.1985996, 3.34, 0.7, 9.14, -0.04, 0.04, -0.05, 1.3, 0.47, 8.61, -0.09, 0.11, 0.04
2021-05-09 16:40:38.307349, 1620567638.3073494, 3.5, 1.2, 9.31, -0.06, 0.0, 0.01, 1.26, 1.21, 8.9, -0.09, 0.12, 0.03
2021-05-09 16:40:38.416964, 1620567638.4169648, 3.34, 1.07, 9.18, -0.03, -0.06, 0.02, 1.31, 1.02, 8.8, -0.06, 0.01, 0.13
2021-05-09 16:40:38.527172, 1620567638.5271723, 3.59, 0.89, 9.22, -0.02, -0.14, 0.12, 1.12, 0.8, 8.88, -0.07, -0.06, 0.31
2021-05-09 16:40:38.636746, 1620567638.6367464, 3.66, 0.82, 8.96, -0.02, -0.05, 0.23, 1.01, 0.63, 8.52, -0.15, -0.06, 0.35
2021-05-09 16:40:38.746321, 1620567638.7463214, 3.66, 0.54, 8.99, -0.03, 0.05, 0.19, 1.1, 0.35, 8.61, -0.15, 0.01, 0.22
2021-05-09 16:40:38.855892, 1620567638.8558922, 3.49, 0.64, 8.97, -0.08, 0.11, 0.02, 1.1, 0.62, 8.62, -0.14, 0.04, 0.06
2021-05-09 16:40:38.964951, 1620567638.9649518, 3.28, 0.71, 9.18, -0.02, 0.05, 0.01, 1.06, 0.62, 8.7, -0.06, 0.0, 0.04
2021-05-09 16:40:39.075050, 1620567639.0750506, 3.26, 0.68, 9.04, -0.02, -0.02, 0.0, 0.97, 0.56, 8.49, -0.06, -0.0, 0.05
2021-05-09 16:40:39.184685, 1620567639.1846857, 3.41, 0.64, 9.01, -0.02, -0.07, 0.02, 1.11, 0.49, 8.53, -0.06, -0.04, 0.06
2021-05-09 16:40:39.294224, 1620567639.2942245, 3.51, 0.62, 8.98, -0.02, -0.14, -0.01, 1.24, 0.44, 8.55, -0.04, -0.18, -0.02
2021-05-09 16:40:39.403817, 1620567639.4038174, 3.58, 0.74, 9.05, -0.02, -0.1, -0.08, 1.17, 0.6, 8.6, -0.03, -0.13, -0.07
2021-05-09 16:40:39.513373, 1620567639.5133734, 3.36, 0.88, 9.1, -0.01, -0.06, -0.06, 0.95, 0.67, 8.63, -0.04, -0.07, -0.02
2021-05-09 16:40:39.623235, 1620567639.623235, 3.33, 0.9, 9.14, -0.03, -0.08, -0.02, 0.97, 0.68, 8.64, -0.05, -0.08, -0.0
2021-05-09 16:40:39.732555, 1620567639.7325552, 3.38, 0.81, 9.08, -0.03, -0.07, 0.01, 1.02, 0.6, 8.62, -0.06, -0.09, 0.02
2021-05-09 16:40:39.841852, 1620567639.8418524, 3.37, 0.79, 9.14, -0.05, -0.07, -0.02, 1.06, 0.59, 8.61, -0.07, -0.07, -0.0
2021-05-09 16:40:39.951521, 1620567639.9515219, 3.42, 0.83, 9.1, -0.05, -0.07, -0.02, 1.08, 0.62, 8.63, -0.07, -0.09, -0.01
2021-05-09 16:40:40.061426, 1620567640.0614264, 3.42, 0.77, 9.07, -0.05, -0.08, -0.03, 1.09, 0.6, 8.58, -0.06, -0.08, -0.02
2021-05-09 16:40:40.171188, 1620567640.171188, 3.48, 0.8, 9.07, -0.05, -0.07, -0.02, 1.07, 0.65, 8.59, -0.07, -0.09, -0.02
2021-05-09 16:40:40.280644, 1620567640.2806442, 3.44, 0.78, 9.05, -0.05, -0.04, -0.02, 1.04, 0.6, 8.57, -0.07, -0.05, 0.01
2021-05-09 16:40:40.389986, 1620567640.3899863, 3.38, 0.77, 9.1, -0.04, -0.07, -0.01, 1.1, 0.54, 8.59, -0.07, -0.05, 0.02
2021-05-09 16:40:40.499887, 1620567640.4998877, 3.45, 0.75, 9.1, -0.05, -0.09, -0.01, 1.16, 0.56, 8.67, -0.07, -0.07, -0.0
2021-05-09 16:40:40.609420, 1620567640.6094208, 3.46, 0.7, 9.11, -0.06, -0.15, -0.01, 1.17, 0.52, 8.68, -0.07, -0.11, -0.0
2021-05-09 16:40:40.719086, 1620567640.7190862, 3.6, 0.73, 9.02, -0.06, -0.18, -0.02, 1.19, 0.59, 8.59, -0.07, -0.11, -0.01
2021-05-09 16:40:40.828472, 1620567640.8284726, 3.76, 0.72, 8.94, -0.05, -0.16, -0.03, 1.19, 0.57, 8.55, -0.06, -0.08, -0.01
2021-05-09 16:40:40.938349, 1620567640.9383492, 3.83, 0.74, 8.93, -0.04, -0.14, -0.02, 1.2, 0.56, 8.56, -0.06, -0.08, -0.01
2021-05-09 16:40:41.047620, 1620567641.0476205, 3.86, 0.74, 8.95, -0.04, -0.1, -0.01, 1.19, 0.62, 8.61, -0.07, -0.07, -0.01
2021-05-09 16:40:41.157266, 1620567641.1572661, 3.89, 0.72, 8.92, -0.04, -0.08, -0.02, 1.19, 0.6, 8.63, -0.07, -0.06, -0.01
2021-05-09 16:40:41.266703, 1620567641.2667036, 3.9, 0.7, 8.89, -0.04, -0.07, -0.01, 1.24, 0.54, 8.6, -0.07, -0.06, -0.01
2021-05-09 16:40:41.376334, 1620567641.3763342, 3.86, 0.69, 8.94, -0.05, -0.07, -0.02, 1.22, 0.56, 8.62, -0.07, -0.06, -0.02
2021-05-09 16:40:41.486164, 1620567641.4861646, 3.92, 0.71, 8.91, -0.04, -0.07, -0.02, 1.16, 0.54, 8.6, -0.07, -0.06, -0.02
2021-05-09 16:40:41.594966, 1620567641.594967, 3.88, 0.72, 8.9, -0.03, -0.05, -0.01, 1.15, 0.57, 8.6, -0.07, -0.05, 0.0
2021-05-09 16:40:41.705183, 1620567641.7051837, 3.91, 0.67, 8.91, -0.04, -0.06, -0.01, 1.18, 0.53, 8.6, -0.07, -0.07, -0.0
2021-05-09 16:40:41.814037, 1620567641.8150346, 3.89, 0.67, 8.91, -0.04, -0.06, -0.02, 1.16, 0.54, 8.6, -0.06, -0.06, -0.01
2021-05-09 16:40:41.924518, 1620567641.9245186, 3.89, 0.69, 8.93, -0.03, -0.07, -0.01, 1.17, 0.55, 8.61, -0.06, -0.07, -0.0
2021-05-09 16:40:42.033853, 1620567642.0338538, 3.91, 0.71, 8.92, -0.03, -0.05, -0.01, 1.11, 0.57, 8.63, -0.06, -0.07, 0.0
2021-05-09 16:40:42.142785, 1620567642.1427858, 3.88, 0.74, 8.93, -0.01, -0.0, -0.0, 1.13, 0.58, 8.65, -0.06, -0.03, 0.03
2021-05-09 16:40:42.252719, 1620567642.2527196, 3.79, 0.79, 8.94, -0.01, 0.0, 0.0, 1.13, 0.57, 8.59, -0.05, -0.04, 0.05
2021-05-09 16:40:42.362590, 1620567642.362591, 3.77, 0.71, 8.95, -0.03, -0.01, -0.0, 1.12, 0.5, 8.57, -0.05, -0.04, 0.04
2021-05-09 16:40:42.472139, 1620567642.4721396, 3.68, 0.74, 9.0, -0.04, -0.0, -0.03, 1.12, 0.54, 8.61, -0.06, -0.02, 0.0
2021-05-09 16:40:42.581719, 1620567642.5817199, 3.62, 0.79, 9.03, -0.04, -0.02, -0.03, 1.04, 0.56, 8.64, -0.05, -0.05, -0.01
2021-05-09 16:40:42.691612, 1620567642.6916127, 3.56, 0.82, 9.06, -0.03, -0.05, -0.02, 1.01, 0.63, 8.61, -0.05, -0.06, -0.0
2021-05-09 16:40:42.800986, 1620567642.8009868, 3.61, 0.82, 9.02, -0.03, -0.06, -0.01, 1.05, 0.62, 8.61, -0.06, -0.07, 0.01
2021-05-09 16:40:42.910461, 1620567642.9104614, 3.62, 0.83, 9.01, -0.03, -0.07, -0.01, 1.05, 0.64, 8.61, -0.06, -0.06, 0.01
2021-05-09 16:40:43.020033, 1620567643.0200338, 3.62, 0.82, 9.03, -0.03, -0.06, -0.02, 1.02, 0.61, 8.63, -0.06, -0.06, -0.0
2021-05-09 16:40:43.129618, 1620567643.1296184, 3.59, 0.8, 9.05, -0.04, -0.06, -0.02, 1.03, 0.57, 8.63, -0.07, -0.06, -0.01
2021-05-09 16:40:43.239191, 1620567643.2391918, 3.6, 0.83, 9.02, -0.04, -0.06, -0.02, 1.04, 0.62, 8.62, -0.07, -0.06, -0.01
2021-05-09 16:40:43.348765, 1620567643.348765, 3.6, 0.8, 9.03, -0.04, -0.05, -0.02, 1.02, 0.63, 8.62, -0.06, -0.06, -0.01
2021-05-09 16:40:43.458571, 1620567643.458571, 3.59, 0.82, 9.03, -0.03, -0.05, -0.02, 1.04, 0.61, 8.62, -0.06, -0.06, -0.01
2021-05-09 16:40:43.568101, 1620567643.568102, 3.61, 0.83, 9.0, -0.04, -0.05, -0.01, 1.0, 0.62, 8.59, -0.07, -0.06, -0.01
2021-05-09 16:40:43.677513, 1620567643.6775131, 3.54, 0.84, 9.06, -0.03, -0.05, -0.02, 0.99, 0.62, 8.65, -0.06, -0.05, -0.01
2021-05-09 16:40:43.787118, 1620567643.787119, 3.56, 0.83, 9.03, -0.03, -0.05, -0.02, 0.99, 0.61, 8.64, -0.06, -0.06, -0.01
2021-05-09 16:40:43.896662, 1620567643.8966625, 3.51, 0.85, 9.07, -0.03, -0.04, -0.02, 0.96, 0.64, 8.66, -0.06, -0.04, 0.0
2021-05-09 16:40:44.006243, 1620567644.0062432, 3.48, 0.82, 9.1, -0.03, -0.03, -0.02, 0.88, 0.6, 8.62, -0.06, -0.03, 0.0
2021-05-09 16:40:44.115835, 1620567644.1158354, 3.5, 0.87, 9.09, -0.03, -0.04, -0.02, 0.88, 0.65, 8.63, -0.06, -0.01, 0.0
2021-05-09 16:40:44.225393, 1620567644.2253928, 3.43, 0.87, 9.05, -0.03, -0.04, -0.01, 0.84, 0.65, 8.61, -0.07, -0.03, 0.02
2021-05-09 16:40:44.335054, 1620567644.3350549, 3.45, 0.84, 9.11, -0.04, -0.05, -0.02, 0.83, 0.6, 8.66, -0.07, -0.06, -0.0
2021-05-09 16:40:44.444445, 1620567644.4444454, 3.43, 0.83, 9.07, -0.04, -0.06, -0.02, 0.79, 0.62, 8.6, -0.06, -0.07, -0.0
2021-05-09 16:40:44.553979, 1620567644.5539799, 3.4, 0.88, 9.11, -0.03, -0.08, -0.01, 0.8, 0.63, 8.66, -0.06, -0.08, 0.01
2021-05-09 16:40:44.662992, 1620567644.6629925, 3.47, 0.85, 9.06, -0.03, -0.08, -0.01, 0.84, 0.64, 8.6, -0.05, -0.08, 0.0
2021-05-09 16:40:44.773510, 1620567644.773511, 3.48, 0.87, 9.08, -0.03, -0.07, -0.02, 0.89, 0.66, 8.62, -0.05, -0.08, -0.01
2021-05-09 16:40:44.883029, 1620567644.8830297, 3.52, 0.9, 9.04, -0.03, -0.07, -0.01, 0.9, 0.67, 8.61, -0.06, -0.08, -0.0
2021-05-09 16:40:44.992757, 1620567644.9927573, 3.47, 0.87, 9.06, -0.03, -0.06, -0.01, 0.88, 0.65, 8.65, -0.06, -0.07, -0.01
2021-05-09 16:40:45.102120, 1620567645.1021206, 3.51, 0.9, 9.04, -0.04, -0.07, -0.02, 0.89, 0.66, 8.6, -0.06, -0.08, -0.02
2021-05-09 16:40:45.211804, 1620567645.2118046, 3.45, 0.9, 9.09, -0.03, -0.06, -0.01, 0.85, 0.68, 8.63, -0.06, -0.05, -0.01
2021-05-09 16:40:45.321034, 1620567645.3210347, 3.47, 0.88, 9.09, -0.03, -0.06, -0.01, 0.84, 0.64, 8.63, -0.06, -0.06, 0.0
2021-05-09 16:40:45.430999, 1620567645.430999, 3.46, 0.9, 9.07, -0.04, -0.07, -0.02, 0.87, 0.65, 8.61, -0.07, -0.07, -0.0
2021-05-09 16:40:45.540365, 1620567645.540365, 3.51, 0.89, 9.05, -0.05, -0.07, -0.02, 0.87, 0.7, 8.61, -0.07, -0.07, -0.0
2021-05-09 16:40:45.649743, 1620567645.6497433, 3.46, 0.91, 9.08, -0.04, -0.06, -0.01, 0.86, 0.7, 8.64, -0.07, -0.06, 0.0
2021-05-09 16:40:45.759354, 1620567645.7593546, 3.48, 0.88, 9.08, -0.04, -0.06, -0.01, 0.87, 0.66, 8.64, -0.06, -0.07, 0.0
2021-05-09 16:40:45.869099, 1620567645.8690994, 3.48, 0.88, 9.06, -0.04, -0.06, -0.02, 0.87, 0.66, 8.65, -0.07, -0.06, -0.0
2021-05-09 16:40:45.978490, 1620567645.9784906, 3.48, 0.89, 9.07, -0.04, -0.06, -0.01, 0.86, 0.65, 8.62, -0.07, -0.06, 0.0
2021-05-09 16:40:46.088059, 1620567646.0880594, 3.49, 0.85, 9.05, -0.04, -0.07, -0.01, 0.85, 0.66, 8.59, -0.07, -0.07, 0.01
2021-05-09 16:40:46.197598, 1620567646.1975987, 3.52, 0.84, 9.02, -0.05, -0.07, -0.02, 0.85, 0.65, 8.6, -0.07, -0.06, -0.0
2021-05-09 16:40:46.306606, 1620567646.306606, 3.49, 0.86, 9.06, -0.04, -0.05, -0.01, 0.87, 0.66, 8.6, -0.07, -0.06, 0.0
2021-05-09 16:40:46.416805, 1620567646.416805, 3.43, 0.84, 9.1, -0.04, -0.06, -0.0, 0.86, 0.62, 8.65, -0.07, -0.06, 0.01
2021-05-09 16:40:46.526764, 1620567646.5267649, 3.52, 0.81, 9.08, -0.04, -0.07, -0.01, 0.87, 0.58, 8.63, -0.07, -0.07, -0.0
2021-05-09 16:40:46.636261, 1620567646.6362612, 3.52, 0.81, 9.06, -0.04, -0.06, -0.02, 0.86, 0.64, 8.65, -0.07, -0.07, -0.01
2021-05-09 16:40:46.745498, 1620567646.7454984, 3.52, 0.87, 9.04, -0.04, -0.06, -0.02, 0.87, 0.67, 8.6, -0.06, -0.07, -0.0
2021-05-09 16:40:46.855222, 1620567646.8552222, 3.51, 0.85, 9.04, -0.03, -0.08, -0.0, 0.85, 0.61, 8.61, -0.06, -0.07, 0.01
2021-05-09 16:40:46.964896, 1620567646.9648967, 3.51, 0.84, 9.07, -0.04, -0.06, -0.01, 0.85, 0.58, 8.62, -0.07, -0.06, -0.0
2021-05-09 16:40:47.074267, 1620567647.0742679, 3.52, 0.85, 9.06, -0.04, -0.06, -0.01, 0.85, 0.62, 8.63, -0.07, -0.07, -0.0
2021-05-09 16:40:47.184145, 1620567647.184146, 3.52, 0.85, 9.11, -0.04, -0.07, 0.01, 0.86, 0.61, 8.64, -0.06, -0.07, 0.0
2021-05-09 16:40:47.293407, 1620567647.2934072, 3.56, 0.82, 9.03, -0.05, -0.08, 0.01, 0.85, 0.6, 8.59, -0.08, -0.07, 0.01
2021-05-09 16:40:47.403012, 1620567647.4030125, 3.58, 0.77, 9.05, -0.04, -0.07, -0.01, 0.89, 0.57, 8.63, -0.07, -0.06, 0.01
2021-05-09 16:40:47.512787, 1620567647.512788, 3.52, 0.8, 9.05, -0.03, -0.06, -0.01, 0.86, 0.57, 8.64, -0.06, -0.06, 0.01
2021-05-09 16:40:47.622142, 1620567647.6221428, 3.56, 0.8, 9.07, -0.04, -0.07, -0.02, 0.86, 0.57, 8.64, -0.06, -0.06, -0.01
2021-05-09 16:40:47.732146, 1620567647.732147, 3.56, 0.81, 9.06, -0.04, -0.06, -0.03, 0.85, 0.59, 8.65, -0.07, -0.06, -0.03
2021-05-09 16:40:47.841361, 1620567647.841362, 3.56, 0.81, 9.06, -0.04, -0.05, -0.02, 0.86, 0.59, 8.63, -0.07, -0.06, -0.03
2021-05-09 16:40:47.951232, 1620567647.9512322, 3.55, 0.84, 9.04, -0.04, -0.04, -0.01, 0.86, 0.61, 8.62, -0.07, -0.04, -0.01
2021-05-09 16:40:48.060533, 1620567648.0605333, 3.51, 0.82, 9.0, -0.04, -0.05, 0.01, 0.81, 0.59, 8.57, -0.07, -0.05, 0.0
2021-05-09 16:40:48.169491, 1620567648.1694913, 3.53, 0.81, 9.03, -0.03, -0.04, -0.01, 0.81, 0.59, 8.63, -0.06, -0.05, -0.01
2021-05-09 16:40:48.279607, 1620567648.2796075, 3.48, 0.83, 9.07, -0.04, -0.06, -0.02, 0.81, 0.6, 8.65, -0.06, -0.06, -0.0
2021-05-09 16:40:48.389189, 1620567648.38919, 3.51, 0.82, 9.03, -0.04, -0.05, -0.02, 0.81, 0.61, 8.61, -0.07, -0.05, -0.0
2021-05-09 16:40:48.498158, 1620567648.499154, 3.42, 0.85, 9.08, -0.05, -0.05, -0.02, 0.74, 0.6, 8.64, -0.07, -0.06, -0.0
2021-05-09 16:40:48.608358, 1620567648.6083581, 3.46, 0.82, 9.07, -0.05, -0.06, -0.01, 0.75, 0.59, 8.65, -0.07, -0.07, 0.0
2021-05-09 16:40:48.718030, 1620567648.71803, 3.44, 0.77, 9.11, -0.05, -0.07, -0.02, 0.77, 0.56, 8.65, -0.07, -0.07, -0.01
2021-05-09 16:40:48.827518, 1620567648.8275185, 3.45, 0.76, 9.08, -0.05, -0.07, -0.01, 0.79, 0.58, 8.61, -0.07, -0.07, -0.0
2021-05-09 16:40:48.937201, 1620567648.9372017, 3.45, 0.76, 9.1, -0.04, -0.08, -0.01, 0.77, 0.54, 8.65, -0.07, -0.08, 0.0
2021-05-09 16:40:49.046675, 1620567649.046675, 3.46, 0.74, 9.08, -0.05, -0.07, -0.01, 0.8, 0.5, 8.65, -0.07, -0.08, -0.0
2021-05-09 16:40:49.156226, 1620567649.1562264, 3.5, 0.75, 9.1, -0.04, -0.08, -0.01, 0.81, 0.54, 8.63, -0.07, -0.08, -0.0
2021-05-09 16:40:49.265809, 1620567649.2658098, 3.48, 0.74, 9.05, -0.04, -0.08, -0.01, 0.8, 0.55, 8.61, -0.06, -0.08, 0.01
2021-05-09 16:40:49.375384, 1620567649.3753846, 3.53, 0.74, 9.08, -0.04, -0.08, -0.01, 0.86, 0.51, 8.63, -0.06, -0.09, 0.0
2021-05-09 16:40:49.485059, 1620567649.485059, 3.57, 0.73, 9.04, -0.03, -0.07, -0.01, 0.88, 0.53, 8.62, -0.07, -0.08, 0.01
2021-05-09 16:40:49.594558, 1620567649.5945585, 3.54, 0.75, 9.02, -0.03, -0.08, -0.01, 0.87, 0.54, 8.63, -0.06, -0.07, 0.0
2021-05-09 16:40:49.703913, 1620567649.7039135, 3.61, 0.75, 9.03, -0.03, -0.08, -0.01, 0.9, 0.54, 8.62, -0.07, -0.07, 0.0
2021-05-09 16:40:49.813370, 1620567649.8133705, 3.62, 0.76, 9.01, -0.03, -0.1, -0.01, 0.94, 0.55, 8.65, -0.07, -0.09, -0.0
2021-05-09 16:40:49.923067, 1620567649.923067, 3.62, 0.74, 9.04, -0.04, -0.12, -0.03, 0.94, 0.53, 8.64, -0.06, -0.1, -0.01
2021-05-09 16:40:50.032942, 1620567650.0329425, 3.66, 0.76, 9.05, -0.06, -0.2, -0.02, 1.02, 0.48, 8.71, -0.07, -0.14, -0.03
2021-05-09 16:40:50.141856, 1620567650.1428099, 3.83, 0.79, 8.99, -0.06, -0.29, 0.03, 1.18, 0.54, 8.66, -0.08, -0.21, -0.01
2021-05-09 16:40:50.252069, 1620567650.25207, 3.9, 0.67, 8.89, -0.07, -0.35, 0.02, 1.32, 0.45, 8.69, -0.08, -0.25, -0.06
2021-05-09 16:40:50.362008, 1620567650.3620086, 4.33, 0.62, 8.61, -0.11, -0.38, -0.03, 1.44, 0.52, 8.54, -0.13, -0.33, -0.12
2021-05-09 16:40:50.471331, 1620567650.4713311, 4.78, 0.68, 8.49, -0.08, -0.38, 0.04, 1.72, 0.49, 8.5, -0.13, -0.36, -0.07
2021-05-09 16:40:50.580932, 1620567650.5809321, 5.15, 0.46, 8.22, -0.08, -0.35, 0.03, 2.1, 0.3, 8.35, -0.09, -0.36, -0.03
2021-05-09 16:40:50.690570, 1620567650.6905706, 5.54, 0.35, 8.25, -0.03, -0.22, 0.07, 2.39, 0.33, 8.51, -0.08, -0.26, 0.01
2021-05-09 16:40:50.800536, 1620567650.8005366, 5.41, 0.24, 8.11, -0.05, -0.17, -0.01, 2.52, 0.17, 8.29, -0.07, -0.21, -0.04
2021-05-09 16:40:50.910023, 1620567650.9100235, 5.76, 0.37, 8.12, -0.07, -0.12, -0.05, 2.76, 0.41, 8.36, -0.07, -0.15, -0.07
2021-05-09 16:40:51.019691, 1620567651.0196912, 5.59, 0.33, 8.15, -0.03, -0.04, -0.02, 2.72, 0.37, 8.39, -0.05, -0.04, -0.01
2021-05-09 16:40:51.129008, 1620567651.1290083, 5.39, 0.47, 8.14, -0.01, -0.03, -0.02, 2.64, 0.41, 8.39, -0.04, -0.03, 0.01
2021-05-09 16:40:51.238793, 1620567651.238793, 5.41, 0.52, 8.19, -0.03, -0.04, -0.03, 2.65, 0.45, 8.43, -0.05, -0.04, -0.01
2021-05-09 16:40:51.348320, 1620567651.3483205, 5.38, 0.53, 8.14, -0.03, -0.05, -0.03, 2.64, 0.46, 8.4, -0.06, -0.05, -0.01
2021-05-09 16:40:51.457727, 1620567651.4577274, 5.41, 0.51, 8.17, -0.04, -0.06, -0.01, 2.64, 0.47, 8.41, -0.07, -0.06, 0.0
2021-05-09 16:40:51.567487, 1620567651.5674872, 5.41, 0.43, 8.17, -0.04, -0.05, -0.01, 2.6, 0.37, 8.41, -0.06, -0.05, 0.01
2021-05-09 16:40:51.677008, 1620567651.6770084, 5.39, 0.45, 8.21, -0.04, -0.05, -0.02, 2.61, 0.38, 8.42, -0.06, -0.05, 0.01
2021-05-09 16:40:51.786458, 1620567651.7864583, 5.38, 0.51, 8.22, -0.04, -0.05, -0.03, 2.59, 0.48, 8.43, -0.06, -0.05, -0.01
2021-05-09 16:40:51.896024, 1620567651.896024, 5.37, 0.53, 8.14, -0.03, -0.06, -0.02, 2.58, 0.49, 8.38, -0.06, -0.06, -0.0
2021-05-09 16:40:52.005608, 1620567652.0056088, 5.4, 0.53, 8.2, -0.02, -0.06, -0.01, 2.55, 0.48, 8.42, -0.06, -0.06, 0.01
2021-05-09 16:40:52.115268, 1620567652.115269, 5.35, 0.5, 8.21, -0.03, -0.04, -0.01, 2.54, 0.42, 8.43, -0.07, -0.06, 0.01
2021-05-09 16:40:52.224935, 1620567652.2249355, 5.38, 0.49, 8.24, -0.04, -0.03, -0.01, 2.52, 0.43, 8.44, -0.07, -0.05, -0.0
2021-05-09 16:40:52.333689, 1620567652.333689, 5.44, 0.53, 8.29, -0.01, 0.04, -0.0, 2.43, 0.53, 8.47, -0.07, 0.02, 0.03
2021-05-09 16:40:52.443772, 1620567652.4437726, 5.17, 0.53, 8.38, 0.01, 0.13, -0.0, 2.3, 0.4, 8.51, -0.06, 0.11, 0.04
2021-05-09 16:40:52.553336, 1620567652.5533366, 4.95, 0.56, 8.49, 0.01, 0.17, -0.02, 2.08, 0.43, 8.55, -0.05, 0.14, 0.06
2021-05-09 16:40:52.662430, 1620567652.6624303, 4.66, 0.58, 8.55, 0.02, 0.16, -0.01, 1.92, 0.38, 8.53, -0.04, 0.14, 0.08
2021-05-09 16:40:52.772704, 1620567652.772704, 4.48, 0.67, 8.58, 0.02, 0.16, -0.0, 1.75, 0.47, 8.5, -0.04, 0.11, 0.08
2021-05-09 16:40:52.882104, 1620567652.8821042, 4.22, 0.71, 8.75, -0.01, 0.14, -0.0, 1.59, 0.39, 8.62, -0.04, 0.08, 0.07
2021-05-09 16:40:52.991620, 1620567652.9916205, 4.14, 0.75, 8.76, -0.01, 0.09, -0.01, 1.5, 0.48, 8.56, -0.04, 0.05, 0.06
2021-05-09 16:40:53.101452, 1620567653.1014528, 3.94, 0.81, 8.91, -0.03, 0.06, -0.02, 1.33, 0.49, 8.61, -0.05, 0.04, 0.04
