human_time, computer_time, x_acc_1, y_acc_1, z_acc_1, x_gyro_1, y_gyro_1, z_gyro_1, x_acc_2, y_acc_2, z_acc_2, x_gyro_2, y_gyro_2, z_gyro_2
2021-05-09 16:43:38.899041, 1620567818.8990417, 2.71, 1.33, 9.08, -0.11, 0.03, -0.17, -0.6, 1.13, 8.47, -0.08, -0.01, -0.17
2021-05-09 16:43:39.008552, 1620567819.0085528, 2.53, 1.36, 9.4, -0.14, -0.03, -0.2, -0.77, 1.14, 8.74, -0.1, -0.05, -0.24
2021-05-09 16:43:39.118620, 1620567819.11862, 2.87, 1.85, 9.16, -0.05, -0.09, -0.15, -0.62, 1.64, 8.45, -0.02, -0.12, -0.15
2021-05-09 16:43:39.227883, 1620567819.2278838, 2.38, 1.81, 9.21, 0.02, -0.02, 0.03, -0.97, 1.62, 8.4, -0.04, 0.02, 0.04
2021-05-09 16:43:39.337678, 1620567819.3376784, 2.9, 1.48, 9.6, 0.08, -0.03, 0.08, -0.58, 0.98, 9.05, -0.01, -0.06, 0.14
2021-05-09 16:43:39.446877, 1620567819.4468777, 2.74, 1.22, 9.21, 0.04, -0.02, 0.06, -0.55, 0.95, 8.59, -0.01, 0.0, 0.1
2021-05-09 16:43:39.556566, 1620567819.556566, 2.76, 1.04, 9.17, -0.04, -0.07, 0.01, -0.6, 0.79, 8.46, -0.06, -0.07, 0.01
2021-05-09 16:43:39.666349, 1620567819.6663492, 2.69, 1.19, 9.28, -0.04, -0.05, -0.0, -0.7, 0.91, 8.55, -0.07, -0.03, 0.01
2021-05-09 16:43:39.775896, 1620567819.7758963, 2.7, 1.05, 9.25, -0.06, -0.05, -0.0, -0.73, 0.72, 8.56, -0.09, -0.04, 0.0
2021-05-09 16:43:39.886740, 1620567819.8867407, 2.66, 0.94, 9.3, -0.06, -0.05, 0.01, -0.76, 0.7, 8.6, -0.09, -0.05, 0.01
2021-05-09 16:43:39.994876, 1620567819.9948764, 2.62, 0.95, 9.33, -0.06, -0.05, -0.01, -0.81, 0.7, 8.57, -0.09, -0.05, -0.0
2021-05-09 16:43:40.104487, 1620567820.104488, 2.69, 0.9, 9.25, -0.04, -0.06, -0.01, -0.76, 0.65, 8.56, -0.08, -0.06, -0.0
2021-05-09 16:43:40.213791, 1620567820.213792, 2.59, 1.06, 9.31, -0.05, -0.06, 0.02, -0.79, 0.77, 8.61, -0.08, -0.08, 0.01
2021-05-09 16:43:40.323514, 1620567820.3235142, 2.72, 0.99, 9.22, -0.05, -0.05, 0.03, -0.69, 0.77, 8.51, -0.1, -0.08, 0.03
2021-05-09 16:43:40.433237, 1620567820.4332373, 2.68, 0.93, 9.29, -0.03, -0.04, 0.03, -0.69, 0.66, 8.56, -0.09, -0.06, 0.04
2021-05-09 16:43:40.542683, 1620567820.5426834, 2.68, 0.91, 9.23, -0.02, -0.0, 0.02, -0.76, 0.71, 8.52, -0.08, -0.02, 0.05
2021-05-09 16:43:40.652529, 1620567820.65253, 2.52, 0.95, 9.32, -0.02, -0.02, 0.0, -0.81, 0.58, 8.56, -0.06, -0.01, 0.03
2021-05-09 16:43:40.761784, 1620567820.7617846, 2.61, 1.01, 9.3, -0.02, 0.0, -0.0, -0.76, 0.74, 8.59, -0.06, -0.02, 0.02
2021-05-09 16:43:40.871673, 1620567820.8716738, 2.52, 1.03, 9.34, -0.06, 0.02, -0.02, -0.85, 0.66, 8.56, -0.09, -0.01, -0.01
2021-05-09 16:43:40.980933, 1620567820.9809334, 2.4, 0.85, 9.39, -0.04, -0.04, 0.03, -0.92, 0.82, 8.56, -0.07, -0.05, 0.03
2021-05-09 16:43:41.090680, 1620567821.0906801, 2.4, 0.94, 9.42, -0.02, -0.06, -0.02, -0.97, 0.61, 8.63, -0.05, -0.06, 0.0
2021-05-09 16:43:41.200380, 1620567821.200381, 2.41, 0.99, 9.34, -0.05, -0.06, -0.05, -0.97, 0.67, 8.54, -0.06, -0.06, -0.05
2021-05-09 16:43:41.309975, 1620567821.3099754, 2.42, 0.93, 9.36, -0.06, -0.07, -0.05, -0.92, 0.8, 8.54, -0.07, -0.05, -0.05
2021-05-09 16:43:41.419741, 1620567821.4197414, 2.47, 0.92, 9.31, -0.03, -0.07, -0.02, -0.93, 0.67, 8.52, -0.05, -0.06, 0.0
2021-05-09 16:43:41.529016, 1620567821.5290165, 2.46, 0.92, 9.28, -0.04, -0.06, -0.04, -0.97, 0.69, 8.46, -0.07, -0.05, -0.02
2021-05-09 16:43:41.639714, 1620567821.6397145, 2.46, 0.92, 9.33, -0.03, -0.05, -0.02, -0.95, 0.68, 8.55, -0.06, -0.05, 0.01
2021-05-09 16:43:41.747809, 1620567821.7478096, 2.36, 0.97, 9.38, -0.05, -0.07, -0.01, -1.05, 0.68, 8.55, -0.07, -0.07, 0.01
2021-05-09 16:43:41.857734, 1620567821.8577344, 2.46, 0.99, 9.31, -0.04, -0.08, -0.01, -0.99, 0.72, 8.5, -0.07, -0.07, 0.01
2021-05-09 16:43:41.967303, 1620567821.9673035, 2.38, 0.85, 9.39, -0.04, -0.06, -0.01, -1.03, 0.66, 8.57, -0.07, -0.07, 0.0
2021-05-09 16:43:42.076935, 1620567822.0769358, 2.42, 0.9, 9.36, -0.03, -0.08, -0.01, -1.0, 0.68, 8.54, -0.07, -0.07, 0.01
2021-05-09 16:43:42.186556, 1620567822.186556, 2.52, 0.93, 9.29, -0.03, -0.08, -0.0, -0.98, 0.65, 8.48, -0.06, -0.08, 0.02
2021-05-09 16:43:42.296104, 1620567822.2961047, 2.43, 0.91, 9.36, -0.03, -0.07, -0.0, -1.0, 0.66, 8.54, -0.06, -0.07, 0.01
2021-05-09 16:43:42.405924, 1620567822.4059246, 2.44, 0.91, 9.38, -0.03, -0.1, -0.01, -1.0, 0.65, 8.57, -0.06, -0.08, -0.0
2021-05-09 16:43:42.515520, 1620567822.5155206, 2.59, 0.92, 9.28, -0.03, -0.09, -0.01, -0.92, 0.68, 8.51, -0.06, -0.08, -0.0
2021-05-09 16:43:42.624889, 1620567822.6248891, 2.53, 0.93, 9.31, -0.03, -0.06, -0.01, -0.94, 0.69, 8.53, -0.06, -0.07, -0.0
2021-05-09 16:43:42.734522, 1620567822.7345226, 2.54, 0.91, 9.28, -0.03, -0.06, -0.02, -0.95, 0.7, 8.49, -0.06, -0.07, -0.01
2021-05-09 16:43:42.844251, 1620567822.8442519, 2.5, 0.96, 9.33, -0.02, -0.05, -0.03, -0.94, 0.72, 8.55, -0.05, -0.06, -0.01
2021-05-09 16:43:42.953774, 1620567822.9537745, 2.47, 0.94, 9.39, -0.03, -0.05, -0.03, -1.0, 0.65, 8.6, -0.06, -0.06, -0.01
2021-05-09 16:43:43.063398, 1620567823.0633984, 2.52, 0.94, 9.33, -0.02, -0.07, -0.02, -0.96, 0.69, 8.54, -0.06, -0.07, -0.01
2021-05-09 16:43:43.172932, 1620567823.1729329, 2.51, 1.01, 9.32, -0.03, -0.06, -0.03, -0.97, 0.72, 8.53, -0.05, -0.06, -0.01
2021-05-09 16:43:43.282446, 1620567823.2824461, 2.47, 1.03, 9.34, -0.02, -0.06, -0.03, -1.02, 0.77, 8.53, -0.05, -0.06, -0.01
2021-05-09 16:43:43.391941, 1620567823.391941, 2.48, 1.01, 9.33, -0.02, -0.06, -0.02, -1.0, 0.76, 8.53, -0.06, -0.06, -0.0
2021-05-09 16:43:43.501130, 1620567823.5011306, 2.51, 1.04, 9.31, -0.02, -0.06, -0.01, -0.99, 0.78, 8.54, -0.06, -0.06, 0.01
2021-05-09 16:43:43.611189, 1620567823.61119, 2.52, 1.07, 9.31, -0.01, -0.04, -0.03, -0.99, 0.77, 8.51, -0.06, -0.05, 0.01
2021-05-09 16:43:43.720744, 1620567823.7207441, 2.49, 1.09, 9.27, -0.0, 0.0, -0.02, -0.98, 0.86, 8.46, -0.06, -0.04, 0.01
2021-05-09 16:43:43.830309, 1620567823.8303099, 2.35, 1.1, 9.38, -0.02, -0.01, -0.03, -1.09, 0.84, 8.57, -0.06, -0.04, 0.0
2021-05-09 16:43:43.939934, 1620567823.9399347, 2.32, 1.05, 9.39, 0.0, -0.03, -0.02, -1.06, 0.79, 8.54, -0.04, -0.05, 0.02
2021-05-09 16:43:44.049748, 1620567824.0497487, 2.31, 1.08, 9.39, -0.03, -0.05, -0.04, -1.09, 0.79, 8.54, -0.06, -0.07, -0.01
2021-05-09 16:43:44.159036, 1620567824.159036, 2.31, 1.15, 9.37, -0.04, -0.06, -0.0, -1.07, 0.89, 8.5, -0.07, -0.07, 0.01
2021-05-09 16:43:44.268880, 1620567824.2688801, 2.36, 1.08, 9.35, -0.04, -0.06, -0.01, -1.04, 0.78, 8.5, -0.08, -0.07, -0.01
2021-05-09 16:43:44.378496, 1620567824.3784962, 2.37, 1.02, 9.36, -0.03, -0.06, -0.02, -1.03, 0.8, 8.49, -0.07, -0.07, -0.0
2021-05-09 16:43:44.488358, 1620567824.4883583, 2.32, 1.01, 9.37, -0.02, -0.06, -0.04, -1.06, 0.78, 8.54, -0.06, -0.05, -0.01
2021-05-09 16:43:44.597648, 1620567824.597648, 2.39, 1.13, 9.36, -0.01, -0.08, -0.03, -1.07, 0.82, 8.55, -0.05, -0.08, -0.02
2021-05-09 16:43:44.706556, 1620567824.7075539, 2.43, 1.08, 9.32, -0.03, -0.06, -0.03, -0.98, 0.83, 8.5, -0.06, -0.08, -0.03
2021-05-09 16:43:44.816669, 1620567824.8166692, 2.41, 1.1, 9.29, -0.02, -0.06, -0.03, -1.01, 0.76, 8.51, -0.05, -0.06, -0.01
2021-05-09 16:43:44.925902, 1620567824.9259021, 2.4, 1.1, 9.34, -0.03, -0.05, -0.02, -1.02, 0.83, 8.53, -0.07, -0.06, -0.01
2021-05-09 16:43:45.035235, 1620567825.0352356, 2.39, 1.11, 9.36, -0.03, -0.05, -0.03, -1.04, 0.83, 8.52, -0.07, -0.06, -0.02
2021-05-09 16:43:45.145669, 1620567825.1456692, 2.39, 1.1, 9.34, -0.02, -0.05, -0.03, -1.03, 0.85, 8.53, -0.06, -0.07, -0.01
2021-05-09 16:43:45.255289, 1620567825.2552898, 2.42, 1.16, 9.35, -0.01, -0.06, -0.04, -1.03, 0.88, 8.52, -0.04, -0.07, -0.01
2021-05-09 16:43:45.364881, 1620567825.364882, 2.38, 1.15, 9.36, -0.01, -0.05, -0.01, -1.05, 0.84, 8.54, -0.05, -0.07, 0.01
2021-05-09 16:43:45.474387, 1620567825.4743876, 2.41, 1.16, 9.32, -0.01, -0.05, -0.03, -1.01, 0.88, 8.51, -0.05, -0.08, -0.0
2021-05-09 16:43:45.584036, 1620567825.584036, 2.38, 1.17, 9.34, -0.02, -0.06, -0.03, -1.02, 0.87, 8.51, -0.06, -0.07, 0.0
2021-05-09 16:43:45.693593, 1620567825.6935935, 2.42, 1.21, 9.32, -0.02, -0.06, -0.02, -0.99, 0.88, 8.5, -0.06, -0.07, 0.0
2021-05-09 16:43:45.802933, 1620567825.8029335, 2.42, 1.25, 9.3, -0.03, -0.04, -0.02, -1.01, 0.96, 8.49, -0.08, -0.06, 0.0
2021-05-09 16:43:45.912629, 1620567825.9126298, 2.41, 1.14, 9.34, -0.03, -0.04, -0.01, -0.96, 0.83, 8.51, -0.07, -0.05, 0.0
2021-05-09 16:43:46.022344, 1620567826.0223446, 2.32, 1.14, 9.38, -0.03, -0.04, 0.0, -1.06, 0.83, 8.56, -0.08, -0.07, 0.02
2021-05-09 16:43:46.131815, 1620567826.1318157, 2.38, 1.14, 9.35, -0.04, -0.06, -0.02, -1.03, 0.85, 8.52, -0.07, -0.08, 0.0
2021-05-09 16:43:46.241701, 1620567826.2417011, 2.38, 1.13, 9.35, -0.04, -0.07, -0.03, -1.0, 0.81, 8.54, -0.07, -0.08, -0.02
2021-05-09 16:43:46.351106, 1620567826.3511064, 2.4, 1.11, 9.33, -0.03, -0.06, -0.05, -0.97, 0.84, 8.53, -0.06, -0.08, -0.02
2021-05-09 16:43:46.460675, 1620567826.460675, 2.45, 1.14, 9.31, -0.02, -0.06, -0.03, -0.95, 0.87, 8.48, -0.05, -0.06, 0.0
2021-05-09 16:43:46.570351, 1620567826.5703518, 2.37, 1.2, 9.35, -0.02, -0.04, -0.02, -1.02, 0.88, 8.54, -0.06, -0.05, 0.0
2021-05-09 16:43:46.680192, 1620567826.6801925, 2.37, 1.17, 9.34, -0.02, -0.05, -0.02, -1.0, 0.89, 8.51, -0.06, -0.06, -0.0
2021-05-09 16:43:46.789586, 1620567826.789586, 2.41, 1.18, 9.32, -0.03, -0.04, -0.02, -1.02, 0.85, 8.53, -0.06, -0.05, -0.0
2021-05-09 16:43:46.899149, 1620567826.89915, 2.33, 1.18, 9.37, -0.02, -0.05, -0.02, -1.04, 0.88, 8.54, -0.06, -0.07, 0.01
2021-05-09 16:43:47.008840, 1620567827.008841, 2.39, 1.16, 9.34, -0.02, -0.07, -0.01, -1.02, 0.89, 8.51, -0.05, -0.08, -0.0
2021-05-09 16:43:47.118325, 1620567827.118326, 2.43, 1.18, 9.34, -0.02, -0.07, -0.0, -0.96, 0.87, 8.53, -0.06, -0.09, 0.01
2021-05-09 16:43:47.227929, 1620567827.227929, 2.47, 1.18, 9.3, -0.03, -0.04, -0.01, -0.95, 0.9, 8.51, -0.06, -0.07, -0.0
2021-05-09 16:43:47.337867, 1620567827.3378673, 2.37, 1.16, 9.37, -0.03, -0.05, -0.02, -0.97, 0.89, 8.53, -0.07, -0.07, -0.0
2021-05-09 16:43:47.447306, 1620567827.447307, 2.36, 1.16, 9.34, -0.03, -0.06, -0.02, -0.98, 0.9, 8.53, -0.07, -0.07, -0.0
2021-05-09 16:43:47.556398, 1620567827.5563982, 2.35, 1.16, 9.36, -0.03, -0.06, -0.03, -0.96, 0.89, 8.55, -0.06, -0.08, -0.01
2021-05-09 16:43:47.666377, 1620567827.6663778, 2.4, 1.17, 9.38, -0.03, -0.08, -0.02, -0.93, 0.9, 8.57, -0.06, -0.11, -0.0
2021-05-09 16:43:47.776366, 1620567827.776366, 2.52, 1.14, 9.27, -0.03, -0.09, -0.02, -0.83, 0.87, 8.5, -0.07, -0.12, -0.01
2021-05-09 16:43:47.885701, 1620567827.8857012, 2.55, 1.1, 9.28, -0.04, -0.08, -0.04, -0.81, 0.86, 8.51, -0.07, -0.1, -0.03
2021-05-09 16:43:47.994649, 1620567827.9946492, 2.51, 1.11, 9.33, -0.03, -0.06, -0.05, -0.8, 0.84, 8.57, -0.06, -0.09, -0.03
2021-05-09 16:43:48.104836, 1620567828.1048367, 2.55, 1.08, 9.3, -0.05, -0.07, -0.05, -0.75, 0.84, 8.54, -0.08, -0.1, -0.03
2021-05-09 16:43:48.214488, 1620567828.2144883, 2.6, 1.05, 9.31, -0.05, -0.07, -0.03, -0.73, 0.82, 8.54, -0.07, -0.08, -0.02
2021-05-09 16:43:48.324045, 1620567828.3240454, 2.55, 1.09, 9.3, -0.04, -0.06, -0.02, -0.74, 0.87, 8.56, -0.07, -0.06, -0.01
2021-05-09 16:43:48.433647, 1620567828.4336472, 2.56, 1.06, 9.31, -0.04, -0.06, -0.02, -0.75, 0.82, 8.54, -0.07, -0.06, -0.0
2021-05-09 16:43:48.543336, 1620567828.5433362, 2.53, 1.08, 9.33, -0.04, -0.07, -0.03, -0.77, 0.83, 8.57, -0.06, -0.07, -0.01
2021-05-09 16:43:48.652149, 1620567828.6521494, 2.55, 1.15, 9.31, -0.04, -0.05, -0.02, -0.74, 0.89, 8.58, -0.07, -0.06, -0.01
2021-05-09 16:43:48.762592, 1620567828.762593, 2.53, 1.1, 9.34, -0.04, -0.07, -0.01, -0.77, 0.84, 8.56, -0.06, -0.07, -0.01
2021-05-09 16:43:48.872056, 1620567828.8720562, 2.6, 1.06, 9.29, -0.03, -0.05, -0.02, -0.72, 0.83, 8.54, -0.06, -0.08, -0.0
2021-05-09 16:43:48.981694, 1620567828.9816942, 2.59, 1.11, 9.31, -0.02, -0.04, -0.01, -0.75, 0.88, 8.55, -0.06, -0.07, 0.0
2021-05-09 16:43:49.091405, 1620567829.0914056, 2.57, 1.09, 9.33, -0.02, -0.05, -0.01, -0.73, 0.86, 8.55, -0.06, -0.05, 0.01
2021-05-09 16:43:49.200817, 1620567829.2008176, 2.56, 1.07, 9.31, -0.02, -0.06, -0.01, -0.78, 0.82, 8.53, -0.07, -0.04, 0.02
2021-05-09 16:43:49.310416, 1620567829.3104162, 2.5, 1.07, 9.36, -0.01, -0.08, -0.01, -0.83, 0.81, 8.62, -0.05, -0.04, 0.03
2021-05-09 16:43:49.420017, 1620567829.4200177, 2.52, 1.06, 9.33, -0.01, -0.07, -0.01, -0.85, 0.78, 8.55, -0.06, -0.07, 0.02
2021-05-09 16:43:49.530601, 1620567829.5306015, 2.78, 1.07, 9.19, -0.03, -0.06, -0.03, -0.72, 0.81, 8.51, -0.06, -0.07, -0.01
2021-05-09 16:43:49.639102, 1620567829.6391027, 2.44, 1.14, 9.42, -0.03, -0.06, -0.04, -0.91, 0.88, 8.66, -0.07, -0.06, 0.0
2021-05-09 16:43:49.748701, 1620567829.7487013, 2.5, 1.11, 9.34, -0.03, -0.05, -0.02, -0.87, 0.86, 8.56, -0.06, -0.05, 0.01
2021-05-09 16:43:49.858456, 1620567829.8584561, 2.76, 1.13, 9.2, -0.03, -0.06, -0.05, -0.75, 0.82, 8.51, -0.06, -0.08, -0.02
2021-05-09 16:43:49.968013, 1620567829.968013, 2.59, 1.19, 9.33, -0.02, -0.1, -0.04, -0.79, 0.85, 8.62, -0.06, -0.09, -0.01
2021-05-09 16:43:50.077575, 1620567830.0775757, 2.67, 1.14, 9.28, -0.04, -0.05, -0.01, -0.75, 0.86, 8.55, -0.08, -0.08, 0.01
2021-05-09 16:43:50.187130, 1620567830.1871305, 2.61, 1.07, 9.26, -0.04, -0.04, -0.02, -0.73, 0.78, 8.53, -0.07, -0.07, -0.01
2021-05-09 16:43:50.296885, 1620567830.2968857, 2.64, 1.14, 9.29, -0.03, -0.04, -0.01, -0.76, 0.91, 8.54, -0.06, -0.05, 0.01
2021-05-09 16:43:50.406331, 1620567830.4063308, 2.67, 1.09, 9.26, -0.02, -0.05, -0.02, -0.75, 0.79, 8.54, -0.05, -0.06, 0.01
2021-05-09 16:43:50.515951, 1620567830.5159514, 2.6, 1.14, 9.34, -0.03, -0.04, -0.0, -0.77, 0.85, 8.6, -0.06, -0.05, 0.01
2021-05-09 16:43:50.625849, 1620567830.625849, 2.61, 1.11, 9.32, -0.03, -0.05, -0.03, -0.75, 0.84, 8.57, -0.07, -0.07, -0.02
2021-05-09 16:43:50.735467, 1620567830.7354674, 2.57, 1.13, 9.3, -0.04, -0.05, -0.03, -0.8, 0.89, 8.56, -0.06, -0.08, -0.02
2021-05-09 16:43:50.844922, 1620567830.844922, 2.52, 1.11, 9.34, -0.03, -0.05, -0.04, -0.83, 0.86, 8.57, -0.06, -0.08, -0.03
2021-05-09 16:43:50.954375, 1620567830.9543753, 2.59, 1.13, 9.28, -0.03, -0.07, -0.02, -0.75, 0.89, 8.53, -0.06, -0.09, -0.01
2021-05-09 16:43:51.064093, 1620567831.0640936, 2.59, 1.09, 9.29, -0.03, -0.05, -0.03, -0.73, 0.87, 8.54, -0.06, -0.06, -0.01
2021-05-09 16:43:51.173647, 1620567831.1736479, 2.66, 1.13, 9.24, -0.02, -0.03, -0.02, -0.67, 0.9, 8.52, -0.06, -0.05, 0.0
2021-05-09 16:43:51.283090, 1620567831.2830906, 2.61, 1.12, 9.26, -0.03, -0.05, -0.01, -0.75, 0.87, 8.55, -0.07, -0.05, 0.01
2021-05-09 16:43:51.392804, 1620567831.3928046, 2.57, 1.11, 9.32, -0.03, -0.07, -0.01, -0.71, 0.83, 8.58, -0.07, -0.06, 0.02
2021-05-09 16:43:51.501749, 1620567831.5017498, 2.62, 1.11, 9.31, -0.04, -0.09, -0.02, -0.71, 0.84, 8.56, -0.07, -0.09, 0.01
2021-05-09 16:43:51.612158, 1620567831.6121583, 2.65, 1.16, 9.31, -0.05, -0.07, -0.01, -0.72, 0.9, 8.55, -0.08, -0.07, -0.0
2021-05-09 16:43:51.721828, 1620567831.721828, 2.64, 1.05, 9.29, -0.04, -0.06, -0.02, -0.75, 0.83, 8.56, -0.07, -0.07, -0.01
2021-05-09 16:43:51.831288, 1620567831.8312886, 2.66, 1.07, 9.29, -0.04, -0.07, -0.03, -0.74, 0.84, 8.53, -0.07, -0.08, -0.02
2021-05-09 16:43:51.940859, 1620567831.9408598, 2.66, 1.08, 9.28, -0.03, -0.05, -0.03, -0.73, 0.85, 8.55, -0.06, -0.06, -0.01
2021-05-09 16:43:52.050367, 1620567832.0503669, 2.65, 1.06, 9.27, -0.03, -0.04, -0.03, -0.73, 0.83, 8.56, -0.06, -0.06, -0.02
2021-05-09 16:43:52.159930, 1620567832.1599302, 2.61, 1.1, 9.33, -0.03, -0.05, -0.02, -0.76, 0.85, 8.56, -0.06, -0.07, -0.01
2021-05-09 16:43:52.269533, 1620567832.2695334, 2.66, 1.06, 9.24, -0.02, -0.06, -0.02, -0.71, 0.81, 8.53, -0.06, -0.06, -0.0
2021-05-09 16:43:52.378818, 1620567832.3788183, 2.59, 1.07, 9.3, -0.03, -0.04, -0.02, -0.77, 0.82, 8.55, -0.07, -0.05, -0.0
2021-05-09 16:43:52.488729, 1620567832.4887297, 2.58, 1.09, 9.32, -0.02, -0.05, -0.0, -0.8, 0.84, 8.57, -0.06, -0.06, 0.01
2021-05-09 16:43:52.598224, 1620567832.5982246, 2.55, 1.06, 9.32, -0.03, -0.05, -0.01, -0.81, 0.82, 8.58, -0.07, -0.06, 0.0
2021-05-09 16:43:52.707059, 1620567832.7070594, 2.56, 1.1, 9.31, -0.03, -0.06, 0.0, -0.8, 0.84, 8.55, -0.07, -0.07, 0.01
2021-05-09 16:43:52.815582, 1620567832.8155823, 2.56, 1.08, 9.31, -0.03, -0.06, -0.01, -0.8, 0.83, 8.56, -0.07, -0.08, -0.0
2021-05-09 16:43:52.926966, 1620567832.9269667, 2.6, 1.05, 9.28, -0.03, -0.06, -0.02, -0.77, 0.81, 8.55, -0.07, -0.07, -0.0
2021-05-09 16:43:53.036893, 1620567833.0368931, 2.64, 1.04, 9.29, -0.03, -0.06, -0.03, -0.74, 0.81, 8.53, -0.06, -0.07, -0.01
2021-05-09 16:43:53.146393, 1620567833.1463935, 2.66, 1.07, 9.28, -0.02, -0.06, -0.04, -0.73, 0.82, 8.55, -0.05, -0.07, -0.02
2021-05-09 16:43:53.255937, 1620567833.2559378, 2.64, 1.06, 9.3, -0.03, -0.06, -0.06, -0.71, 0.84, 8.56, -0.06, -0.07, -0.04
2021-05-09 16:43:53.365547, 1620567833.3655477, 2.66, 1.04, 9.29, -0.04, -0.06, -0.06, -0.72, 0.78, 8.56, -0.06, -0.07, -0.05
2021-05-09 16:43:53.475006, 1620567833.4750066, 2.68, 0.95, 9.29, -0.06, -0.06, -0.11, -0.71, 0.69, 8.58, -0.06, -0.07, -0.1
2021-05-09 16:43:53.584595, 1620567833.5845952, 2.61, 0.92, 9.33, -0.06, -0.07, -0.19, -0.76, 0.69, 8.59, -0.04, -0.08, -0.18
2021-05-09 16:43:53.694465, 1620567833.6944656, 2.66, 0.85, 9.3, -0.1, -0.09, -0.3, -0.72, 0.59, 8.58, -0.03, -0.11, -0.29
2021-05-09 16:43:53.804026, 1620567833.8040266, 2.58, 0.86, 9.32, -0.12, -0.08, -0.43, -0.82, 0.59, 8.57, -0.01, -0.09, -0.42
2021-05-09 16:43:53.913482, 1620567833.9134822, 2.61, 0.98, 9.26, -0.14, -0.07, -0.5, -0.8, 0.75, 8.51, 0.0, -0.09, -0.5
2021-05-09 16:43:54.023045, 1620567834.0230458, 2.46, 0.88, 9.36, -0.17, -0.07, -0.62, -0.92, 0.68, 8.57, 0.01, -0.09, -0.63
2021-05-09 16:43:54.132643, 1620567834.1326432, 2.48, 1.0, 9.34, -0.16, -0.1, -0.69, -0.9, 0.78, 8.51, 0.04, -0.12, -0.69
2021-05-09 16:43:54.242408, 1620567834.2424088, 2.48, 1.02, 9.3, -0.18, -0.11, -0.78, -0.94, 0.78, 8.52, 0.06, -0.13, -0.79
2021-05-09 16:43:54.352005, 1620567834.352006, 2.36, 1.24, 9.36, -0.17, -0.1, -0.82, -1.03, 1.01, 8.55, 0.09, -0.12, -0.82
2021-05-09 16:43:54.461722, 1620567834.4617221, 2.42, 1.23, 9.35, -0.19, -0.13, -0.84, -0.99, 0.96, 8.54, 0.07, -0.16, -0.85
2021-05-09 16:43:54.571337, 1620567834.571338, 2.46, 1.24, 9.24, -0.22, -0.11, -0.89, -0.95, 1.0, 8.46, 0.06, -0.14, -0.91
2021-05-09 16:43:54.680930, 1620567834.6809304, 2.41, 1.37, 9.34, -0.22, -0.11, -0.88, -0.97, 1.11, 8.53, 0.06, -0.13, -0.89
2021-05-09 16:43:54.790850, 1620567834.7908504, 2.44, 1.37, 9.31, -0.24, -0.11, -0.87, -0.95, 1.14, 8.51, 0.03, -0.14, -0.87
2021-05-09 16:43:54.900215, 1620567834.9002154, 2.45, 1.38, 9.34, -0.23, -0.1, -0.82, -1.0, 1.2, 8.52, 0.03, -0.13, -0.82
2021-05-09 16:43:55.009179, 1620567835.0091798, 2.37, 1.37, 9.36, -0.22, -0.11, -0.77, -0.99, 1.14, 8.53, 0.02, -0.13, -0.78
2021-05-09 16:43:55.119930, 1620567835.1199303, 2.6, 1.33, 9.19, -0.22, -0.1, -0.71, -0.88, 1.11, 8.42, -0.01, -0.12, -0.72
2021-05-09 16:43:55.229273, 1620567835.2292733, 2.33, 1.41, 9.51, -0.19, -0.07, -0.62, -1.1, 1.19, 8.65, -0.02, -0.08, -0.62
2021-05-09 16:43:55.338890, 1620567835.33889, 2.23, 1.56, 9.53, -0.17, -0.11, -0.53, -1.2, 1.43, 8.62, -0.01, -0.12, -0.53
2021-05-09 16:43:55.447883, 1620567835.4478838, 2.27, 1.78, 9.2, -0.13, -0.11, -0.38, -1.16, 1.5, 8.3, -0.05, -0.13, -0.37
2021-05-09 16:43:55.558182, 1620567835.5581827, 2.31, 1.56, 9.34, -0.14, -0.08, -0.32, -1.21, 1.38, 8.42, -0.07, -0.1, -0.33
2021-05-09 16:43:55.667948, 1620567835.667948, 2.24, 1.59, 9.39, -0.11, -0.08, -0.23, -1.21, 1.36, 8.48, -0.07, -0.11, -0.23
2021-05-09 16:43:55.777517, 1620567835.7775178, 2.51, 1.24, 9.12, -0.09, -0.07, -0.21, -0.87, 1.03, 8.32, -0.06, -0.1, -0.2
2021-05-09 16:43:55.887441, 1620567835.8874414, 2.69, 1.1, 9.24, -0.07, -0.05, -0.21, -0.6, 0.88, 8.53, -0.04, -0.07, -0.19
2021-05-09 16:43:55.996941, 1620567835.9969413, 2.72, 0.97, 9.39, -0.06, -0.03, -0.14, -0.59, 0.88, 8.7, -0.06, -0.02, -0.12
2021-05-09 16:43:56.106402, 1620567836.1064026, 2.73, 0.76, 9.32, -0.06, -0.12, -0.05, -0.58, 0.51, 8.67, -0.09, -0.14, -0.05
2021-05-09 16:43:56.216335, 1620567836.2163358, 2.63, 0.76, 9.36, -0.06, -0.11, -0.1, -0.77, 0.57, 8.58, -0.06, -0.14, -0.11
2021-05-09 16:43:56.325830, 1620567836.3258307, 2.48, 0.81, 9.31, -0.07, -0.13, -0.11, -0.81, 0.6, 8.54, -0.07, -0.14, -0.1
2021-05-09 16:43:56.435291, 1620567836.4352918, 2.45, 0.62, 9.13, -0.05, -0.09, -0.13, -0.84, 0.37, 8.33, -0.05, -0.12, -0.12
2021-05-09 16:43:56.544919, 1620567836.5449197, 2.44, 0.72, 9.21, -0.06, -0.05, -0.23, -0.91, 0.42, 8.4, -0.04, -0.06, -0.2
2021-05-09 16:43:56.654627, 1620567836.6546276, 2.32, 0.83, 9.58, -0.08, 0.0, -0.23, -1.15, 0.63, 8.69, -0.05, 0.02, -0.22
2021-05-09 16:43:56.764200, 1620567836.7642002, 2.35, 1.01, 9.51, -0.08, 0.0, -0.22, -1.04, 0.71, 8.67, -0.05, -0.02, -0.22
2021-05-09 16:43:56.873612, 1620567836.873612, 2.62, 0.82, 9.11, -0.1, 0.05, -0.17, -0.75, 0.58, 8.39, -0.1, 0.07, -0.17
2021-05-09 16:43:56.983467, 1620567836.983467, 2.67, 1.21, 9.24, -0.05, 0.02, -0.09, -0.53, 1.03, 8.56, -0.07, 0.04, -0.08
2021-05-09 16:43:57.093019, 1620567837.0930188, 2.93, 1.36, 9.6, -0.03, -0.08, -0.03, -0.58, 1.18, 8.98, -0.07, -0.1, -0.0
2021-05-09 16:43:57.202820, 1620567837.2028205, 2.65, 1.35, 9.28, -0.02, -0.1, 0.04, -0.74, 1.06, 8.51, -0.06, -0.12, 0.07
2021-05-09 16:43:57.312094, 1620567837.3120942, 2.51, 1.35, 9.15, -0.0, -0.11, 0.07, -0.88, 1.12, 8.36, -0.06, -0.11, 0.09
2021-05-09 16:43:57.421670, 1620567837.42167, 2.5, 1.3, 9.18, 0.02, -0.12, 0.11, -0.9, 1.16, 8.38, -0.06, -0.11, 0.16
2021-05-09 16:43:57.531260, 1620567837.5312607, 2.42, 1.24, 8.97, 0.04, -0.05, 0.14, -0.99, 0.93, 8.13, -0.06, -0.05, 0.17
2021-05-09 16:43:57.640854, 1620567837.6408546, 2.3, 1.31, 9.41, 0.04, 0.04, 0.09, -1.29, 1.02, 8.52, -0.06, 0.06, 0.13
2021-05-09 16:43:57.750422, 1620567837.7504227, 2.38, 0.91, 9.88, -0.05, -0.0, 0.05, -1.16, 0.58, 9.04, -0.11, -0.07, 0.06
2021-05-09 16:43:57.860016, 1620567837.860016, 2.73, 1.13, 9.21, 0.03, 0.03, 0.02, -0.64, 0.96, 8.57, 0.0, 0.02, 0.07
2021-05-09 16:43:57.969559, 1620567837.9695592, 2.85, 0.88, 9.19, 0.06, -0.02, 0.06, -0.38, 0.76, 8.58, -0.0, -0.0, 0.11
2021-05-09 16:43:58.079148, 1620567838.0791483, 2.87, 0.88, 9.47, 0.02, -0.09, 0.01, -0.5, 0.61, 8.88, -0.04, -0.09, 0.04
2021-05-09 16:43:58.189240, 1620567838.1892402, 2.73, 0.96, 9.32, -0.01, -0.08, 0.0, -0.73, 0.68, 8.62, -0.06, -0.09, -0.0
2021-05-09 16:43:58.298450, 1620567838.2984507, 2.56, 0.81, 9.19, -0.06, -0.1, -0.1, -0.82, 0.54, 8.45, -0.07, -0.09, -0.1
2021-05-09 16:43:58.408069, 1620567838.4080696, 2.46, 0.84, 9.37, -0.08, -0.1, -0.17, -1.0, 0.57, 8.58, -0.06, -0.12, -0.16
2021-05-09 16:43:58.517830, 1620567838.5178301, 2.47, 0.87, 9.23, -0.11, -0.09, -0.28, -1.03, 0.53, 8.44, -0.05, -0.1, -0.29
2021-05-09 16:43:58.627642, 1620567838.6276424, 2.29, 0.8, 9.37, -0.15, -0.06, -0.43, -1.19, 0.48, 8.51, -0.04, -0.08, -0.44
2021-05-09 16:43:58.737001, 1620567838.7370014, 2.52, 0.63, 9.28, -0.22, -0.04, -0.62, -1.02, 0.37, 8.44, -0.03, -0.05, -0.65
2021-05-09 16:43:58.846079, 1620567838.8460789, 2.51, 0.92, 9.75, -0.22, -0.12, -0.79, -1.07, 0.65, 8.94, 0.04, -0.15, -0.82
2021-05-09 16:43:58.956358, 1620567838.9563584, 2.72, 0.9, 9.28, -0.24, -0.13, -0.87, -0.74, 0.78, 8.55, 0.05, -0.17, -0.88
2021-05-09 16:43:59.065841, 1620567839.0658414, 2.53, 1.22, 9.2, -0.2, -0.12, -0.93, -0.88, 1.0, 8.44, 0.09, -0.14, -0.92
2021-05-09 16:43:59.175464, 1620567839.1754649, 2.47, 1.03, 9.36, -0.25, -0.12, -1.04, -1.04, 0.69, 8.55, 0.08, -0.14, -1.06
2021-05-09 16:43:59.285128, 1620567839.285129, 2.32, 1.16, 9.31, -0.28, -0.15, -1.16, -1.1, 0.94, 8.47, 0.12, -0.17, -1.17
2021-05-09 16:43:59.394737, 1620567839.3947375, 2.38, 1.25, 9.32, -0.29, -0.16, -1.2, -1.18, 0.97, 8.44, 0.11, -0.19, -1.21
2021-05-09 16:43:59.504530, 1620567839.5045304, 2.26, 1.18, 9.32, -0.31, -0.15, -1.28, -1.22, 0.9, 8.42, 0.12, -0.18, -1.29
2021-05-09 16:43:59.614098, 1620567839.6140988, 2.33, 1.26, 9.36, -0.32, -0.16, -1.34, -1.19, 0.99, 8.49, 0.13, -0.19, -1.36
2021-05-09 16:43:59.723385, 1620567839.723385, 2.35, 1.25, 9.28, -0.33, -0.14, -1.39, -1.22, 1.0, 8.39, 0.14, -0.17, -1.4
2021-05-09 16:43:59.833392, 1620567839.8333921, 2.33, 1.31, 9.38, -0.35, -0.14, -1.41, -1.21, 1.09, 8.54, 0.13, -0.18, -1.44
2021-05-09 16:43:59.943112, 1620567839.9431129, 2.38, 1.32, 9.34, -0.35, -0.14, -1.4, -1.15, 1.08, 8.5, 0.13, -0.19, -1.44
2021-05-09 16:44:00.052117, 1620567840.0521176, 2.4, 1.3, 9.4, -0.36, -0.13, -1.41, -1.14, 1.11, 8.55, 0.12, -0.18, -1.43
2021-05-09 16:44:00.162422, 1620567840.1624224, 2.34, 1.23, 9.22, -0.37, -0.12, -1.36, -1.09, 1.02, 8.36, 0.09, -0.18, -1.38
2021-05-09 16:44:00.272173, 1620567840.2721734, 2.45, 1.15, 9.41, -0.36, -0.13, -1.34, -1.08, 1.0, 8.58, 0.1, -0.19, -1.36
2021-05-09 16:44:00.381854, 1620567840.3818543, 2.4, 1.22, 9.38, -0.35, -0.11, -1.25, -1.03, 1.12, 8.54, 0.08, -0.16, -1.28
2021-05-09 16:44:00.491693, 1620567840.4916937, 2.46, 1.2, 9.22, -0.33, -0.1, -1.16, -0.98, 1.11, 8.37, 0.07, -0.14, -1.18
2021-05-09 16:44:00.601096, 1620567840.601096, 2.33, 1.22, 9.36, -0.28, -0.07, -1.01, -1.09, 1.15, 8.49, 0.05, -0.1, -1.03
2021-05-09 16:44:00.710962, 1620567840.7109625, 2.33, 1.25, 9.4, -0.24, -0.07, -0.86, -1.1, 1.12, 8.56, 0.04, -0.1, -0.87
2021-05-09 16:44:00.820630, 1620567840.8206306, 2.31, 1.08, 9.24, -0.22, -0.09, -0.74, -1.1, 0.97, 8.32, 0.01, -0.12, -0.75
2021-05-09 16:44:00.930034, 1620567840.9300342, 2.28, 1.11, 9.39, -0.17, -0.1, -0.59, -1.12, 1.0, 8.52, 0.01, -0.13, -0.58
2021-05-09 16:44:01.039838, 1620567841.0398386, 2.28, 1.13, 9.46, -0.12, -0.1, -0.48, -1.15, 1.02, 8.61, 0.01, -0.12, -0.47
2021-05-09 16:44:01.149710, 1620567841.149711, 2.16, 1.18, 9.53, -0.12, -0.15, -0.4, -1.24, 1.01, 8.63, -0.01, -0.16, -0.4
2021-05-09 16:44:01.259205, 1620567841.2592053, 2.24, 1.19, 9.42, -0.1, -0.14, -0.29, -1.22, 1.11, 8.52, -0.03, -0.15, -0.28
2021-05-09 16:44:01.368519, 1620567841.368519, 2.24, 1.13, 9.22, -0.09, -0.11, -0.24, -1.18, 0.93, 8.33, -0.05, -0.12, -0.22
2021-05-09 16:44:01.478418, 1620567841.4784186, 2.16, 1.32, 9.29, -0.07, -0.07, -0.23, -1.27, 1.17, 8.39, -0.03, -0.09, -0.21
2021-05-09 16:44:01.587467, 1620567841.587467, 2.27, 1.35, 9.37, -0.06, -0.09, -0.17, -1.19, 1.18, 8.49, -0.06, -0.09, -0.14
2021-05-09 16:44:01.697838, 1620567841.6978385, 2.43, 1.28, 9.35, -0.07, -0.04, -0.16, -1.12, 1.1, 8.48, -0.06, -0.05, -0.15
2021-05-09 16:44:01.807429, 1620567841.807429, 2.48, 1.19, 9.54, -0.09, 0.01, -0.15, -1.07, 1.01, 8.72, -0.08, -0.01, -0.14
2021-05-09 16:44:01.917008, 1620567841.9170084, 2.61, 1.22, 9.19, -0.03, 0.04, -0.13, -0.82, 1.18, 8.4, -0.03, 0.02, -0.09
2021-05-09 16:44:02.024495, 1620567842.0244951, 2.72, 0.94, 9.29, -0.03, 0.05, -0.16, -0.69, 0.84, 8.56, -0.02, 0.04, -0.12
2021-05-09 16:44:02.136185, 1620567842.1361856, 2.76, 0.76, 9.29, -0.04, -0.04, -0.18, -0.54, 0.49, 8.68, -0.04, -0.06, -0.16
2021-05-09 16:44:02.245889, 1620567842.2458892, 2.81, 0.65, 9.4, -0.11, -0.08, -0.19, -0.73, 0.52, 8.71, -0.07, -0.11, -0.21
2021-05-09 16:44:02.355539, 1620567842.3555398, 2.31, 0.64, 9.46, -0.11, -0.11, -0.24, -0.95, 0.45, 8.66, -0.07, -0.13, -0.27
2021-05-09 16:44:02.465108, 1620567842.4651084, 2.44, 0.61, 9.3, -0.11, -0.13, -0.31, -0.94, 0.52, 8.49, -0.04, -0.15, -0.31
2021-05-09 16:44:02.575005, 1620567842.5750055, 2.34, 0.68, 9.2, -0.09, -0.12, -0.31, -1.0, 0.48, 8.37, -0.02, -0.16, -0.3
2021-05-09 16:44:02.684441, 1620567842.684441, 2.31, 0.58, 9.24, -0.11, -0.09, -0.37, -1.03, 0.36, 8.41, -0.02, -0.12, -0.37
2021-05-09 16:44:02.794044, 1620567842.7940443, 2.33, 0.67, 9.19, -0.1, -0.03, -0.38, -1.14, 0.47, 8.3, -0.0, -0.06, -0.38
2021-05-09 16:44:02.903659, 1620567842.903659, 2.34, 1.06, 9.72, -0.09, -0.0, -0.41, -1.1, 0.86, 8.86, 0.01, -0.01, -0.4
2021-05-09 16:44:03.013548, 1620567843.0135486, 2.46, 0.94, 9.18, -0.1, -0.02, -0.32, -0.87, 0.7, 8.32, -0.05, -0.04, -0.3
2021-05-09 16:44:03.123042, 1620567843.1230426, 2.52, 1.16, 9.16, -0.12, -0.0, -0.23, -0.74, 0.93, 8.34, -0.09, -0.03, -0.23
2021-05-09 16:44:03.232878, 1620567843.232879, 2.77, 1.06, 9.25, -0.1, -0.04, -0.14, -0.53, 0.93, 8.62, -0.09, -0.04, -0.17
2021-05-09 16:44:03.342361, 1620567843.3423615, 2.8, 1.2, 9.49, -0.09, -0.1, -0.1, -0.65, 1.0, 8.77, -0.08, -0.12, -0.12
2021-05-09 16:44:03.451815, 1620567843.4518158, 2.46, 1.06, 9.39, -0.07, -0.11, -0.07, -0.82, 0.98, 8.58, -0.07, -0.13, -0.05
2021-05-09 16:44:03.561511, 1620567843.5615113, 2.49, 1.19, 9.36, 0.02, -0.11, 0.01, -0.91, 1.06, 8.59, -0.01, -0.12, 0.06
2021-05-09 16:44:03.670997, 1620567843.670997, 2.53, 1.04, 9.15, 0.01, -0.11, 0.03, -0.88, 0.92, 8.34, -0.04, -0.11, 0.06
2021-05-09 16:44:03.779734, 1620567843.7797348, 2.26, 1.25, 9.13, 0.03, -0.03, 0.11, -1.06, 1.07, 8.27, -0.06, -0.01, 0.16
2021-05-09 16:44:03.890140, 1620567843.8901408, 2.34, 1.14, 9.37, 0.04, 0.03, 0.12, -1.21, 0.89, 8.51, -0.07, 0.03, 0.15
2021-05-09 16:44:03.999809, 1620567843.9998097, 2.21, 1.12, 9.52, 0.01, 0.05, 0.1, -1.13, 0.85, 8.63, -0.09, 0.06, 0.12
2021-05-09 16:44:04.109310, 1620567844.1093104, 2.25, 0.7, 9.53, -0.05, 0.0, 0.09, -1.18, 0.55, 8.59, -0.12, -0.02, 0.09
2021-05-09 16:44:04.219026, 1620567844.2190268, 2.41, 0.83, 9.3, 0.01, 0.01, 0.02, -0.81, 0.66, 8.56, -0.04, -0.0, 0.05
2021-05-09 16:44:04.328459, 1620567844.3284597, 2.63, 0.9, 9.59, 0.03, -0.04, 0.05, -0.62, 0.65, 8.98, -0.04, -0.03, 0.09
2021-05-09 16:44:04.436536, 1620567844.4365368, 2.64, 0.61, 9.34, -0.03, -0.13, 0.09, -0.64, 0.41, 8.62, -0.1, -0.15, 0.1
2021-05-09 16:44:04.547138, 1620567844.5471385, 2.54, 0.71, 9.32, -0.05, -0.08, 0.03, -0.85, 0.57, 8.52, -0.11, -0.09, 0.02
2021-05-09 16:44:04.655334, 1620567844.655335, 2.27, 0.5, 9.29, -0.05, -0.05, -0.03, -1.08, 0.28, 8.45, -0.09, -0.09, -0.02
2021-05-09 16:44:04.766970, 1620567844.7669706, 2.15, 0.47, 9.17, -0.03, -0.06, -0.08, -1.05, 0.3, 8.24, -0.05, -0.07, -0.04
2021-05-09 16:44:04.876877, 1620567844.8768775, 2.08, 0.56, 9.28, -0.02, -0.03, -0.12, -1.21, 0.36, 8.36, -0.02, -0.04, -0.08
2021-05-09 16:44:04.986213, 1620567844.9862134, 2.05, 0.52, 9.52, -0.04, 0.04, -0.14, -1.5, 0.23, 8.57, -0.05, 0.05, -0.11
2021-05-09 16:44:05.095724, 1620567845.0957248, 1.98, 0.89, 9.87, -0.06, 0.01, -0.18, -1.37, 0.74, 8.96, -0.05, 0.02, -0.14
2021-05-09 16:44:05.205206, 1620567845.2052069, 2.16, 0.79, 9.24, -0.05, -0.03, -0.09, -1.19, 0.45, 8.33, -0.07, 0.0, -0.06
2021-05-09 16:44:05.315009, 1620567845.3150098, 2.35, 0.97, 9.36, -0.09, -0.03, -0.08, -0.95, 0.62, 8.57, -0.1, -0.04, -0.09
2021-05-09 16:44:05.424651, 1620567845.4246511, 2.56, 1.41, 9.61, -0.1, -0.11, -0.08, -0.82, 1.39, 8.87, -0.08, -0.11, -0.1
2021-05-09 16:44:05.534136, 1620567845.534136, 2.37, 1.22, 9.49, -0.03, -0.17, 0.1, -1.04, 0.97, 8.68, -0.08, -0.15, 0.1
2021-05-09 16:44:05.643720, 1620567845.6437201, 2.44, 1.21, 9.28, -0.01, -0.2, 0.08, -0.97, 1.09, 8.45, -0.04, -0.21, 0.1
2021-05-09 16:44:05.751316, 1620567845.7513165, 2.36, 1.27, 9.32, 0.02, -0.17, 0.13, -1.09, 1.07, 8.46, -0.05, -0.18, 0.15
2021-05-09 16:44:05.863107, 1620567845.8631077, 2.49, 1.19, 9.1, 0.01, -0.09, 0.13, -0.93, 1.01, 8.3, -0.07, -0.11, 0.16
2021-05-09 16:44:05.972684, 1620567845.9726846, 2.4, 1.2, 9.13, 0.0, -0.08, 0.12, -0.95, 0.99, 8.29, -0.06, -0.11, 0.12
2021-05-09 16:44:06.082216, 1620567846.082217, 2.31, 1.04, 9.27, -0.03, -0.01, 0.1, -1.08, 0.77, 8.41, -0.11, -0.01, 0.1
2021-05-09 16:44:06.191777, 1620567846.1917777, 2.27, 1.06, 9.4, -0.03, 0.01, 0.08, -1.03, 0.82, 8.57, -0.1, -0.02, 0.09
2021-05-09 16:44:06.301263, 1620567846.3012636, 2.46, 0.56, 9.63, -0.08, 0.02, 0.02, -1.04, 0.53, 8.76, -0.11, 0.01, -0.0
2021-05-09 16:44:06.410939, 1620567846.41094, 2.52, 0.7, 9.23, -0.04, 0.01, -0.03, -0.68, 0.56, 8.47, -0.06, 0.0, -0.01
2021-05-09 16:44:06.520885, 1620567846.5208857, 2.76, 0.63, 9.27, -0.01, -0.03, -0.05, -0.47, 0.48, 8.63, -0.03, -0.03, -0.02
2021-05-09 16:44:06.630496, 1620567846.6304967, 2.62, 0.54, 9.44, -0.02, -0.1, -0.04, -0.67, 0.35, 8.78, -0.05, -0.09, -0.02
2021-05-09 16:44:06.740003, 1620567846.7400036, 2.5, 0.71, 9.3, -0.03, -0.1, -0.06, -0.86, 0.56, 8.48, -0.04, -0.1, -0.06
2021-05-09 16:44:06.849452, 1620567846.8494523, 2.29, 0.73, 9.36, -0.06, -0.13, -0.12, -1.05, 0.59, 8.46, -0.04, -0.12, -0.12
2021-05-09 16:44:06.959260, 1620567846.9592605, 2.22, 0.75, 9.28, -0.05, -0.1, -0.08, -1.14, 0.63, 8.36, -0.05, -0.1, -0.07
2021-05-09 16:44:07.068859, 1620567847.0688598, 2.09, 0.74, 9.3, -0.06, -0.08, -0.12, -1.25, 0.54, 8.39, -0.05, -0.07, -0.1
2021-05-09 16:44:07.178364, 1620567847.178365, 2.23, 0.75, 9.46, -0.06, -0.08, -0.1, -1.28, 0.55, 8.54, -0.06, -0.08, -0.09
2021-05-09 16:44:07.288199, 1620567847.2881997, 2.35, 0.73, 9.49, -0.07, -0.02, -0.16, -1.16, 0.52, 8.57, -0.05, -0.05, -0.16
2021-05-09 16:44:07.397891, 1620567847.397891, 2.44, 0.58, 9.16, -0.11, 0.01, -0.18, -0.93, 0.35, 8.3, -0.1, -0.0, -0.2
2021-05-09 16:44:07.507071, 1620567847.5070715, 2.26, 0.65, 9.58, -0.17, -0.0, -0.18, -0.94, 0.35, 8.78, -0.12, 0.01, -0.19
2021-05-09 16:44:07.616831, 1620567847.616831, 2.6, 0.74, 9.16, -0.12, -0.02, -0.14, -0.84, 0.67, 8.44, -0.1, -0.03, -0.17
2021-05-09 16:44:07.726757, 1620567847.7267575, 2.63, 0.81, 9.58, -0.07, -0.05, -0.11, -0.72, 0.74, 8.93, -0.05, -0.07, -0.15
2021-05-09 16:44:07.836050, 1620567847.8360503, 2.64, 0.98, 9.49, 0.01, -0.1, -0.11, -0.84, 0.96, 8.73, 0.03, -0.14, -0.1
2021-05-09 16:44:07.945578, 1620567847.9455786, 2.4, 1.1, 9.39, 0.04, -0.12, -0.03, -0.95, 0.95, 8.57, 0.02, -0.15, 0.02
2021-05-09 16:44:08.055123, 1620567848.055124, 2.34, 1.2, 9.31, 0.01, -0.14, -0.03, -1.0, 0.93, 8.49, -0.0, -0.16, 0.01
2021-05-09 16:44:08.165038, 1620567848.1650388, 2.33, 1.32, 9.25, 0.01, -0.11, 0.03, -1.01, 1.11, 8.42, -0.03, -0.13, 0.05
2021-05-09 16:44:08.274553, 1620567848.2745533, 2.3, 1.25, 9.29, -0.02, -0.1, 0.06, -1.02, 1.04, 8.42, -0.07, -0.1, 0.09
2021-05-09 16:44:08.384062, 1620567848.3840628, 2.45, 1.19, 9.22, -0.01, -0.07, 0.07, -0.99, 1.03, 8.37, -0.07, -0.06, 0.08
2021-05-09 16:44:08.493777, 1620567848.4937775, 2.41, 1.21, 9.45, 0.0, -0.02, 0.09, -0.95, 1.06, 8.68, -0.07, -0.01, 0.11
2021-05-09 16:44:08.603180, 1620567848.603181, 2.55, 1.05, 9.44, -0.01, -0.04, 0.11, -0.88, 0.81, 8.66, -0.09, -0.04, 0.14
2021-05-09 16:44:08.712670, 1620567848.7126703, 2.51, 0.88, 9.15, -0.02, -0.02, 0.07, -0.75, 0.69, 8.39, -0.08, -0.01, 0.09
2021-05-09 16:44:08.822328, 1620567848.8223286, 2.55, 0.84, 9.3, -0.01, -0.03, 0.04, -0.75, 0.76, 8.56, -0.05, -0.02, 0.06
2021-05-09 16:44:08.931940, 1620567848.9319408, 2.62, 0.85, 9.21, 0.0, -0.04, 0.03, -0.65, 0.74, 8.46, -0.03, -0.03, 0.07
2021-05-09 16:44:09.041488, 1620567849.0414882, 2.7, 0.76, 9.35, -0.0, -0.08, 0.05, -0.61, 0.57, 8.68, -0.05, -0.07, 0.07
2021-05-09 16:44:09.151262, 1620567849.1512623, 2.7, 0.52, 9.42, -0.07, -0.09, -0.07, -0.74, 0.37, 8.7, -0.08, -0.08, -0.07
2021-05-09 16:44:09.260907, 1620567849.260907, 2.56, 0.74, 9.37, -0.08, -0.1, -0.17, -0.85, 0.57, 8.59, -0.05, -0.09, -0.17
2021-05-09 16:44:09.370159, 1620567849.3701596, 2.47, 0.66, 9.36, -0.1, -0.1, -0.23, -0.98, 0.5, 8.56, -0.05, -0.1, -0.24
2021-05-09 16:44:09.479481, 1620567849.4794815, 2.51, 0.64, 9.4, -0.13, -0.1, -0.38, -0.98, 0.49, 8.56, -0.03, -0.12, -0.38
2021-05-09 16:44:09.589842, 1620567849.589842, 2.46, 0.71, 9.25, -0.15, -0.08, -0.48, -1.03, 0.49, 8.4, -0.02, -0.09, -0.49
2021-05-09 16:44:09.696946, 1620567849.6969464, 2.17, 0.64, 9.42, -0.2, -0.08, -0.61, -1.27, 0.39, 8.52, -0.01, -0.09, -0.63
2021-05-09 16:44:09.809137, 1620567849.8091373, 2.4, 0.65, 9.44, -0.25, -0.05, -0.71, -1.15, 0.33, 8.59, -0.03, -0.11, -0.74
2021-05-09 16:44:09.918540, 1620567849.9185407, 2.35, 0.63, 9.44, -0.28, -0.07, -0.84, -1.05, 0.46, 8.63, -0.01, -0.13, -0.89
2021-05-09 16:44:10.028135, 1620567850.0281355, 2.38, 0.67, 9.36, -0.26, -0.08, -0.93, -1.05, 0.59, 8.49, 0.04, -0.11, -0.97
2021-05-09 16:44:10.137740, 1620567850.1377409, 2.35, 0.7, 9.38, -0.25, -0.07, -0.95, -1.1, 0.52, 8.54, 0.06, -0.12, -0.97
2021-05-09 16:44:10.247463, 1620567850.2474637, 2.26, 0.76, 9.34, -0.25, -0.11, -1.06, -1.03, 0.63, 8.46, 0.11, -0.13, -1.09
2021-05-09 16:44:10.357264, 1620567850.357264, 2.32, 0.81, 9.36, -0.24, -0.12, -1.1, -1.04, 0.61, 8.48, 0.12, -0.15, -1.1
2021-05-09 16:44:10.466913, 1620567850.4669132, 2.24, 0.97, 9.41, -0.25, -0.11, -1.15, -1.13, 0.79, 8.54, 0.13, -0.14, -1.14
2021-05-09 16:44:10.575848, 1620567850.5758488, 2.35, 0.99, 9.32, -0.26, -0.12, -1.15, -1.08, 0.81, 8.45, 0.12, -0.16, -1.16
2021-05-09 16:44:10.686158, 1620567850.6861587, 2.3, 0.96, 9.34, -0.28, -0.1, -1.19, -1.1, 0.81, 8.49, 0.1, -0.12, -1.21
2021-05-09 16:44:10.795922, 1620567850.7959225, 2.37, 0.92, 9.35, -0.28, -0.1, -1.21, -1.03, 0.75, 8.49, 0.11, -0.12, -1.22
2021-05-09 16:44:10.905501, 1620567850.9055014, 2.31, 0.95, 9.45, -0.3, -0.09, -1.21, -1.15, 0.83, 8.58, 0.1, -0.12, -1.22
2021-05-09 16:44:11.015178, 1620567851.0151784, 2.33, 0.96, 9.39, -0.29, -0.12, -1.24, -1.07, 0.82, 8.54, 0.11, -0.15, -1.26
2021-05-09 16:44:11.124830, 1620567851.12483, 2.38, 0.94, 9.37, -0.29, -0.14, -1.24, -1.05, 0.8, 8.52, 0.12, -0.16, -1.24
2021-05-09 16:44:11.234310, 1620567851.2343102, 2.4, 1.07, 9.34, -0.29, -0.13, -1.27, -1.05, 0.89, 8.49, 0.13, -0.16, -1.29
2021-05-09 16:44:11.344201, 1620567851.344202, 2.43, 1.23, 9.31, -0.29, -0.13, -1.25, -1.02, 1.09, 8.49, 0.12, -0.15, -1.26
2021-05-09 16:44:11.453180, 1620567851.45318, 2.4, 1.31, 9.32, -0.31, -0.11, -1.18, -1.08, 1.13, 8.48, 0.08, -0.13, -1.2
2021-05-09 16:44:11.563506, 1620567851.5635064, 2.31, 1.17, 9.32, -0.32, -0.12, -1.15, -1.13, 0.94, 8.48, 0.06, -0.16, -1.19
2021-05-09 16:44:11.673199, 1620567851.6731994, 2.33, 1.06, 9.43, -0.32, -0.11, -1.12, -1.14, 0.94, 8.55, 0.06, -0.16, -1.15
2021-05-09 16:44:11.783123, 1620567851.7831235, 2.34, 1.09, 9.31, -0.28, -0.09, -1.06, -1.09, 0.88, 8.45, 0.06, -0.13, -1.09
2021-05-09 16:44:11.892395, 1620567851.8923957, 2.21, 0.82, 9.48, -0.28, -0.09, -1.02, -1.17, 0.71, 8.58, 0.05, -0.13, -1.04
2021-05-09 16:44:12.002106, 1620567852.0021062, 2.26, 0.99, 9.35, -0.26, -0.11, -0.94, -1.08, 0.78, 8.47, 0.05, -0.14, -0.94
2021-05-09 16:44:12.111826, 1620567852.111826, 2.3, 0.98, 9.41, -0.23, -0.12, -0.86, -1.09, 0.89, 8.55, 0.05, -0.15, -0.87
2021-05-09 16:44:12.221291, 1620567852.2212918, 2.43, 1.3, 9.33, -0.15, -0.09, -0.72, -1.03, 1.26, 8.46, 0.07, -0.11, -0.7
2021-05-09 16:44:12.331034, 1620567852.3310347, 2.22, 1.23, 9.11, -0.14, -0.05, -0.6, -1.12, 1.03, 8.19, 0.03, -0.06, -0.58
2021-05-09 16:44:12.440693, 1620567852.4406936, 2.38, 1.41, 9.44, -0.11, -0.01, -0.48, -1.14, 1.33, 8.5, 0.03, -0.01, -0.47
2021-05-09 16:44:12.550349, 1620567852.5503497, 2.22, 1.33, 9.47, -0.1, -0.04, -0.3, -1.07, 1.19, 8.57, -0.02, -0.06, -0.29
2021-05-09 16:44:12.660112, 1620567852.6601129, 2.5, 1.32, 9.24, -0.09, -0.11, -0.2, -0.84, 1.17, 8.45, -0.05, -0.1, -0.18
2021-05-09 16:44:12.769546, 1620567852.7695463, 2.51, 1.02, 9.36, -0.13, -0.2, -0.1, -0.76, 0.87, 8.65, -0.11, -0.13, -0.11
2021-05-09 16:44:12.879372, 1620567852.8793728, 2.61, 0.89, 9.31, -0.17, -0.35, -0.08, -0.72, 0.78, 8.59, -0.12, -0.26, -0.17
2021-05-09 16:44:12.988957, 1620567852.9889576, 3.3, 0.68, 9.06, -0.14, -0.38, -0.0, -0.55, 0.79, 8.52, -0.11, -0.27, -0.05
2021-05-09 16:44:13.098475, 1620567853.098475, 3.46, 0.52, 9.2, -0.04, -0.41, 0.12, -0.19, 0.55, 8.84, -0.05, -0.36, 0.1
2021-05-09 16:44:13.205588, 1620567853.2055879, 3.93, 0.34, 9.37, -0.0, -0.35, 0.13, -0.17, 0.51, 9.03, -0.06, -0.29, 0.12
2021-05-09 16:44:13.317318, 1620567853.317318, 3.69, 0.39, 9.06, 0.05, -0.36, 0.07, -0.03, 0.54, 8.72, 0.0, -0.35, 0.09
2021-05-09 16:44:13.427128, 1620567853.4271286, 3.86, 0.33, 8.57, 0.03, -0.29, 0.09, 0.01, 0.32, 8.28, -0.04, -0.32, 0.08
2021-05-09 16:44:13.537056, 1620567853.5370567, 3.82, 0.26, 8.49, 0.02, -0.19, -0.01, 0.1, 0.16, 8.22, -0.05, -0.22, -0.03
2021-05-09 16:44:13.646318, 1620567853.6463187, 4.0, 0.29, 8.62, 0.02, -0.06, 0.01, 0.19, 0.23, 8.32, -0.06, -0.11, 0.0
2021-05-09 16:44:13.756165, 1620567853.756165, 4.25, 0.53, 9.24, 0.0, -0.07, -0.0, 0.52, 0.73, 9.13, -0.02, -0.09, -0.07
2021-05-09 16:44:13.865501, 1620567853.8655016, 4.84, 0.68, 8.56, -0.02, -0.05, 0.05, 1.25, 0.6, 8.65, -0.14, -0.04, 0.06
2021-05-09 16:44:13.975239, 1620567853.9752393, 5.12, 1.14, 8.71, -0.08, -0.24, 0.03, 1.43, 1.28, 8.94, -0.11, -0.2, -0.01
2021-05-09 16:44:14.084260, 1620567854.08426, 4.81, 1.11, 8.67, -0.02, -0.25, 0.09, 0.87, 1.1, 8.82, -0.1, -0.19, 0.19
2021-05-09 16:44:14.194351, 1620567854.1943517, 4.66, 1.06, 8.32, -0.03, -0.23, 0.1, 0.88, 1.07, 8.38, -0.08, -0.24, 0.15
2021-05-09 16:44:14.303960, 1620567854.3039608, 4.63, 1.26, 7.96, 0.07, -0.16, 0.12, 1.01, 1.44, 8.01, 0.0, -0.15, 0.26
2021-05-09 16:44:14.413496, 1620567854.4134963, 4.91, 1.43, 8.34, 0.12, -0.06, 0.2, 1.0, 1.41, 8.44, 0.01, -0.08, 0.26
2021-05-09 16:44:14.523124, 1620567854.5231245, 5.41, 1.09, 9.18, 0.14, 0.15, 0.24, 1.36, 0.93, 9.55, -0.03, 0.14, 0.32
2021-05-09 16:44:14.632540, 1620567854.6325407, 5.12, 0.62, 8.1, 0.13, 0.12, 0.22, 1.67, 1.1, 8.18, 0.03, 0.09, 0.33
2021-05-09 16:44:14.742599, 1620567854.7425992, 5.16, -0.1, 8.31, 0.16, -0.01, 0.27, 1.83, -0.29, 8.66, -0.01, 0.0, 0.42
2021-05-09 16:44:14.852140, 1620567854.85214, 4.73, -0.21, 8.56, 0.03, 0.01, 0.13, 1.12, -0.27, 8.73, -0.05, -0.01, 0.11
2021-05-09 16:44:14.961599, 1620567854.9616, 4.3, -0.16, 8.45, 0.03, -0.07, 0.01, 0.87, -0.22, 8.39, -0.01, -0.06, 0.06
2021-05-09 16:44:15.071323, 1620567855.0713239, 3.97, -0.23, 8.27, -0.07, -0.11, -0.16, 0.57, -0.61, 8.13, -0.05, -0.05, -0.2
2021-05-09 16:44:15.180936, 1620567855.1809368, 4.39, 0.23, 8.56, -0.13, -0.04, -0.28, 0.54, 0.07, 8.45, -0.04, -0.03, -0.33
2021-05-09 16:44:15.290300, 1620567855.2903001, 5.03, 0.92, 9.25, -0.25, 0.08, -0.39, 1.11, 0.69, 9.48, -0.15, 0.01, -0.49
2021-05-09 16:44:15.400073, 1620567855.4000733, 4.77, 0.51, 8.31, -0.45, 0.11, -0.41, 1.22, 0.42, 8.46, -0.32, 0.03, -0.6
2021-05-09 16:44:15.509624, 1620567855.5096242, 4.92, 1.69, 8.58, -0.4, 0.01, -0.45, 1.1, 1.86, 8.69, -0.22, 0.01, -0.51
2021-05-09 16:44:15.619570, 1620567855.6195707, 4.15, 1.61, 8.65, -0.32, -0.0, -0.24, 0.49, 1.55, 8.54, -0.23, -0.03, -0.28
2021-05-09 16:44:15.728946, 1620567855.7289462, 4.02, 1.53, 8.72, -0.21, 0.01, -0.08, 0.19, 1.79, 8.4, -0.18, -0.02, -0.09
2021-05-09 16:44:15.838560, 1620567855.838561, 3.76, 1.14, 8.91, 0.04, -0.03, 0.14, 0.17, 1.32, 8.59, -0.04, -0.06, 0.19
2021-05-09 16:44:15.946526, 1620567855.9465268, 4.31, 1.23, 9.31, 0.24, -0.03, 0.27, 0.37, 1.43, 9.18, 0.1, -0.02, 0.4
2021-05-09 16:44:16.057529, 1620567856.057529, 4.17, 1.08, 8.97, 0.33, 0.05, 0.41, 0.24, 1.13, 8.69, 0.13, 0.05, 0.51
2021-05-09 16:44:16.167144, 1620567856.1671443, 4.11, 0.43, 8.79, 0.37, 0.11, 0.41, 0.55, 0.34, 8.64, 0.13, 0.1, 0.49
2021-05-09 16:44:16.276899, 1620567856.2768993, 4.03, -0.35, 8.83, 0.27, -0.05, 0.3, 0.79, -0.69, 8.79, 0.09, -0.05, 0.38
2021-05-09 16:44:16.386239, 1620567856.3862395, 3.65, 0.15, 8.91, 0.17, -0.1, 0.23, 0.0, 0.14, 8.55, 0.03, -0.05, 0.28
2021-05-09 16:44:16.495997, 1620567856.4959972, 3.09, -0.05, 9.23, 0.08, -0.08, 0.2, -0.4, -0.5, 8.77, -0.07, -0.09, 0.25
2021-05-09 16:44:16.605751, 1620567856.6057518, 3.4, -0.23, 8.72, -0.08, -0.14, -0.03, -0.02, -0.38, 8.3, -0.09, -0.16, -0.07
2021-05-09 16:44:16.715322, 1620567856.7153223, 3.88, 0.23, 9.42, -0.03, -0.11, -0.1, 0.2, 0.23, 9.23, -0.0, -0.09, -0.14
2021-05-09 16:44:16.824937, 1620567856.8249376, 4.28, 0.88, 9.25, -0.05, -0.03, -0.11, 0.5, 0.68, 9.08, -0.08, -0.04, -0.12
2021-05-09 16:44:16.934513, 1620567856.9345133, 4.61, 1.7, 8.61, -0.13, -0.03, -0.1, 1.17, 1.84, 8.64, -0.12, -0.07, -0.19
2021-05-09 16:44:17.044069, 1620567857.04407, 4.39, 2.0, 8.47, -0.02, -0.07, 0.17, 0.71, 2.03, 8.36, -0.1, -0.05, 0.2
2021-05-09 16:44:17.153652, 1620567857.1536524, 4.04, 1.98, 8.48, 0.12, -0.06, 0.42, 0.39, 2.07, 8.24, -0.07, -0.02, 0.49
2021-05-09 16:44:17.263261, 1620567857.263262, 3.55, 2.31, 8.73, 0.29, -0.02, 0.72, -0.14, 2.27, 8.31, -0.04, 0.03, 0.86
2021-05-09 16:44:17.372810, 1620567857.3728101, 3.55, 1.88, 8.94, 0.35, -0.01, 0.96, -0.36, 1.8, 8.43, -0.08, 0.04, 1.08
2021-05-09 16:44:17.482213, 1620567857.4822137, 3.9, 1.46, 9.88, 0.48, 0.01, 1.04, 0.06, 1.3, 9.73, 0.03, 0.03, 1.19
2021-05-09 16:44:17.591780, 1620567857.591781, 4.36, 0.89, 9.12, 0.53, -0.04, 1.13, 0.43, 1.01, 8.97, 0.07, 0.01, 1.3
2021-05-09 16:44:17.701480, 1620567857.7014806, 4.1, 0.41, 8.22, 0.54, -0.08, 1.07, 0.64, 0.29, 8.07, 0.1, -0.05, 1.28
2021-05-09 16:44:17.811265, 1620567857.8112652, 3.95, -0.2, 8.12, 0.37, -0.05, 1.04, 0.58, -0.49, 7.98, -0.08, -0.02, 1.13
2021-05-09 16:44:17.920899, 1620567857.9208992, 3.9, -0.07, 8.23, 0.25, 0.04, 0.82, 0.47, -0.23, 8.01, -0.1, 0.08, 0.84
2021-05-09 16:44:18.030447, 1620567858.0304477, 4.14, 0.17, 8.55, 0.18, -0.0, 0.7, 0.78, 0.22, 8.44, -0.11, -0.01, 0.71
2021-05-09 16:44:18.139910, 1620567858.1399105, 4.55, 0.44, 9.03, 0.16, 0.05, 0.45, 0.61, 0.53, 8.98, -0.07, 0.1, 0.5
2021-05-09 16:44:18.249350, 1620567858.2493503, 4.25, 0.91, 9.27, 0.12, 0.01, 0.34, 0.53, 0.84, 9.2, -0.07, 0.02, 0.37
2021-05-09 16:44:18.359175, 1620567858.3591754, 4.28, 1.01, 9.28, 0.04, -0.06, 0.21, 0.44, 1.04, 9.16, -0.08, -0.03, 0.27
2021-05-09 16:44:18.468810, 1620567858.468811, 4.41, 1.1, 9.18, 0.04, -0.06, 0.2, 0.33, 1.01, 9.05, -0.08, -0.04, 0.18
2021-05-09 16:44:18.578318, 1620567858.5783186, 4.2, 0.98, 9.01, -0.04, -0.05, 0.01, 0.48, 1.01, 8.82, -0.1, -0.1, 0.01
2021-05-09 16:44:18.687908, 1620567858.6879084, 4.29, 1.08, 8.81, -0.06, 0.0, -0.1, 0.57, 1.0, 8.68, -0.12, -0.11, -0.09
2021-05-09 16:44:18.797494, 1620567858.7974942, 4.0, 1.07, 8.83, -0.09, -0.07, 0.01, 0.5, 1.02, 8.6, -0.15, -0.14, -0.02
2021-05-09 16:44:18.907082, 1620567858.9070826, 3.95, 1.05, 8.76, -0.06, -0.11, 0.11, 0.52, 1.01, 8.54, -0.11, -0.15, 0.1
2021-05-09 16:44:19.016834, 1620567859.016834, 4.43, 0.77, 8.72, -0.03, -0.12, 0.07, 0.89, 0.91, 8.57, -0.1, -0.13, 0.09
2021-05-09 16:44:19.126402, 1620567859.1264026, 4.25, 0.85, 8.8, 0.04, -0.07, 0.16, 0.73, 0.82, 8.68, -0.06, -0.1, 0.16
2021-05-09 16:44:19.234826, 1620567859.234826, 4.16, 0.91, 8.78, 0.04, -0.07, 0.16, 0.79, 0.8, 8.59, -0.03, -0.1, 0.15
2021-05-09 16:44:19.345547, 1620567859.345547, 4.28, 0.85, 8.73, 0.01, -0.08, 0.06, 0.85, 0.79, 8.58, -0.03, -0.1, 0.06
2021-05-09 16:44:19.455120, 1620567859.4551208, 4.2, 0.98, 8.7, -0.01, -0.05, 0.02, 0.89, 0.92, 8.55, -0.05, -0.1, -0.0
2021-05-09 16:44:19.564854, 1620567859.5648546, 4.21, 0.95, 8.76, -0.04, -0.05, 0.01, 0.92, 1.04, 8.59, -0.07, -0.09, 0.0
2021-05-09 16:44:19.674107, 1620567859.674107, 4.2, 0.97, 8.82, -0.0, -0.06, 0.02, 0.91, 0.92, 8.64, -0.05, -0.09, 0.03
2021-05-09 16:44:19.783709, 1620567859.78371, 4.16, 0.92, 8.74, -0.01, -0.07, 0.02, 0.95, 0.86, 8.57, -0.05, -0.09, 0.04
2021-05-09 16:44:19.893421, 1620567859.893422, 4.26, 0.96, 8.75, -0.03, -0.06, -0.02, 0.97, 0.94, 8.59, -0.06, -0.07, -0.01
2021-05-09 16:44:20.002929, 1620567860.0029292, 4.18, 1.04, 8.76, -0.04, -0.07, -0.04, 0.98, 0.97, 8.61, -0.07, -0.07, -0.02
2021-05-09 16:44:20.112651, 1620567860.1126516, 4.23, 1.03, 8.73, -0.06, -0.06, -0.02, 1.0, 0.99, 8.59, -0.08, -0.07, -0.02
2021-05-09 16:44:20.221424, 1620567860.2214246, 4.2, 0.99, 8.83, -0.06, -0.05, -0.05, 0.97, 1.07, 8.64, -0.09, -0.05, -0.02
2021-05-09 16:44:20.332256, 1620567860.3334801, 4.13, 0.87, 8.84, -0.02, -0.11, -0.02, 0.95, 0.81, 8.64, -0.06, -0.08, 0.05
2021-05-09 16:44:20.441356, 1620567860.441356, 4.35, 1.01, 8.64, -0.04, -0.12, -0.11, 1.07, 0.97, 8.52, -0.05, -0.1, -0.05
2021-05-09 16:44:20.551298, 1620567860.5512989, 4.35, 1.13, 8.68, -0.05, -0.06, -0.02, 1.02, 1.1, 8.57, -0.08, -0.06, -0.03
2021-05-09 16:44:20.660561, 1620567860.6605616, 4.21, 1.06, 8.71, -0.03, -0.05, 0.01, 0.99, 1.0, 8.57, -0.07, -0.06, 0.01
2021-05-09 16:44:20.769534, 1620567860.769535, 4.32, 0.95, 8.7, -0.03, -0.06, 0.03, 1.03, 0.89, 8.55, -0.08, -0.07, 0.03
2021-05-09 16:44:20.879762, 1620567860.8797624, 4.32, 0.94, 8.78, -0.07, -0.05, -0.03, 1.05, 0.9, 8.65, -0.1, -0.06, -0.01
2021-05-09 16:44:20.989221, 1620567860.9892213, 4.19, 0.86, 8.83, -0.04, -0.08, 0.01, 1.01, 0.79, 8.68, -0.08, -0.09, 0.04
2021-05-09 16:44:21.098795, 1620567861.0987952, 4.35, 0.97, 8.72, -0.04, -0.1, -0.06, 1.09, 0.89, 8.6, -0.06, -0.1, 0.0
2021-05-09 16:44:21.208411, 1620567861.208411, 4.33, 0.95, 8.65, -0.03, -0.07, 0.01, 1.1, 0.83, 8.54, -0.07, -0.09, 0.03
2021-05-09 16:44:21.318082, 1620567861.3180828, 4.44, 0.92, 8.62, -0.04, -0.07, -0.06, 1.2, 0.84, 8.53, -0.07, -0.07, -0.03
2021-05-09 16:44:21.427546, 1620567861.427547, 4.39, 0.98, 8.65, -0.08, -0.03, -0.05, 1.12, 0.85, 8.56, -0.1, -0.06, -0.06
2021-05-09 16:44:21.537219, 1620567861.5372193, 4.29, 0.87, 8.71, -0.05, -0.03, -0.02, 1.1, 0.77, 8.61, -0.08, -0.04, -0.02
2021-05-09 16:44:21.646737, 1620567861.6467373, 4.22, 0.97, 8.77, -0.03, -0.03, -0.02, 1.04, 0.83, 8.62, -0.06, -0.04, -0.01
2021-05-09 16:44:21.756587, 1620567861.7565877, 4.21, 0.94, 8.79, -0.03, -0.05, 0.0, 1.02, 0.84, 8.66, -0.07, -0.06, 0.01
2021-05-09 16:44:21.865754, 1620567861.8657546, 4.33, 0.92, 8.76, -0.04, -0.05, -0.02, 1.05, 0.79, 8.61, -0.07, -0.05, 0.0
2021-05-09 16:44:21.976027, 1620567861.9760273, 4.21, 0.94, 8.74, -0.03, -0.07, 0.02, 1.04, 0.81, 8.58, -0.08, -0.05, 0.04
2021-05-09 16:44:22.084867, 1620567862.084867, 4.3, 0.87, 8.71, -0.05, -0.06, 0.02, 1.03, 0.72, 8.59, -0.08, -0.04, 0.01
2021-05-09 16:44:22.193870, 1620567862.19387, 4.19, 0.85, 8.75, -0.05, -0.03, 0.01, 0.96, 0.79, 8.63, -0.08, -0.04, 0.0
2021-05-09 16:44:22.303959, 1620567862.3039598, 4.17, 0.85, 8.84, -0.03, -0.02, 0.02, 0.89, 0.78, 8.63, -0.05, -0.03, 0.03
2021-05-09 16:44:22.413613, 1620567862.413613, 4.09, 0.79, 8.83, -0.0, -0.05, 0.02, 0.86, 0.69, 8.67, -0.04, -0.05, 0.04
