human_time, computer_time, x_acc_1, y_acc_1, z_acc_1, x_gyro_1, y_gyro_1, z_gyro_1, x_acc_2, y_acc_2, z_acc_2, x_gyro_2, y_gyro_2, z_gyro_2
2021-05-09 16:46:34.050336, 1620567994.050337, 2.51, 0.95, 8.97, -0.0, -0.06, -0.0, -0.12, 0.99, 8.29, -0.03, -0.09, 0.01
2021-05-09 16:46:34.160099, 1620567994.1600993, 2.49, 1.06, 9.42, -0.03, -0.08, -0.01, -0.19, 1.0, 8.7, -0.07, -0.07, 0.07
2021-05-09 16:46:34.269488, 1620567994.269488, 2.53, 0.94, 9.19, -0.05, -0.06, 0.01, -0.13, 0.94, 8.51, -0.1, -0.05, 0.05
2021-05-09 16:46:34.378983, 1620567994.3789833, 2.46, 1.08, 9.32, -0.0, -0.08, 0.01, -0.11, 1.11, 8.6, -0.05, -0.09, 0.02
2021-05-09 16:46:34.488810, 1620567994.4888105, 2.58, 1.11, 9.34, 0.05, -0.12, 0.08, -0.17, 1.12, 8.57, -0.01, -0.09, 0.04
2021-05-09 16:46:34.598436, 1620567994.5984366, 2.64, 0.91, 9.38, -0.06, -0.04, 0.01, -0.13, 0.65, 8.74, -0.09, -0.04, -0.01
2021-05-09 16:46:34.708228, 1620567994.7082288, 2.46, 0.73, 9.38, -0.15, -0.06, -0.12, -0.11, 0.66, 8.65, -0.13, -0.07, -0.11
2021-05-09 16:46:34.817298, 1620567994.8172987, 2.77, 0.81, 9.15, -0.13, -0.08, -0.12, 0.06, 0.84, 8.53, -0.14, -0.08, -0.07
2021-05-09 16:46:34.927376, 1620567994.9273763, 2.63, 0.75, 9.45, -0.08, -0.03, -0.11, -0.11, 0.84, 8.81, -0.09, -0.03, -0.06
2021-05-09 16:46:35.035653, 1620567995.0356538, 2.55, 0.95, 9.29, -0.03, -0.07, 0.0, -0.17, 0.9, 8.58, -0.06, -0.07, -0.02
2021-05-09 16:46:35.146283, 1620567995.1462839, 2.61, 0.77, 9.25, -0.02, -0.06, 0.05, -0.1, 0.76, 8.56, -0.06, -0.06, 0.02
2021-05-09 16:46:35.255856, 1620567995.2558568, 2.56, 0.88, 9.34, -0.0, -0.07, 0.09, -0.06, 0.83, 8.68, -0.05, -0.1, 0.11
2021-05-09 16:46:35.365431, 1620567995.365431, 2.71, 0.78, 9.33, -0.04, -0.1, 0.06, -0.03, 0.69, 8.68, -0.08, -0.1, 0.05
2021-05-09 16:46:35.475313, 1620567995.475313, 2.68, 0.65, 9.25, -0.09, -0.09, -0.07, 0.05, 0.63, 8.6, -0.1, -0.1, -0.06
2021-05-09 16:46:35.584831, 1620567995.5848317, 2.77, 0.62, 9.26, -0.1, -0.12, -0.16, 0.11, 0.62, 8.64, -0.08, -0.12, -0.11
2021-05-09 16:46:35.694365, 1620567995.694365, 2.91, 0.58, 9.21, -0.11, -0.13, -0.15, 0.15, 0.61, 8.63, -0.09, -0.11, -0.14
2021-05-09 16:46:35.803937, 1620567995.803937, 2.77, 0.67, 9.3, -0.05, -0.04, -0.07, 0.02, 0.67, 8.66, -0.06, -0.03, -0.08
2021-05-09 16:46:35.913541, 1620567995.9135418, 2.69, 0.7, 9.32, -0.01, -0.1, -0.0, 0.04, 0.82, 8.66, -0.02, -0.09, 0.03
2021-05-09 16:46:36.022949, 1620567996.0229495, 2.87, 0.91, 9.22, 0.02, -0.08, 0.07, 0.07, 0.85, 8.59, -0.05, -0.04, 0.09
2021-05-09 16:46:36.132496, 1620567996.132496, 2.85, 0.75, 9.23, 0.02, -0.05, 0.1, 0.08, 0.73, 8.62, -0.05, -0.07, 0.09
2021-05-09 16:46:36.242083, 1620567996.2420833, 2.8, 0.81, 9.24, -0.02, -0.04, 0.03, 0.05, 0.69, 8.6, -0.07, -0.05, 0.03
2021-05-09 16:46:36.351213, 1620567996.351213, 2.84, 0.75, 9.32, -0.07, -0.05, -0.03, 0.04, 0.76, 8.73, -0.11, -0.03, -0.04
2021-05-09 16:46:36.461249, 1620567996.4612498, 2.71, 0.85, 9.3, 0.03, -0.07, 0.02, -0.0, 0.89, 8.65, -0.06, -0.03, 0.01
2021-05-09 16:46:36.571914, 1620567996.5719147, 2.74, 0.79, 9.28, 0.02, -0.1, 0.07, -0.04, 0.68, 8.68, -0.04, -0.09, 0.09
2021-05-09 16:46:36.680381, 1620567996.6803813, 2.8, 0.92, 9.26, -0.01, -0.08, 0.08, -0.03, 0.8, 8.63, -0.05, -0.09, 0.09
2021-05-09 16:46:36.789961, 1620567996.7899616, 2.82, 0.91, 9.25, -0.02, -0.07, 0.06, -0.03, 0.77, 8.65, -0.06, -0.07, 0.06
2021-05-09 16:46:36.899586, 1620567996.8995867, 2.88, 0.99, 9.26, -0.05, -0.1, 0.04, 0.11, 0.8, 8.67, -0.09, -0.11, 0.04
2021-05-09 16:46:37.009102, 1620567997.009102, 2.99, 0.8, 9.18, -0.07, -0.08, 0.06, 0.16, 0.69, 8.61, -0.13, -0.1, 0.03
2021-05-09 16:46:37.118354, 1620567997.1183548, 2.98, 0.62, 9.23, -0.07, -0.06, 0.03, 0.21, 0.55, 8.66, -0.11, -0.09, 0.01
2021-05-09 16:46:37.228371, 1620567997.2283716, 3.0, 0.72, 9.25, -0.05, -0.07, 0.01, 0.29, 0.71, 8.67, -0.08, -0.09, 0.0
2021-05-09 16:46:37.337805, 1620567997.3378053, 2.98, 0.68, 9.19, -0.03, -0.03, 0.04, 0.22, 0.58, 8.64, -0.08, -0.06, 0.04
2021-05-09 16:46:37.447498, 1620567997.4474988, 2.79, 0.67, 9.32, -0.04, -0.04, -0.02, 0.2, 0.57, 8.71, -0.06, -0.06, -0.02
2021-05-09 16:46:37.557035, 1620567997.557035, 2.96, 0.76, 9.2, -0.02, -0.09, -0.06, 0.23, 0.63, 8.63, -0.03, -0.11, -0.04
2021-05-09 16:46:37.666646, 1620567997.6666462, 2.93, 0.74, 9.2, -0.03, -0.05, -0.04, 0.29, 0.63, 8.6, -0.05, -0.07, -0.02
2021-05-09 16:46:37.776355, 1620567997.776355, 2.93, 0.77, 9.18, -0.02, -0.03, -0.05, 0.26, 0.68, 8.59, -0.04, -0.05, -0.03
2021-05-09 16:46:37.885758, 1620567997.8857584, 2.86, 0.8, 9.24, -0.03, -0.02, -0.08, 0.21, 0.64, 8.63, -0.04, -0.04, -0.06
2021-05-09 16:46:37.995422, 1620567997.9954221, 2.77, 0.89, 9.24, -0.04, -0.01, -0.06, 0.14, 0.77, 8.63, -0.05, -0.0, -0.04
2021-05-09 16:46:38.104816, 1620567998.104817, 2.7, 0.94, 9.31, -0.02, -0.0, -0.03, 0.05, 0.83, 8.65, -0.06, 0.02, -0.01
2021-05-09 16:46:38.214305, 1620567998.2143056, 2.72, 0.85, 9.25, -0.0, 0.01, -0.02, 0.01, 0.69, 8.62, -0.06, 0.04, 0.02
2021-05-09 16:46:38.323893, 1620567998.3238935, 2.67, 0.88, 9.31, -0.04, 0.01, -0.04, -0.06, 0.69, 8.66, -0.07, 0.03, -0.02
2021-05-09 16:46:38.433813, 1620567998.4338136, 2.57, 0.86, 9.35, -0.07, -0.02, -0.04, -0.13, 0.71, 8.68, -0.09, -0.0, -0.04
2021-05-09 16:46:38.542384, 1620567998.5423841, 2.52, 0.82, 9.35, -0.07, -0.05, -0.03, -0.17, 0.65, 8.63, -0.09, -0.05, -0.03
2021-05-09 16:46:38.651280, 1620567998.6512804, 2.6, 0.79, 9.31, -0.09, -0.07, -0.02, -0.18, 0.62, 8.61, -0.1, -0.08, -0.02
2021-05-09 16:46:38.762821, 1620567998.7628212, 2.59, 0.77, 9.36, -0.1, -0.08, -0.01, -0.15, 0.68, 8.66, -0.12, -0.08, -0.02
2021-05-09 16:46:38.871950, 1620567998.8719501, 2.61, 0.67, 9.3, -0.08, -0.08, 0.01, -0.13, 0.57, 8.66, -0.11, -0.08, 0.01
2021-05-09 16:46:38.981602, 1620567998.9816022, 2.6, 0.63, 9.34, -0.07, -0.08, 0.02, -0.15, 0.5, 8.66, -0.11, -0.09, 0.02
2021-05-09 16:46:39.091178, 1620567999.091178, 2.63, 0.54, 9.32, -0.06, -0.09, 0.01, -0.12, 0.43, 8.64, -0.09, -0.08, 0.02
2021-05-09 16:46:39.200818, 1620567999.2008188, 2.66, 0.56, 9.29, -0.05, -0.08, 0.01, -0.1, 0.46, 8.61, -0.07, -0.09, 0.01
2021-05-09 16:46:39.310398, 1620567999.3103988, 2.64, 0.53, 9.3, -0.03, -0.06, -0.03, -0.12, 0.4, 8.63, -0.06, -0.09, -0.0
2021-05-09 16:46:39.419849, 1620567999.4198499, 2.66, 0.54, 9.26, -0.02, -0.07, -0.07, -0.07, 0.41, 8.61, -0.05, -0.08, -0.04
2021-05-09 16:46:39.529600, 1620567999.5296, 2.66, 0.61, 9.33, -0.03, -0.07, -0.07, -0.03, 0.45, 8.68, -0.04, -0.09, -0.05
2021-05-09 16:46:39.639033, 1620567999.6390336, 2.67, 0.63, 9.29, -0.04, -0.06, -0.08, -0.05, 0.49, 8.64, -0.04, -0.08, -0.07
2021-05-09 16:46:39.748838, 1620567999.7488384, 2.64, 0.74, 9.29, -0.03, -0.05, -0.05, -0.07, 0.55, 8.63, -0.05, -0.06, -0.04
2021-05-09 16:46:39.858502, 1620567999.8585024, 2.6, 0.68, 9.3, -0.04, -0.05, -0.02, -0.07, 0.52, 8.63, -0.06, -0.07, -0.01
2021-05-09 16:46:39.967860, 1620567999.9678605, 2.64, 0.62, 9.26, -0.05, -0.04, 0.01, -0.05, 0.5, 8.62, -0.07, -0.07, 0.01
2021-05-09 16:46:40.077285, 1620568000.0772853, 2.56, 0.65, 9.31, -0.05, -0.04, 0.03, -0.07, 0.57, 8.63, -0.07, -0.05, 0.02
2021-05-09 16:46:40.185989, 1620568000.1859894, 2.59, 0.68, 9.3, -0.03, -0.04, 0.01, -0.11, 0.55, 8.6, -0.07, -0.05, 0.02
2021-05-09 16:46:40.295695, 1620568000.2956958, 2.5, 0.62, 9.35, -0.03, -0.03, 0.01, -0.16, 0.49, 8.65, -0.07, -0.01, 0.02
2021-05-09 16:46:40.406067, 1620568000.4060671, 2.42, 0.61, 9.35, -0.03, -0.04, 0.04, -0.26, 0.5, 8.64, -0.07, -0.0, 0.04
2021-05-09 16:46:40.515813, 1620568000.5158136, 2.4, 0.63, 9.41, -0.03, -0.04, 0.0, -0.33, 0.49, 8.65, -0.06, -0.04, 0.0
2021-05-09 16:46:40.625468, 1620568000.6254685, 2.45, 0.56, 9.38, -0.03, -0.05, 0.02, -0.26, 0.48, 8.67, -0.07, -0.04, 0.01
2021-05-09 16:46:40.734718, 1620568000.7347186, 2.46, 0.63, 9.32, -0.02, -0.07, 0.02, -0.27, 0.53, 8.6, -0.05, -0.05, 0.02
2021-05-09 16:46:40.844384, 1620568000.8443847, 2.45, 0.68, 9.32, -0.02, -0.07, -0.02, -0.29, 0.54, 8.62, -0.05, -0.06, 0.0
2021-05-09 16:46:40.953958, 1620568000.953959, 2.42, 0.68, 9.36, -0.02, -0.06, -0.02, -0.34, 0.57, 8.61, -0.05, -0.05, -0.0
2021-05-09 16:46:41.063627, 1620568001.0636277, 2.42, 0.64, 9.38, -0.03, -0.07, -0.01, -0.32, 0.54, 8.64, -0.05, -0.07, -0.0
2021-05-09 16:46:41.173307, 1620568001.173307, 2.46, 0.73, 9.33, -0.04, -0.06, -0.04, -0.34, 0.61, 8.59, -0.05, -0.05, -0.04
2021-05-09 16:46:41.282897, 1620568001.2828977, 2.45, 0.67, 9.36, -0.04, -0.08, -0.05, -0.3, 0.61, 8.62, -0.05, -0.05, -0.04
2021-05-09 16:46:41.389260, 1620568001.3892608, 2.5, 0.66, 9.32, -0.03, -0.05, -0.05, -0.36, 0.61, 8.61, -0.03, -0.05, -0.04
2021-05-09 16:46:41.502152, 1620568001.502152, 2.43, 0.81, 9.37, -0.01, -0.03, -0.04, -0.39, 0.7, 8.63, -0.03, -0.06, -0.02
2021-05-09 16:46:41.611584, 1620568001.611584, 2.42, 0.75, 9.37, -0.02, -0.06, -0.04, -0.39, 0.65, 8.61, -0.04, -0.07, -0.01
2021-05-09 16:46:41.721278, 1620568001.7212787, 2.39, 0.78, 9.39, -0.01, -0.08, -0.03, -0.4, 0.67, 8.65, -0.03, -0.08, -0.01
2021-05-09 16:46:41.830853, 1620568001.8308535, 2.44, 0.86, 9.32, -0.02, -0.06, -0.01, -0.37, 0.75, 8.59, -0.05, -0.07, 0.0
2021-05-09 16:46:41.939609, 1620568001.939609, 2.39, 0.83, 9.34, -0.04, -0.04, -0.0, -0.43, 0.73, 8.59, -0.07, -0.07, -0.0
2021-05-09 16:46:42.049904, 1620568002.0499043, 2.34, 0.8, 9.34, -0.02, -0.05, -0.01, -0.39, 0.71, 8.61, -0.07, -0.04, 0.02
2021-05-09 16:46:42.159550, 1620568002.1595507, 2.35, 0.77, 9.36, -0.05, -0.05, 0.01, -0.38, 0.67, 8.63, -0.08, -0.08, 0.02
2021-05-09 16:46:42.269079, 1620568002.26908, 2.3, 0.83, 9.39, -0.03, -0.06, 0.02, -0.43, 0.7, 8.63, -0.07, -0.08, 0.03
2021-05-09 16:46:42.378779, 1620568002.3787794, 2.36, 0.82, 9.37, -0.03, -0.07, 0.01, -0.4, 0.76, 8.62, -0.06, -0.07, 0.02
2021-05-09 16:46:42.488366, 1620568002.4883666, 2.36, 0.95, 9.34, -0.01, -0.07, 0.08, -0.37, 0.87, 8.6, -0.07, -0.06, 0.1
2021-05-09 16:46:42.597800, 1620568002.5978003, 2.39, 0.85, 9.36, -0.01, -0.05, 0.15, -0.38, 0.77, 8.61, -0.09, -0.05, 0.17
2021-05-09 16:46:42.707440, 1620568002.7074404, 2.38, 0.82, 9.32, -0.0, -0.04, 0.17, -0.38, 0.68, 8.58, -0.09, -0.05, 0.2
2021-05-09 16:46:42.817082, 1620568002.8170824, 2.37, 0.7, 9.4, -0.03, -0.04, 0.11, -0.42, 0.56, 8.64, -0.1, -0.04, 0.12
2021-05-09 16:46:42.926588, 1620568002.9265883, 2.36, 0.67, 9.35, -0.05, -0.05, 0.01, -0.39, 0.51, 8.63, -0.08, -0.05, 0.02
2021-05-09 16:46:43.036472, 1620568003.0364728, 2.34, 0.68, 9.37, -0.06, -0.05, -0.06, -0.42, 0.62, 8.58, -0.07, -0.06, -0.06
2021-05-09 16:46:43.145871, 1620568003.1458716, 2.33, 0.73, 9.41, -0.06, -0.06, -0.08, -0.43, 0.63, 8.65, -0.06, -0.06, -0.07
2021-05-09 16:46:43.255558, 1620568003.2555587, 2.34, 0.75, 9.39, -0.05, -0.07, -0.09, -0.44, 0.69, 8.61, -0.05, -0.07, -0.08
2021-05-09 16:46:43.365023, 1620568003.3650239, 2.34, 0.77, 9.38, -0.05, -0.08, -0.08, -0.44, 0.67, 8.61, -0.05, -0.08, -0.06
2021-05-09 16:46:43.474902, 1620568003.4749026, 2.38, 0.77, 9.35, -0.05, -0.09, -0.06, -0.39, 0.68, 8.6, -0.05, -0.1, -0.04
2021-05-09 16:46:43.583794, 1620568003.583794, 2.43, 0.72, 9.4, -0.05, -0.08, -0.07, -0.37, 0.6, 8.64, -0.05, -0.09, -0.06
2021-05-09 16:46:43.693990, 1620568003.6939902, 2.44, 0.76, 9.36, -0.06, -0.08, -0.11, -0.34, 0.67, 8.6, -0.05, -0.09, -0.1
2021-05-09 16:46:43.803495, 1620568003.8034954, 2.49, 0.7, 9.36, -0.07, -0.08, -0.15, -0.31, 0.63, 8.64, -0.05, -0.09, -0.14
2021-05-09 16:46:43.913136, 1620568003.9131362, 2.46, 0.77, 9.35, -0.06, -0.08, -0.16, -0.3, 0.72, 8.6, -0.04, -0.08, -0.15
2021-05-09 16:46:44.022817, 1620568004.0228179, 2.47, 0.76, 9.37, -0.07, -0.08, -0.15, -0.26, 0.7, 8.66, -0.05, -0.1, -0.15
2021-05-09 16:46:44.132533, 1620568004.132533, 2.47, 0.72, 9.36, -0.07, -0.07, -0.16, -0.27, 0.64, 8.63, -0.04, -0.11, -0.15
2021-05-09 16:46:44.241901, 1620568004.2419012, 2.51, 0.76, 9.3, -0.08, -0.06, -0.23, -0.21, 0.72, 8.58, -0.04, -0.1, -0.22
2021-05-09 16:46:44.351820, 1620568004.35182, 2.48, 0.82, 9.37, -0.07, -0.07, -0.15, -0.21, 0.8, 8.64, -0.06, -0.09, -0.16
2021-05-09 16:46:44.461436, 1620568004.4614365, 2.5, 0.88, 9.32, -0.04, -0.07, -0.05, -0.17, 0.85, 8.6, -0.05, -0.08, -0.04
2021-05-09 16:46:44.570832, 1620568004.570832, 2.5, 0.84, 9.34, -0.03, -0.07, -0.01, -0.18, 0.78, 8.63, -0.06, -0.07, 0.0
2021-05-09 16:46:44.680431, 1620568004.6804311, 2.48, 0.79, 9.33, -0.03, -0.04, 0.03, -0.19, 0.74, 8.63, -0.08, -0.07, 0.06
2021-05-09 16:46:44.789912, 1620568004.7899125, 2.46, 0.78, 9.38, -0.04, -0.05, 0.05, -0.19, 0.75, 8.66, -0.08, -0.07, 0.06
2021-05-09 16:46:44.899491, 1620568004.8994915, 2.46, 0.78, 9.36, -0.03, -0.06, 0.04, -0.17, 0.74, 8.61, -0.07, -0.07, 0.05
2021-05-09 16:46:45.009387, 1620568005.009387, 2.44, 0.78, 9.38, -0.04, -0.08, 0.04, -0.17, 0.76, 8.64, -0.08, -0.05, 0.05
2021-05-09 16:46:45.118896, 1620568005.118897, 2.47, 0.72, 9.33, -0.04, -0.06, 0.03, -0.15, 0.66, 8.64, -0.08, -0.06, 0.04
2021-05-09 16:46:45.227925, 1620568005.2279258, 2.45, 0.68, 9.38, -0.04, -0.07, 0.0, -0.2, 0.66, 8.65, -0.07, -0.06, 0.01
2021-05-09 16:46:45.338057, 1620568005.3380573, 2.5, 0.71, 9.31, -0.04, -0.09, -0.02, -0.11, 0.67, 8.62, -0.07, -0.07, -0.0
2021-05-09 16:46:45.447717, 1620568005.4477172, 2.55, 0.7, 9.35, -0.03, -0.07, -0.0, -0.11, 0.72, 8.63, -0.06, -0.07, 0.01
2021-05-09 16:46:45.557221, 1620568005.5572214, 2.52, 0.76, 9.34, -0.02, -0.08, 0.01, -0.17, 0.71, 8.64, -0.06, -0.08, 0.03
2021-05-09 16:46:45.666666, 1620568005.6666665, 2.61, 0.76, 9.3, -0.03, -0.08, 0.02, -0.08, 0.74, 8.58, -0.07, -0.07, 0.03
2021-05-09 16:46:45.776433, 1620568005.7764332, 2.64, 0.69, 9.31, -0.03, -0.09, 0.04, -0.08, 0.67, 8.63, -0.07, -0.07, 0.05
2021-05-09 16:46:45.885916, 1620568005.8859167, 2.7, 0.67, 9.25, -0.03, -0.08, 0.03, -0.05, 0.66, 8.58, -0.07, -0.06, 0.03
2021-05-09 16:46:45.995204, 1620568005.9952044, 2.61, 0.66, 9.33, -0.04, -0.06, -0.0, -0.14, 0.63, 8.65, -0.07, -0.05, 0.0
2021-05-09 16:46:46.105200, 1620568006.105201, 2.54, 0.7, 9.41, -0.04, -0.08, -0.03, -0.19, 0.67, 8.68, -0.06, -0.08, -0.01
2021-05-09 16:46:46.214469, 1620568006.21447, 2.64, 0.73, 9.29, -0.04, -0.1, -0.04, -0.15, 0.71, 8.61, -0.06, -0.09, -0.03
2021-05-09 16:46:46.324273, 1620568006.3242736, 2.73, 0.72, 9.25, -0.04, -0.08, -0.03, -0.07, 0.69, 8.58, -0.06, -0.06, -0.02
2021-05-09 16:46:46.433840, 1620568006.4338408, 2.73, 0.73, 9.25, -0.03, -0.05, -0.02, -0.1, 0.71, 8.62, -0.06, -0.04, -0.0
2021-05-09 16:46:46.543381, 1620568006.5433812, 2.59, 0.74, 9.33, -0.03, -0.05, -0.02, -0.2, 0.72, 8.66, -0.06, -0.05, 0.0
2021-05-09 16:46:46.652891, 1620568006.6528919, 2.61, 0.76, 9.34, -0.03, -0.07, -0.02, -0.18, 0.72, 8.64, -0.06, -0.07, -0.0
2021-05-09 16:46:46.762533, 1620568006.7625337, 2.73, 0.76, 9.27, -0.04, -0.08, -0.01, -0.12, 0.73, 8.61, -0.06, -0.08, 0.0
2021-05-09 16:46:46.872043, 1620568006.872043, 2.65, 0.75, 9.31, -0.04, -0.06, -0.01, -0.12, 0.74, 8.64, -0.07, -0.07, 0.0
2021-05-09 16:46:46.981785, 1620568006.9817853, 2.73, 0.7, 9.25, -0.04, -0.05, -0.01, -0.08, 0.66, 8.61, -0.07, -0.1, -0.01
2021-05-09 16:46:47.091403, 1620568007.0914035, 2.68, 0.74, 9.31, -0.04, -0.05, -0.02, -0.08, 0.71, 8.66, -0.07, -0.1, -0.01
2021-05-09 16:46:47.201111, 1620568007.201111, 2.68, 0.76, 9.28, -0.04, -0.07, -0.02, -0.01, 0.74, 8.62, -0.07, -0.11, -0.01
2021-05-09 16:46:47.310417, 1620568007.3104177, 2.66, 0.75, 9.29, -0.04, -0.08, -0.0, -0.04, 0.74, 8.58, -0.07, -0.08, 0.01
2021-05-09 16:46:47.419947, 1620568007.4199476, 2.77, 0.71, 9.23, -0.04, -0.11, -0.02, 0.04, 0.74, 8.56, -0.08, -0.06, 0.01
2021-05-09 16:46:47.529687, 1620568007.5296874, 2.77, 0.78, 9.32, -0.05, -0.07, -0.05, -0.07, 0.66, 8.66, -0.07, -0.03, -0.02
2021-05-09 16:46:47.639015, 1620568007.6390157, 2.77, 0.75, 9.26, -0.05, -0.03, -0.01, 0.01, 0.75, 8.61, -0.09, -0.0, 0.0
2021-05-09 16:46:47.748316, 1620568007.7483165, 2.78, 0.69, 9.25, -0.03, -0.04, -0.01, -0.09, 0.6, 8.6, -0.07, -0.03, 0.01
2021-05-09 16:46:47.857910, 1620568007.8579109, 2.68, 0.68, 9.27, -0.06, -0.02, -0.01, -0.15, 0.61, 8.64, -0.09, -0.01, -0.01
2021-05-09 16:46:47.967713, 1620568007.9677136, 2.66, 0.65, 9.31, -0.04, -0.07, 0.0, -0.16, 0.6, 8.61, -0.07, -0.06, 0.01
2021-05-09 16:46:48.077487, 1620568008.077488, 2.7, 0.7, 9.34, -0.04, -0.05, -0.01, -0.18, 0.65, 8.68, -0.07, -0.04, 0.0
2021-05-09 16:46:48.186897, 1620568008.1868978, 2.69, 0.64, 9.25, -0.03, -0.08, -0.01, -0.21, 0.62, 8.6, -0.06, -0.06, 0.0
2021-05-09 16:46:48.296502, 1620568008.2965024, 2.63, 0.71, 9.34, -0.02, -0.09, -0.0, -0.29, 0.65, 8.66, -0.06, -0.05, 0.01
2021-05-09 16:46:48.405523, 1620568008.4065208, 2.69, 0.74, 9.29, -0.03, -0.05, 0.0, -0.29, 0.66, 8.6, -0.06, -0.05, 0.01
2021-05-09 16:46:48.515748, 1620568008.515749, 2.53, 0.81, 9.38, -0.04, -0.13, 0.0, -0.37, 0.74, 8.66, -0.07, -0.09, 0.02
2021-05-09 16:46:48.625418, 1620568008.6254187, 2.86, 0.63, 9.23, -0.02, -0.05, 0.0, -0.19, 0.56, 8.59, -0.06, -0.06, 0.01
2021-05-09 16:46:48.734810, 1620568008.7348104, 2.63, 0.68, 9.26, -0.03, -0.06, 0.01, -0.29, 0.59, 8.57, -0.07, -0.02, 0.02
2021-05-09 16:46:48.844578, 1620568008.844578, 2.86, 0.66, 9.21, -0.05, -0.2, -0.02, -0.37, 0.58, 8.56, -0.06, -0.15, -0.02
2021-05-09 16:46:48.954112, 1620568008.9541125, 2.98, 0.66, 9.17, -0.05, -0.08, -0.04, -0.2, 0.58, 8.55, -0.07, -0.09, -0.04
2021-05-09 16:46:49.063743, 1620568009.0637438, 3.0, 0.64, 9.1, -0.03, -0.05, -0.04, -0.12, 0.62, 8.52, -0.05, -0.1, -0.03
2021-05-09 16:46:49.173331, 1620568009.1733313, 2.91, 0.71, 9.21, -0.04, -0.01, -0.05, -0.21, 0.66, 8.58, -0.06, -0.05, -0.05
2021-05-09 16:46:49.282228, 1620568009.2822287, 2.76, 0.67, 9.26, -0.04, 0.02, -0.05, -0.28, 0.63, 8.61, -0.06, -0.04, -0.05
2021-05-09 16:46:49.392466, 1620568009.392466, 2.71, 0.72, 9.27, -0.02, 0.01, -0.04, -0.27, 0.69, 8.59, -0.05, -0.04, -0.02
2021-05-09 16:46:49.501393, 1620568009.501394, 2.64, 0.74, 9.26, -0.03, -0.0, -0.04, -0.29, 0.67, 8.59, -0.06, -0.04, -0.03
2021-05-09 16:46:49.611578, 1620568009.6115782, 2.6, 0.71, 9.32, -0.04, -0.03, -0.04, -0.3, 0.67, 8.63, -0.06, -0.05, -0.02
2021-05-09 16:46:49.721189, 1620568009.72119, 2.57, 0.75, 9.34, -0.03, -0.05, -0.06, -0.33, 0.72, 8.64, -0.05, -0.05, -0.05
2021-05-09 16:46:49.830758, 1620568009.830758, 2.53, 0.84, 9.35, -0.03, -0.06, -0.07, -0.36, 0.75, 8.64, -0.04, -0.06, -0.05
2021-05-09 16:46:49.940385, 1620568009.9403853, 2.49, 0.88, 9.36, -0.03, -0.08, -0.06, -0.39, 0.82, 8.66, -0.04, -0.09, -0.04
2021-05-09 16:46:50.047461, 1620568010.047461, 2.5, 0.94, 9.35, -0.03, -0.09, -0.03, -0.39, 0.84, 8.61, -0.06, -0.1, -0.01
2021-05-09 16:46:50.159512, 1620568010.159512, 2.51, 0.89, 9.33, -0.04, -0.12, -0.0, -0.38, 0.81, 8.6, -0.07, -0.12, 0.01
2021-05-09 16:46:50.268262, 1620568010.2682626, 2.55, 0.82, 9.31, -0.06, -0.12, -0.01, -0.37, 0.7, 8.58, -0.08, -0.12, -0.0
2021-05-09 16:46:50.378795, 1620568010.3787956, 2.5, 0.87, 9.38, -0.09, -0.16, -0.05, -0.33, 0.73, 8.68, -0.09, -0.17, -0.04
2021-05-09 16:46:50.489327, 1620568010.4893277, 2.63, 0.88, 9.34, -0.16, -0.25, -0.08, -0.26, 0.73, 8.64, -0.14, -0.26, -0.09
2021-05-09 16:46:50.598123, 1620568010.5981236, 2.72, 0.76, 9.25, -0.19, -0.3, -0.14, -0.08, 0.67, 8.62, -0.15, -0.31, -0.16
2021-05-09 16:46:50.706067, 1620568010.706068, 2.75, 0.95, 9.19, -0.22, -0.37, -0.19, 0.08, 0.92, 8.63, -0.15, -0.4, -0.2
2021-05-09 16:46:50.817299, 1620568010.8172996, 3.05, 1.32, 9.01, -0.24, -0.64, -0.15, 0.55, 1.42, 8.51, -0.12, -0.69, -0.16
2021-05-09 16:46:50.927054, 1620568010.927055, 2.45, 2.47, 9.99, -0.35, -0.93, -0.04, -0.02, 2.11, 9.8, -0.25, -0.96, -0.1
2021-05-09 16:46:51.035959, 1620568011.0359592, 1.64, 1.73, 6.41, -0.58, -1.35, 0.23, 0.65, 0.48, 6.62, -0.74, -2.02, 0.05
2021-05-09 16:46:51.146367, 1620568011.1463675, 8.78, -2.54, 6.71, -1.01, -1.34, -0.32, 6.88, -1.54, 8.24, -0.78, -1.26, -0.84
2021-05-09 16:46:51.256098, 1620568011.2560985, 11.12, -2.07, 5.73, -0.54, -1.05, 0.0, 9.17, -0.52, 7.33, -0.35, -1.14, -0.07
2021-05-09 16:46:51.365808, 1620568011.365808, 9.91, -3.1, 3.83, -0.23, -0.61, 0.23, 8.45, -1.47, 5.05, -0.23, -0.41, 0.25
2021-05-09 16:46:51.475310, 1620568011.47531, 8.91, -2.93, 3.59, 0.11, -0.17, 0.44, 7.62, -2.09, 4.88, -0.05, -0.02, 0.5
2021-05-09 16:46:51.584856, 1620568011.5848565, 8.46, -3.44, 3.85, 0.15, 0.16, 0.23, 7.13, -2.66, 5.07, -0.01, 0.22, 0.31
2021-05-09 16:46:51.694423, 1620568011.6944232, 8.39, -3.12, 4.62, 0.23, 0.3, 0.06, 7.02, -2.42, 5.88, 0.11, 0.33, 0.2
2021-05-09 16:46:51.804048, 1620568011.804049, 8.2, -3.01, 5.27, 0.34, 0.48, -0.01, 6.5, -2.21, 6.39, 0.21, 0.5, 0.21
2021-05-09 16:46:51.913540, 1620568011.9135401, 7.65, -2.49, 5.83, 0.51, 0.64, 0.11, 5.73, -2.13, 6.85, 0.3, 0.66, 0.36
2021-05-09 16:46:52.023178, 1620568012.0231786, 6.45, -2.32, 6.19, 0.48, 0.63, 0.16, 4.77, -2.16, 6.81, 0.26, 0.76, 0.39
2021-05-09 16:46:52.133127, 1620568012.1331275, 6.03, -2.18, 6.86, 0.52, 0.68, 0.12, 3.74, -2.01, 7.51, 0.36, 0.89, 0.34
2021-05-09 16:46:52.242504, 1620568012.2425044, 4.92, -0.82, 7.79, 0.53, 0.77, 0.09, 2.2, -1.06, 8.14, 0.33, 0.93, 0.28
2021-05-09 16:46:52.352123, 1620568012.3521235, 3.45, -0.26, 8.76, 0.32, 0.62, -0.04, 1.08, -0.77, 8.69, 0.2, 0.74, 0.12
2021-05-09 16:46:52.461222, 1620568012.4612222, 3.18, 0.72, 9.26, 0.22, 0.26, -0.14, 0.11, 0.49, 8.89, 0.23, 0.28, -0.02
2021-05-09 16:46:52.571229, 1620568012.5712297, 3.14, 1.34, 9.62, 0.2, 0.15, -0.21, -0.09, 0.95, 9.19, 0.22, 0.13, -0.09
2021-05-09 16:46:52.680997, 1620568012.6809978, 3.16, 1.55, 9.27, 0.16, 0.13, -0.13, -0.07, 1.15, 8.74, 0.17, 0.09, -0.02
2021-05-09 16:46:52.790370, 1620568012.79037, 2.73, 1.47, 9.04, 0.15, 0.15, -0.08, -0.3, 1.11, 8.41, 0.14, 0.13, 0.02
2021-05-09 16:46:52.900095, 1620568012.9000952, 2.68, 1.76, 9.28, 0.12, 0.1, -0.1, -0.41, 1.32, 8.66, 0.1, 0.09, -0.03
2021-05-09 16:46:53.009736, 1620568013.0097363, 2.62, 1.57, 9.16, 0.03, 0.03, -0.13, -0.42, 1.2, 8.46, 0.02, 0.02, -0.12
2021-05-09 16:46:53.119457, 1620568013.119457, 2.99, 1.68, 9.06, -0.0, -0.03, -0.19, -0.18, 1.44, 8.44, 0.07, -0.02, -0.18
2021-05-09 16:46:53.229083, 1620568013.229084, 2.82, 1.59, 9.27, -0.01, 0.06, -0.09, -0.46, 1.32, 8.64, -0.01, 0.05, -0.07
2021-05-09 16:46:53.338630, 1620568013.3386302, 2.51, 1.33, 9.43, -0.06, -0.05, -0.04, -0.51, 1.07, 8.72, -0.07, -0.05, -0.05
2021-05-09 16:46:53.448376, 1620568013.448377, 2.66, 1.22, 9.24, -0.06, -0.04, -0.03, -0.51, 0.99, 8.52, -0.07, -0.06, -0.04
2021-05-09 16:46:53.557952, 1620568013.557952, 2.59, 1.22, 9.27, -0.07, -0.05, 0.02, -0.51, 0.94, 8.6, -0.09, -0.06, -0.0
2021-05-09 16:46:53.667714, 1620568013.6677146, 2.65, 1.1, 9.28, -0.1, -0.06, 0.02, -0.47, 0.91, 8.58, -0.13, -0.08, -0.0
2021-05-09 16:46:53.776914, 1620568013.7769148, 2.65, 0.98, 9.27, -0.1, -0.05, 0.06, -0.46, 0.83, 8.59, -0.14, -0.07, 0.03
2021-05-09 16:46:53.886465, 1620568013.8864658, 2.55, 0.95, 9.29, -0.09, -0.02, 0.07, -0.54, 0.75, 8.57, -0.13, -0.04, 0.06
2021-05-09 16:46:53.996118, 1620568013.9961188, 2.5, 0.83, 9.37, -0.07, -0.03, 0.05, -0.57, 0.67, 8.62, -0.12, -0.05, 0.04
2021-05-09 16:46:54.105699, 1620568014.1056995, 2.5, 0.8, 9.34, -0.07, -0.05, 0.02, -0.55, 0.62, 8.62, -0.1, -0.06, 0.01
2021-05-09 16:46:54.215501, 1620568014.215501, 2.54, 0.82, 9.35, -0.06, -0.07, 0.0, -0.54, 0.62, 8.62, -0.08, -0.08, 0.0
2021-05-09 16:46:54.325034, 1620568014.3250349, 2.59, 0.82, 9.29, -0.05, -0.06, -0.0, -0.47, 0.65, 8.6, -0.08, -0.06, 0.0
2021-05-09 16:46:54.434674, 1620568014.434674, 2.59, 0.85, 9.31, -0.05, -0.05, -0.0, -0.51, 0.69, 8.61, -0.08, -0.05, 0.0
2021-05-09 16:46:54.544460, 1620568014.5444605, 2.56, 0.8, 9.31, -0.04, -0.05, 0.0, -0.5, 0.63, 8.59, -0.07, -0.06, 0.01
2021-05-09 16:46:54.653893, 1620568014.6538937, 2.55, 0.79, 9.33, -0.04, -0.06, -0.0, -0.49, 0.64, 8.61, -0.07, -0.07, 0.0
2021-05-09 16:46:54.763291, 1620568014.7632911, 2.6, 0.79, 9.33, -0.05, -0.07, -0.01, -0.49, 0.61, 8.63, -0.07, -0.08, -0.01
2021-05-09 16:46:54.872871, 1620568014.872871, 2.56, 0.78, 9.31, -0.05, -0.08, -0.01, -0.46, 0.67, 8.59, -0.07, -0.09, -0.01
2021-05-09 16:46:54.982641, 1620568014.9826417, 2.58, 0.75, 9.32, -0.05, -0.08, -0.01, -0.47, 0.6, 8.58, -0.08, -0.08, -0.0
2021-05-09 16:46:55.092199, 1620568015.0921996, 2.63, 0.74, 9.33, -0.06, -0.07, -0.02, -0.47, 0.57, 8.62, -0.08, -0.08, -0.0
2021-05-09 16:46:55.201858, 1620568015.2018583, 2.55, 0.7, 9.31, -0.05, -0.06, -0.01, -0.45, 0.61, 8.58, -0.08, -0.07, -0.0
2021-05-09 16:46:55.311462, 1620568015.3114622, 2.56, 0.73, 9.37, -0.04, -0.05, -0.01, -0.48, 0.59, 8.65, -0.06, -0.06, -0.0
2021-05-09 16:46:55.420762, 1620568015.420762, 2.52, 0.72, 9.34, -0.04, -0.08, -0.0, -0.53, 0.59, 8.6, -0.06, -0.08, 0.01
2021-05-09 16:46:55.530333, 1620568015.5303338, 2.61, 0.73, 9.28, -0.02, -0.06, 0.0, -0.44, 0.58, 8.57, -0.06, -0.06, 0.02
2021-05-09 16:46:55.639439, 1620568015.6394393, 2.63, 0.71, 9.32, -0.02, -0.04, -0.0, -0.47, 0.59, 8.61, -0.06, -0.04, 0.01
2021-05-09 16:46:55.749808, 1620568015.7498083, 2.53, 0.69, 9.33, -0.03, -0.05, -0.01, -0.53, 0.57, 8.61, -0.06, -0.05, -0.0
2021-05-09 16:46:55.859238, 1620568015.859238, 2.52, 0.75, 9.35, -0.04, -0.05, -0.01, -0.51, 0.61, 8.6, -0.07, -0.06, -0.0
2021-05-09 16:46:55.968814, 1620568015.9688141, 2.59, 0.72, 9.34, -0.04, -0.07, -0.01, -0.5, 0.61, 8.6, -0.07, -0.07, -0.0
2021-05-09 16:46:56.078389, 1620568016.0783892, 2.56, 0.73, 9.36, -0.05, -0.07, -0.02, -0.53, 0.61, 8.63, -0.07, -0.07, -0.01
2021-05-09 16:46:56.187993, 1620568016.1879933, 2.59, 0.71, 9.32, -0.04, -0.07, -0.01, -0.5, 0.62, 8.61, -0.07, -0.07, -0.0
2021-05-09 16:46:56.296705, 1620568016.296705, 2.58, 0.71, 9.31, -0.04, -0.07, -0.01, -0.48, 0.6, 8.6, -0.06, -0.07, 0.0
2021-05-09 16:46:56.407156, 1620568016.4071562, 2.59, 0.71, 9.33, -0.03, -0.07, -0.01, -0.49, 0.61, 8.61, -0.06, -0.07, 0.01
2021-05-09 16:46:56.517015, 1620568016.5170157, 2.59, 0.72, 9.3, -0.02, -0.07, -0.0, -0.48, 0.62, 8.59, -0.05, -0.07, 0.01
2021-05-09 16:46:56.626640, 1620568016.6266403, 2.6, 0.76, 9.31, -0.03, -0.06, -0.01, -0.48, 0.63, 8.6, -0.06, -0.07, -0.0
2021-05-09 16:46:56.735881, 1620568016.7358818, 2.6, 0.76, 9.3, -0.03, -0.06, -0.0, -0.45, 0.65, 8.59, -0.06, -0.07, 0.0
2021-05-09 16:46:56.845441, 1620568016.845441, 2.6, 0.76, 9.36, -0.04, -0.07, -0.0, -0.42, 0.62, 8.63, -0.07, -0.08, 0.0
2021-05-09 16:46:56.955206, 1620568016.9552069, 2.61, 0.72, 9.32, -0.04, -0.06, -0.02, -0.46, 0.63, 8.61, -0.07, -0.07, -0.01
2021-05-09 16:46:57.064930, 1620568017.06493, 2.55, 0.75, 9.32, -0.04, -0.07, -0.02, -0.46, 0.61, 8.63, -0.07, -0.07, -0.0
2021-05-09 16:46:57.174537, 1620568017.1745372, 2.62, 0.73, 9.28, -0.04, -0.07, -0.02, -0.44, 0.62, 8.61, -0.06, -0.08, -0.01
2021-05-09 16:46:57.283941, 1620568017.283942, 2.62, 0.75, 9.33, -0.05, -0.07, -0.02, -0.44, 0.64, 8.6, -0.07, -0.08, -0.01
2021-05-09 16:46:57.393657, 1620568017.393657, 2.63, 0.76, 9.29, -0.04, -0.07, -0.01, -0.4, 0.66, 8.59, -0.07, -0.07, 0.0
2021-05-09 16:46:57.503088, 1620568017.5030882, 2.6, 0.76, 9.31, -0.04, -0.07, 0.0, -0.41, 0.65, 8.61, -0.07, -0.07, 0.01
2021-05-09 16:46:57.612789, 1620568017.6127894, 2.63, 0.74, 9.29, -0.03, -0.07, 0.02, -0.39, 0.63, 8.6, -0.07, -0.08, 0.03
2021-05-09 16:46:57.722083, 1620568017.7220833, 2.62, 0.65, 9.31, -0.04, -0.08, 0.01, -0.4, 0.54, 8.62, -0.07, -0.08, 0.02
2021-05-09 16:46:57.831845, 1620568017.831846, 2.64, 0.68, 9.34, -0.03, -0.09, 0.0, -0.41, 0.57, 8.64, -0.06, -0.08, 0.02
2021-05-09 16:46:57.941434, 1620568017.9414341, 2.68, 0.7, 9.3, -0.03, -0.1, 0.01, -0.36, 0.56, 8.6, -0.05, -0.09, 0.03
2021-05-09 16:46:58.050964, 1620568018.0509646, 2.69, 0.72, 9.28, -0.03, -0.1, 0.02, -0.37, 0.61, 8.62, -0.06, -0.09, 0.03
2021-05-09 16:46:58.160666, 1620568018.1606667, 2.71, 0.72, 9.3, -0.02, -0.1, 0.02, -0.35, 0.59, 8.64, -0.06, -0.1, 0.03
2021-05-09 16:46:58.270137, 1620568018.2701378, 2.75, 0.66, 9.28, -0.02, -0.12, 0.03, -0.3, 0.57, 8.64, -0.05, -0.12, 0.04
2021-05-09 16:46:58.379776, 1620568018.3797767, 2.8, 0.62, 9.31, -0.01, -0.13, 0.03, -0.26, 0.53, 8.67, -0.04, -0.13, 0.04
2021-05-09 16:46:58.489572, 1620568018.489572, 2.82, 0.68, 9.29, 0.0, -0.17, 0.02, -0.24, 0.65, 8.66, -0.02, -0.17, 0.05
2021-05-09 16:46:58.598860, 1620568018.5988603, 2.89, 0.68, 9.28, 0.02, -0.2, 0.06, -0.14, 0.64, 8.68, -0.02, -0.2, 0.08
2021-05-09 16:46:58.706894, 1620568018.7068944, 2.94, 0.71, 9.26, 0.04, -0.26, 0.09, -0.08, 0.69, 8.69, 0.0, -0.26, 0.12
2021-05-09 16:46:58.818021, 1620568018.818021, 2.98, 0.71, 9.25, 0.05, -0.33, 0.13, 0.07, 0.69, 8.73, 0.01, -0.35, 0.16
2021-05-09 16:46:58.927595, 1620568018.927595, 3.02, 0.74, 9.22, 0.06, -0.46, 0.17, 0.21, 0.78, 8.75, 0.03, -0.47, 0.23
2021-05-09 16:46:59.037172, 1620568019.0371723, 2.7, 0.7, 9.29, 0.07, -0.64, 0.2, 0.21, 0.8, 8.87, 0.05, -0.66, 0.31
2021-05-09 16:46:59.143042, 1620568019.1430428, 2.5, 1.11, 9.14, 0.1, -1.22, 0.39, 1.02, 1.33, 8.95, 0.12, -1.22, 0.6
2021-05-09 16:46:59.256406, 1620568019.2564068, 3.38, 1.49, 7.21, 0.03, -2.27, 0.32, 2.39, 1.3, 7.72, 0.16, -2.5, 0.29
2021-05-09 16:46:59.366262, 1620568019.3662627, 7.12, 1.64, 3.72, -0.24, -2.0, 0.31, 5.59, 3.0, 5.57, -0.04, -2.94, -0.15
2021-05-09 16:46:59.475679, 1620568019.4756792, 9.8, 0.21, 3.43, 0.09, -1.81, 1.04, 7.89, 2.19, 3.97, 0.27, -1.49, 1.68
2021-05-09 16:46:59.585836, 1620568019.5858362, 12.18, -4.48, 1.34, -0.63, -1.49, 0.19, 11.16, -2.65, 2.63, -0.58, -1.41, -0.08
2021-05-09 16:46:59.695693, 1620568019.6956937, 11.41, -2.47, -1.71, -0.28, -1.02, 0.17, 11.1, -0.86, -0.35, -0.16, -0.6, 0.25
2021-05-09 16:46:59.805069, 1620568019.80507, 11.44, -1.75, -2.76, 0.02, -0.34, 0.0, 11.02, -0.49, -1.14, 0.03, -0.06, 0.22
2021-05-09 16:46:59.914641, 1620568019.9146411, 10.52, -1.26, -0.92, 0.02, 0.04, -0.12, 10.46, -0.52, 1.0, -0.0, 0.21, 0.01
2021-05-09 16:47:00.024193, 1620568020.0241933, 10.15, -1.04, -0.27, -0.02, 0.1, -0.04, 9.86, 0.07, 1.57, -0.09, 0.19, 0.05
2021-05-09 16:47:00.133954, 1620568020.133954, 10.16, -1.3, 0.27, -0.08, 0.22, -0.11, 9.74, -0.59, 2.24, -0.12, 0.23, -0.1
2021-05-09 16:47:00.243666, 1620568020.2436666, 10.45, -0.96, 0.36, -0.06, 0.33, -0.1, 9.83, -0.25, 2.37, -0.11, 0.32, -0.08
2021-05-09 16:47:00.353242, 1620568020.3532424, 10.54, -1.04, 0.67, -0.03, 0.52, -0.03, 9.74, -0.12, 2.73, -0.13, 0.52, -0.04
2021-05-09 16:47:00.462813, 1620568020.4628131, 9.99, -1.09, 1.46, -0.02, 0.63, -0.06, 9.24, -0.37, 3.34, -0.1, 0.62, -0.05
2021-05-09 16:47:00.572396, 1620568020.5723968, 9.81, -1.32, 2.2, 0.02, 0.67, -0.08, 8.68, -0.73, 4.05, -0.06, 0.72, -0.05
2021-05-09 16:47:00.682212, 1620568020.6822128, 9.22, -1.31, 3.06, 0.03, 0.75, -0.18, 7.84, -0.62, 4.78, -0.01, 0.8, -0.13
2021-05-09 16:47:00.791783, 1620568020.7917836, 8.66, -0.97, 3.88, -0.02, 0.8, -0.3, 7.16, -0.47, 5.5, -0.01, 0.78, -0.3
2021-05-09 16:47:00.901363, 1620568020.9013634, 8.37, -0.95, 4.26, -0.05, 0.83, -0.35, 6.66, -0.51, 5.65, -0.03, 0.83, -0.39
2021-05-09 16:47:01.010918, 1620568021.010918, 7.66, 0.15, 5.82, -0.14, 0.75, -0.52, 5.53, 0.85, 7.1, -0.03, 0.8, -0.55
2021-05-09 16:47:01.120586, 1620568021.120586, 7.22, 0.13, 6.35, -0.13, 0.73, -0.49, 4.77, 0.7, 7.39, -0.05, 0.78, -0.54
2021-05-09 16:47:01.230264, 1620568021.2302647, 6.53, 0.59, 7.24, -0.16, 0.67, -0.37, 3.85, 1.32, 8.02, -0.09, 0.74, -0.52
2021-05-09 16:47:01.339844, 1620568021.3398447, 5.39, 0.76, 8.16, -0.17, 0.52, -0.25, 2.45, 1.37, 8.57, -0.11, 0.59, -0.36
2021-05-09 16:47:01.449578, 1620568021.4495788, 4.9, 0.84, 8.17, -0.11, 0.52, -0.18, 1.66, 1.4, 8.4, -0.11, 0.55, -0.22
2021-05-09 16:47:01.559208, 1620568021.5592082, 4.39, 1.19, 8.46, -0.09, 0.49, -0.09, 1.1, 1.75, 8.46, -0.12, 0.52, -0.13
2021-05-09 16:47:01.668776, 1620568021.668776, 4.07, 0.96, 8.7, 0.03, 0.44, 0.06, 0.75, 1.31, 8.51, -0.1, 0.47, 0.03
2021-05-09 16:47:01.774785, 1620568021.7747855, 3.9, 0.95, 8.91, -0.03, 0.3, -0.18, 0.31, 1.26, 8.61, -0.09, 0.29, -0.15
2021-05-09 16:47:01.887914, 1620568021.8879142, 3.51, 1.22, 9.12, -0.04, 0.22, -0.1, 0.03, 1.57, 8.6, -0.13, 0.25, -0.06
2021-05-09 16:47:01.997661, 1620568021.997662, 3.64, 1.27, 9.09, 0.0, 0.15, -0.05, -0.03, 1.43, 8.65, -0.02, 0.18, -0.06
2021-05-09 16:47:02.107235, 1620568022.107236, 3.38, 0.98, 9.46, -0.03, 0.03, -0.1, -0.47, 0.98, 9.05, -0.04, -0.0, -0.19
2021-05-09 16:47:02.216830, 1620568022.2168303, 3.22, 0.73, 9.11, -0.04, 0.02, -0.05, -0.17, 1.17, 8.62, -0.05, 0.04, -0.09
2021-05-09 16:47:02.326384, 1620568022.3263848, 3.39, 0.64, 9.12, -0.06, -0.05, -0.06, -0.13, 0.66, 8.67, -0.07, -0.1, -0.05
2021-05-09 16:47:02.436294, 1620568022.4362948, 3.09, 0.59, 9.21, -0.11, -0.05, -0.14, -0.39, 0.81, 8.65, -0.07, -0.05, -0.16
2021-05-09 16:47:02.545863, 1620568022.5458636, 3.32, 0.52, 9.03, -0.11, 0.01, -0.16, -0.36, 0.8, 8.52, -0.08, -0.05, -0.16
2021-05-09 16:47:02.655475, 1620568022.6554751, 3.21, 0.72, 9.17, -0.09, 0.0, -0.1, -0.35, 0.96, 8.62, -0.08, -0.03, -0.09
2021-05-09 16:47:02.764732, 1620568022.7647324, 3.29, 0.69, 9.07, -0.04, 0.07, 0.0, -0.35, 1.0, 8.53, -0.09, 0.02, 0.0
2021-05-09 16:47:02.874293, 1620568022.8742938, 3.01, 0.91, 9.19, -0.01, 0.14, 0.05, -0.47, 1.06, 8.56, -0.07, 0.04, 0.05
2021-05-09 16:47:02.984041, 1620568022.9840412, 2.62, 0.71, 9.31, -0.04, 0.08, 0.08, -0.66, 0.99, 8.62, -0.07, -0.03, 0.08
2021-05-09 16:47:03.093701, 1620568023.0937016, 2.57, 0.85, 9.31, -0.02, 0.01, 0.08, -0.65, 1.12, 8.54, -0.08, -0.05, 0.1
2021-05-09 16:47:03.203182, 1620568023.2031827, 2.67, 0.88, 9.32, -0.01, -0.03, 0.07, -0.61, 1.09, 8.6, -0.07, -0.07, 0.1
2021-05-09 16:47:03.312373, 1620568023.312373, 2.54, 0.77, 9.35, -0.04, -0.05, 0.05, -0.66, 1.03, 8.53, -0.1, -0.06, 0.05
2021-05-09 16:47:03.422331, 1620568023.4223318, 2.56, 0.8, 9.33, -0.04, -0.07, 0.02, -0.66, 1.0, 8.59, -0.08, -0.07, 0.03
2021-05-09 16:47:03.531935, 1620568023.5319357, 2.54, 0.74, 9.36, -0.04, -0.09, -0.0, -0.63, 1.01, 8.63, -0.06, -0.08, 0.0
2021-05-09 16:47:03.641504, 1620568023.6415048, 2.76, 0.81, 9.22, -0.05, -0.11, -0.01, -0.51, 1.03, 8.47, -0.08, -0.1, 0.0
2021-05-09 16:47:03.751259, 1620568023.7512596, 2.72, 0.73, 9.28, -0.05, -0.07, -0.02, -0.55, 0.97, 8.56, -0.08, -0.08, -0.01
2021-05-09 16:47:03.860866, 1620568023.8608668, 2.59, 0.74, 9.32, -0.04, -0.1, -0.03, -0.62, 0.99, 8.61, -0.06, -0.09, -0.02
2021-05-09 16:47:03.970453, 1620568023.970453, 2.76, 0.74, 9.28, -0.05, -0.11, -0.02, -0.52, 1.0, 8.56, -0.07, -0.1, -0.02
2021-05-09 16:47:04.079979, 1620568024.0799794, 2.97, 0.71, 9.19, -0.04, -0.09, -0.0, -0.39, 0.99, 8.51, -0.06, -0.06, 0.0
2021-05-09 16:47:04.189634, 1620568024.1896346, 2.81, 0.77, 9.26, -0.03, -0.04, -0.0, -0.48, 1.03, 8.6, -0.06, -0.04, 0.01
2021-05-09 16:47:04.299187, 1620568024.299187, 2.71, 0.77, 9.32, -0.04, -0.07, 0.0, -0.54, 0.99, 8.62, -0.07, -0.07, 0.0
2021-05-09 16:47:04.408735, 1620568024.4087353, 2.82, 0.73, 9.28, -0.03, -0.09, -0.0, -0.48, 0.95, 8.59, -0.06, -0.09, 0.01
2021-05-09 16:47:04.518547, 1620568024.5185475, 2.89, 0.76, 9.23, -0.04, -0.08, -0.02, -0.46, 0.98, 8.56, -0.06, -0.09, -0.01
2021-05-09 16:47:04.628225, 1620568024.6282256, 2.84, 0.75, 9.24, -0.03, -0.08, -0.02, -0.43, 0.99, 8.61, -0.06, -0.09, -0.01
2021-05-09 16:47:04.737686, 1620568024.7376862, 2.91, 0.75, 9.21, -0.04, -0.08, -0.02, -0.39, 1.01, 8.58, -0.07, -0.08, -0.0
2021-05-09 16:47:04.847073, 1620568024.8470738, 2.88, 0.77, 9.26, -0.03, -0.08, -0.0, -0.42, 1.01, 8.6, -0.07, -0.07, 0.02
2021-05-09 16:47:04.956754, 1620568024.9567544, 2.88, 0.76, 9.24, -0.04, -0.09, 0.0, -0.42, 1.02, 8.6, -0.07, -0.08, 0.02
2021-05-09 16:47:05.066201, 1620568025.066202, 2.98, 0.72, 9.17, -0.05, -0.09, -0.0, -0.35, 0.99, 8.56, -0.07, -0.08, 0.01
2021-05-09 16:47:05.175239, 1620568025.1752396, 2.96, 0.74, 9.24, -0.05, -0.08, -0.01, -0.36, 1.01, 8.6, -0.08, -0.08, 0.0
2021-05-09 16:47:05.285341, 1620568025.2853417, 2.98, 0.7, 9.23, -0.05, -0.07, -0.01, -0.33, 1.0, 8.59, -0.07, -0.07, 0.0
2021-05-09 16:47:05.394952, 1620568025.3949525, 3.0, 0.68, 9.21, -0.05, -0.08, -0.0, -0.34, 0.97, 8.6, -0.08, -0.08, 0.0
2021-05-09 16:47:05.504514, 1620568025.5045142, 3.0, 0.65, 9.22, -0.05, -0.09, -0.01, -0.32, 0.97, 8.6, -0.08, -0.08, 0.0
2021-05-09 16:47:05.614287, 1620568025.6142876, 3.06, 0.67, 9.17, -0.05, -0.07, -0.01, -0.27, 0.93, 8.6, -0.08, -0.07, -0.0
2021-05-09 16:47:05.723292, 1620568025.7232926, 3.08, 0.65, 9.19, -0.04, -0.08, -0.01, -0.27, 0.95, 8.59, -0.07, -0.09, 0.0
2021-05-09 16:47:05.833406, 1620568025.833406, 3.13, 0.65, 9.16, -0.04, -0.07, -0.01, -0.25, 0.95, 8.59, -0.07, -0.08, -0.0
2021-05-09 16:47:05.942976, 1620568025.9429765, 3.14, 0.65, 9.17, -0.04, -0.07, -0.01, -0.21, 0.94, 8.59, -0.06, -0.07, 0.0
2021-05-09 16:47:06.052664, 1620568026.0526648, 3.1, 0.65, 9.17, -0.03, -0.06, -0.0, -0.22, 0.94, 8.61, -0.06, -0.07, 0.01
2021-05-09 16:47:06.162131, 1620568026.1621318, 3.1, 0.68, 9.2, -0.03, -0.07, -0.01, -0.22, 0.98, 8.61, -0.06, -0.07, 0.01
2021-05-09 16:47:06.271852, 1620568026.271852, 3.17, 0.63, 9.09, -0.02, -0.04, -0.0, -0.2, 0.9, 8.54, -0.06, -0.06, 0.01
2021-05-09 16:47:06.381277, 1620568026.3812778, 3.09, 0.68, 9.17, -0.01, -0.0, -0.01, -0.24, 0.96, 8.61, -0.05, -0.02, 0.0
2021-05-09 16:47:06.491229, 1620568026.4912288, 2.98, 0.69, 9.23, -0.01, -0.03, -0.02, -0.27, 0.96, 8.62, -0.05, -0.04, 0.0
2021-05-09 16:47:06.600569, 1620568026.6005695, 2.99, 0.73, 9.21, -0.02, -0.04, -0.02, -0.27, 0.96, 8.58, -0.05, -0.06, -0.01
2021-05-09 16:47:06.710052, 1620568026.710053, 2.95, 0.74, 9.26, -0.04, -0.06, -0.03, -0.32, 0.99, 8.62, -0.06, -0.08, -0.02
2021-05-09 16:47:06.819586, 1620568026.819586, 2.99, 0.75, 9.2, -0.04, -0.07, -0.03, -0.26, 1.02, 8.59, -0.06, -0.08, -0.02
2021-05-09 16:47:06.929200, 1620568026.9292004, 2.94, 0.75, 9.22, -0.04, -0.08, -0.02, -0.3, 1.0, 8.6, -0.06, -0.08, -0.01
2021-05-09 16:47:07.038168, 1620568027.0381684, 2.95, 0.75, 9.24, -0.05, -0.07, -0.02, -0.3, 1.02, 8.59, -0.06, -0.09, -0.01
2021-05-09 16:47:07.148373, 1620568027.1483738, 2.94, 0.76, 9.24, -0.04, -0.08, -0.02, -0.28, 1.03, 8.61, -0.06, -0.1, -0.01
2021-05-09 16:47:07.258138, 1620568027.2581387, 3.0, 0.75, 9.21, -0.05, -0.08, -0.02, -0.25, 1.03, 8.6, -0.07, -0.09, -0.01
2021-05-09 16:47:07.367778, 1620568027.3677783, 3.04, 0.75, 9.17, -0.04, -0.07, -0.02, -0.2, 1.05, 8.57, -0.07, -0.08, -0.0
2021-05-09 16:47:07.476824, 1620568027.4768248, 3.01, 0.73, 9.22, -0.05, -0.06, -0.01, -0.23, 1.02, 8.58, -0.07, -0.06, -0.0
2021-05-09 16:47:07.586896, 1620568027.5868967, 2.99, 0.7, 9.24, -0.05, -0.06, -0.01, -0.23, 1.0, 8.62, -0.07, -0.07, -0.0
2021-05-09 16:47:07.696503, 1620568027.6965034, 3.03, 0.72, 9.22, -0.05, -0.07, -0.01, -0.2, 1.0, 8.61, -0.07, -0.07, -0.01
2021-05-09 16:47:07.806306, 1620568027.8063061, 3.06, 0.69, 9.22, -0.05, -0.06, -0.01, -0.16, 1.0, 8.63, -0.07, -0.07, -0.01
2021-05-09 16:47:07.915377, 1620568027.9153774, 3.16, 0.63, 9.17, -0.03, -0.05, -0.01, -0.07, 0.97, 8.58, -0.06, -0.07, 0.0
2021-05-09 16:47:08.024842, 1620568028.0248423, 3.18, 0.65, 9.05, -0.03, -0.01, -0.03, -0.06, 0.96, 8.47, -0.05, -0.02, -0.01
2021-05-09 16:47:08.134530, 1620568028.1345308, 3.06, 0.72, 9.13, -0.02, 0.03, -0.03, -0.16, 1.01, 8.55, -0.05, 0.03, -0.02
2021-05-09 16:47:08.244127, 1620568028.244127, 2.93, 0.72, 9.19, -0.02, 0.04, -0.01, -0.27, 1.01, 8.55, -0.06, 0.05, -0.01
2021-05-09 16:47:08.353732, 1620568028.353732, 2.81, 0.7, 9.32, -0.03, 0.02, 0.0, -0.42, 0.99, 8.65, -0.08, 0.05, 0.01
2021-05-09 16:47:08.463277, 1620568028.4632776, 2.65, 0.77, 9.34, -0.03, -0.04, -0.01, -0.54, 0.98, 8.6, -0.08, 0.0, 0.02
2021-05-09 16:47:08.572923, 1620568028.5729232, 2.68, 0.77, 9.3, -0.05, -0.09, -0.01, -0.7, 1.0, 8.59, -0.08, -0.02, 0.02
2021-05-09 16:47:08.682432, 1620568028.6824324, 2.64, 0.79, 9.33, -0.04, -0.06, 0.02, -0.72, 1.0, 8.61, -0.08, -0.04, 0.03
2021-05-09 16:47:08.792006, 1620568028.7920067, 2.61, 0.82, 9.29, -0.06, -0.04, 0.03, -0.76, 0.96, 8.56, -0.1, -0.06, 0.02
2021-05-09 16:47:08.901602, 1620568028.9016025, 2.69, 0.64, 9.25, -0.06, -0.06, 0.04, -0.72, 0.87, 8.51, -0.1, -0.08, 0.02
2021-05-09 16:47:09.011403, 1620568029.0114036, 2.71, 0.55, 9.27, -0.02, -0.07, 0.01, -0.69, 0.85, 8.51, -0.05, -0.05, 0.02
2021-05-09 16:47:09.120907, 1620568029.1209078, 2.56, 0.6, 9.33, 0.01, -0.09, -0.04, -0.83, 0.83, 8.6, -0.02, -0.04, 0.01
2021-05-09 16:47:09.230511, 1620568029.2305117, 2.63, 0.85, 9.39, -0.04, -0.01, -0.06, -0.76, 0.97, 8.61, -0.06, -0.03, -0.05
2021-05-09 16:47:09.340228, 1620568029.3402283, 2.36, 0.79, 9.53, -0.05, -0.22, -0.05, -1.01, 0.98, 8.75, -0.06, -0.19, -0.03
2021-05-09 16:47:09.449905, 1620568029.4499052, 2.97, 0.75, 9.12, -0.06, -0.19, -0.04, -0.56, 0.94, 8.48, -0.07, -0.18, -0.02
2021-05-09 16:47:09.559579, 1620568029.5595798, 3.05, 0.72, 9.15, -0.06, -0.12, -0.05, -0.43, 0.99, 8.54, -0.07, -0.13, -0.03
2021-05-09 16:47:09.668958, 1620568029.6689582, 2.92, 0.71, 9.28, -0.04, -0.16, -0.01, -0.48, 0.96, 8.63, -0.06, -0.16, 0.01
2021-05-09 16:47:09.778678, 1620568029.7786782, 3.12, 0.69, 9.13, -0.04, -0.23, -0.02, -0.41, 0.89, 8.57, -0.05, -0.22, 0.0
2021-05-09 16:47:09.888126, 1620568029.8881266, 3.5, 0.69, 8.96, -0.05, -0.12, -0.02, -0.02, 0.97, 8.49, -0.07, -0.13, -0.02
2021-05-09 16:47:09.997762, 1620568029.9977622, 3.41, 0.69, 9.07, -0.05, -0.08, -0.01, -0.06, 0.95, 8.61, -0.07, -0.1, -0.01
2021-05-09 16:47:10.107238, 1620568030.1072383, 3.4, 0.66, 9.1, -0.05, -0.05, 0.01, -0.03, 0.93, 8.61, -0.08, -0.08, -0.01
2021-05-09 16:47:10.216815, 1620568030.2168155, 3.44, 0.62, 9.05, -0.05, -0.06, -0.0, 0.07, 0.94, 8.58, -0.08, -0.09, -0.0
2021-05-09 16:47:10.326395, 1620568030.3263958, 3.39, 0.62, 9.11, -0.04, -0.06, -0.0, 0.04, 0.94, 8.63, -0.07, -0.07, 0.0
2021-05-09 16:47:10.435998, 1620568030.4359982, 3.38, 0.64, 9.12, -0.04, -0.07, -0.0, 0.04, 0.93, 8.62, -0.07, -0.08, 0.0
2021-05-09 16:47:10.545162, 1620568030.5451627, 3.41, 0.61, 9.1, -0.05, -0.08, -0.02, 0.05, 0.94, 8.62, -0.07, -0.09, -0.01
2021-05-09 16:47:10.655200, 1620568030.6552007, 3.45, 0.63, 9.06, -0.05, -0.08, -0.04, 0.06, 0.89, 8.62, -0.08, -0.08, -0.03
2021-05-09 16:47:10.764750, 1620568030.7647505, 3.47, 0.62, 9.1, -0.06, -0.08, -0.06, 0.11, 0.91, 8.65, -0.08, -0.08, -0.05
2021-05-09 16:47:10.874424, 1620568030.8744242, 3.54, 0.52, 9.03, -0.06, -0.08, -0.1, 0.14, 0.83, 8.58, -0.06, -0.09, -0.09
2021-05-09 16:47:10.983932, 1620568030.9839325, 3.41, 0.7, 9.14, -0.07, -0.08, -0.13, 0.07, 0.96, 8.69, -0.05, -0.11, -0.12
2021-05-09 16:47:11.093480, 1620568031.0934803, 3.47, 0.64, 9.11, -0.06, -0.14, -0.15, 0.19, 1.03, 8.66, -0.02, -0.16, -0.15
2021-05-09 16:47:11.203096, 1620568031.2030962, 3.59, 0.69, 8.92, 0.02, -0.16, -0.17, 0.28, 1.18, 8.49, 0.07, -0.19, -0.16
2021-05-09 16:47:11.312682, 1620568031.3126822, 3.58, 1.03, 8.74, 0.17, -0.17, -0.16, 0.38, 1.74, 8.29, 0.25, -0.19, -0.12
2021-05-09 16:47:11.422197, 1620568031.4221976, 3.56, 1.78, 8.43, 0.39, -0.25, -0.03, 0.52, 2.57, 7.93, 0.47, -0.26, 0.06
2021-05-09 16:47:11.527950, 1620568031.5279508, 3.55, 3.07, 7.83, 0.53, -0.26, 0.13, 0.66, 3.66, 7.34, 0.53, -0.31, 0.27
2021-05-09 16:47:11.641542, 1620568031.641543, 2.77, 5.81, 8.14, 0.62, -0.74, 0.42, 0.82, 6.37, 7.55, 0.46, -0.8, 0.7
2021-05-09 16:47:11.751176, 1620568031.751176, 3.1, 1.04, 6.86, 0.28, -1.52, 1.38, 1.96, 1.09, 6.95, -0.01, -1.78, 1.51
2021-05-09 16:47:11.860736, 1620568031.8607366, 6.8, -0.77, 5.15, 0.6, -1.12, 1.59, 4.41, 1.8, 6.32, 0.57, -1.54, 1.62
2021-05-09 16:47:11.970451, 1620568031.9704514, 10.24, 1.9, 4.69, 0.61, -0.84, 0.73, 7.93, 3.4, 5.07, 0.4, -0.71, 1.0
2021-05-09 16:47:12.080040, 1620568032.0800407, 10.66, 3.63, 2.78, 0.55, -0.24, 1.25, 7.24, 3.39, 2.85, -0.27, 0.42, 1.74
2021-05-09 16:47:12.189782, 1620568032.189782, 10.14, -0.14, 6.9, 0.07, 0.53, 1.61, 7.86, -1.2, 9.29, -0.98, 1.08, 1.84
2021-05-09 16:47:12.299538, 1620568032.2995381, 5.96, -5.8, 8.28, -0.25, 1.51, 0.98, 1.73, -6.62, 9.46, -1.22, 2.13, 0.86
2021-05-09 16:47:12.409101, 1620568032.4091015, 0.33, -1.8, 9.4, 0.27, 1.35, 0.44, -0.95, -2.15, 8.46, -0.08, 1.42, 0.48
2021-05-09 16:47:12.518980, 1620568032.5189803, 1.65, -2.54, 10.28, -0.02, 0.81, 0.12, -1.64, -4.58, 9.38, -0.29, 0.7, 0.28
2021-05-09 16:47:12.628275, 1620568032.6282756, 0.0, 0.0, 0.0, 0.0, 0.0, 0.0, -0.67, -2.94, 8.68, -0.09, 0.25, -0.21
2021-05-09 16:47:12.737047, 1620568032.7370472, 0.0, 0.0, 0.0, 0.0, 0.0, 0.0, -0.59, -3.08, 9.15, 0.04, 0.18, -0.06
2021-05-09 16:47:12.847033, 1620568032.8470335, 0.0, 0.0, 0.0, 0.0, 0.0, 0.0, -0.6, -2.71, 8.63, 0.12, -0.02, -0.08
2021-05-09 16:47:12.956149, 1620568032.9561496, 0.0, 0.0, 0.0, 0.0, 0.0, 0.0, -0.27, -1.84, 8.07, 0.03, 0.09, -0.2
2021-05-09 16:47:13.065780, 1620568033.06578, 0.0, 0.0, 0.0, 0.0, 0.0, 0.0, -0.17, -2.16, 8.59, -0.07, 0.14, -0.11
2021-05-09 16:47:13.175140, 1620568033.1751404, 0.0, 0.0, 0.0, 0.0, 0.0, 0.0, -0.34, -2.35, 8.4, -0.1, -0.04, -0.05
2021-05-09 16:47:13.284344, 1620568033.2843447, 0.0, 0.0, 0.0, 0.0, 0.0, 0.0, -0.4, -2.4, 8.18, -0.09, -0.04, 0.05
2021-05-09 16:47:13.393729, 1620568033.393729, 0.0, 0.0, 0.0, 0.0, 0.0, 0.0, -0.55, -2.64, 8.53, -0.16, -0.25, -0.01
2021-05-09 16:47:13.502848, 1620568033.5028481, 0.0, 0.0, 0.0, 0.0, 0.0, 0.0, -0.58, -2.65, 8.38, -0.07, -0.37, 0.08
2021-05-09 16:47:13.612077, 1620568033.6120777, 0.0, 0.0, 0.0, 0.0, 0.0, 0.0, -0.36, -3.0, 8.69, 0.04, -0.54, 0.02
2021-05-09 16:47:13.721662, 1620568033.721662, 0.0, 0.0, 0.0, 0.0, 0.0, 0.0, -0.09, -3.1, 8.7, 0.09, -0.75, -0.03
2021-05-09 16:47:13.830771, 1620568033.8307712, 0.0, 0.0, 0.0, 0.0, 0.0, 0.0, 0.71, -3.36, 8.52, 0.24, -0.9, -0.15
2021-05-09 16:47:13.939940, 1620568033.939941, 0.0, 0.0, 0.0, 0.0, 0.0, 0.0, 2.07, -2.93, 8.71, 0.42, -0.94, -0.37
2021-05-09 16:47:14.049375, 1620568034.049375, 0.0, 0.0, 0.0, 0.0, 0.0, 0.0, 4.29, -1.19, 8.63, 0.28, -1.0, -0.82
2021-05-09 16:47:14.158592, 1620568034.1585927, 0.0, 0.0, 0.0, 0.0, 0.0, 0.0, 5.66, 0.88, 7.64, 0.06, -0.45, -0.98
2021-05-09 16:47:14.268068, 1620568034.2680686, 0.0, 0.0, 0.0, 0.0, 0.0, 0.0, 5.3, 1.2, 7.88, -0.19, -0.01, -0.56
2021-05-09 16:47:14.377313, 1620568034.3773139, 0.0, 0.0, 0.0, 0.0, 0.0, 0.0, 4.65, 0.43, 7.69, -0.13, 0.41, -0.43
2021-05-09 16:47:14.486543, 1620568034.4865437, 0.0, 0.0, 0.0, 0.0, 0.0, 0.0, 3.95, 0.26, 7.25, -0.09, 0.68, -0.37
2021-05-09 16:47:14.595897, 1620568034.5958977, 0.0, 0.0, 0.0, 0.0, 0.0, 0.0, 2.94, -0.25, 7.21, -0.07, 0.69, -0.26
2021-05-09 16:47:14.705042, 1620568034.7050421, 0.0, 0.0, 0.0, 0.0, 0.0, 0.0, 2.32, -0.49, 7.33, -0.0, 0.46, -0.18
2021-05-09 16:47:14.814373, 1620568034.8143735, 0.0, 0.0, 0.0, 0.0, 0.0, 0.0, 1.58, -0.89, 7.43, 0.09, 0.37, -0.44
2021-05-09 16:47:14.923767, 1620568034.9237673, 0.0, 0.0, 0.0, 0.0, 0.0, 0.0, 1.31, -0.49, 8.16, 0.04, 0.21, -0.61
2021-05-09 16:47:15.033299, 1620568035.0332992, 0.0, 0.0, 0.0, 0.0, 0.0, 0.0, 0.97, -0.4, 8.6, -0.11, 0.37, -0.66
2021-05-09 16:47:15.142492, 1620568035.1424925, 0.0, 0.0, 0.0, 0.0, 0.0, 0.0, 0.79, 0.9, 8.66, -0.09, 0.28, -0.64
2021-05-09 16:47:15.251717, 1620568035.2517176, 0.0, 0.0, 0.0, 0.0, 0.0, 0.0, 0.44, 1.42, 8.93, -0.1, 0.17, -0.44
2021-05-09 16:47:15.360907, 1620568035.3609073, 0.0, 0.0, 0.0, 0.0, 0.0, 0.0, 0.29, 1.7, 8.61, 0.04, 0.0, -0.36
2021-05-09 16:47:15.469889, 1620568035.4698892, 0.0, 0.0, 0.0, 0.0, 0.0, 0.0, 0.14, 1.92, 8.84, 0.11, -0.07, -0.39
2021-05-09 16:47:15.579560, 1620568035.5795608, 0.0, 0.0, 0.0, 0.0, 0.0, 0.0, 0.06, 1.84, 8.24, 0.08, -0.09, -0.39
2021-05-09 16:47:15.688751, 1620568035.6887517, 0.0, 0.0, 0.0, 0.0, 0.0, 0.0, 0.0, 2.0, 8.25, 0.03, -0.01, -0.29
2021-05-09 16:47:15.798303, 1620568035.7983036, 0.0, 0.0, 0.0, 0.0, 0.0, 0.0, -0.31, 1.39, 8.61, -0.01, 0.06, -0.21
2021-05-09 16:47:15.904848, 1620568035.9048483, 0.0, 0.0, 0.0, 0.0, 0.0, 0.0, -0.35, 1.64, 8.69, 0.01, 0.02, -0.21
2021-05-09 16:47:16.016939, 1620568036.0169394, 0.0, 0.0, 0.0, 0.0, 0.0, 0.0, -0.52, 1.62, 8.53, -0.03, -0.03, -0.1
2021-05-09 16:47:16.126548, 1620568036.1265488, 0.0, 0.0, 0.0, 0.0, 0.0, 0.0, -0.57, 1.38, 8.49, -0.05, -0.04, -0.01
2021-05-09 16:47:16.231700, 1620568036.2317004, 0.0, 0.0, 0.0, 0.0, 0.0, 0.0, -0.68, 1.33, 8.55, -0.07, -0.06, -0.0
2021-05-09 16:47:16.344822, 1620568036.344823, 0.0, 0.0, 0.0, 0.0, 0.0, 0.0, -0.66, 1.24, 8.62, -0.08, -0.05, -0.01
2021-05-09 16:47:16.453970, 1620568036.453971, 0.0, 0.0, 0.0, 0.0, 0.0, 0.0, -0.55, 1.2, 8.54, -0.08, -0.06, 0.01
2021-05-09 16:47:16.563314, 1620568036.5633142, 0.0, 0.0, 0.0, 0.0, 0.0, 0.0, -0.54, 1.18, 8.54, -0.08, -0.08, 0.02
2021-05-09 16:47:16.672688, 1620568036.6726882, 0.0, 0.0, 0.0, 0.0, 0.0, 0.0, -0.51, 1.18, 8.51, -0.06, -0.07, 0.03
2021-05-09 16:47:16.782046, 1620568036.782047, 0.0, 0.0, 0.0, 0.0, 0.0, 0.0, -0.52, 1.17, 8.56, -0.08, -0.07, 0.02
2021-05-09 16:47:16.891053, 1620568036.8910532, 0.0, 0.0, 0.0, 0.0, 0.0, 0.0, -0.5, 1.15, 8.54, -0.08, -0.06, 0.02
2021-05-09 16:47:17.000630, 1620568037.00063, 0.0, 0.0, 0.0, 0.0, 0.0, 0.0, -0.54, 1.16, 8.59, -0.09, -0.06, 0.03
2021-05-09 16:47:17.109816, 1620568037.1098166, 0.0, 0.0, 0.0, 0.0, 0.0, 0.0, -0.44, 1.1, 8.53, -0.08, -0.07, 0.03
2021-05-09 16:47:17.219026, 1620568037.2190263, 0.0, 0.0, 0.0, 0.0, 0.0, 0.0, -0.46, 1.16, 8.56, -0.07, -0.06, 0.02
2021-05-09 16:47:17.328499, 1620568037.3284988, 0.0, 0.0, 0.0, 0.0, 0.0, 0.0, -0.51, 1.11, 8.55, -0.07, -0.06, 0.01
2021-05-09 16:47:17.437873, 1620568037.4378736, 0.0, 0.0, 0.0, 0.0, 0.0, 0.0, -0.47, 1.13, 8.57, -0.06, -0.08, -0.01
2021-05-09 16:47:17.547112, 1620568037.5471125, 0.0, 0.0, 0.0, 0.0, 0.0, 0.0, -0.51, 1.13, 8.59, -0.07, -0.08, -0.03
2021-05-09 16:47:17.656458, 1620568037.6564589, 0.0, 0.0, 0.0, 0.0, 0.0, 0.0, -0.43, 1.21, 8.54, -0.07, -0.1, -0.01
2021-05-09 16:47:17.765496, 1620568037.765496, 0.0, 0.0, 0.0, 0.0, 0.0, 0.0, -0.41, 1.15, 8.53, -0.07, -0.08, 0.02
2021-05-09 16:47:17.875024, 1620568037.8750248, 0.0, 0.0, 0.0, 0.0, 0.0, 0.0, -0.44, 1.1, 8.57, -0.09, -0.06, 0.02
2021-05-09 16:47:17.984173, 1620568037.9841738, 0.0, 0.0, 0.0, 0.0, 0.0, 0.0, -0.5, 1.12, 8.59, -0.09, -0.07, 0.02
2021-05-09 16:47:18.093392, 1620568038.0933921, 0.0, 0.0, 0.0, 0.0, 0.0, 0.0, -0.44, 1.09, 8.57, -0.08, -0.07, 0.01
2021-05-09 16:47:18.202818, 1620568038.2028189, 0.0, 0.0, 0.0, 0.0, 0.0, 0.0, -0.41, 1.06, 8.59, -0.08, -0.07, 0.01
2021-05-09 16:47:18.312055, 1620568038.3120553, 0.0, 0.0, 0.0, 0.0, 0.0, 0.0, -0.41, 1.07, 8.58, -0.07, -0.06, 0.0
2021-05-09 16:47:18.421063, 1620568038.4210634, 0.0, 0.0, 0.0, 0.0, 0.0, 0.0, -0.38, 1.03, 8.55, -0.07, -0.06, 0.0
2021-05-09 16:47:18.530848, 1620568038.5308485, 0.0, 0.0, 0.0, 0.0, 0.0, 0.0, -0.41, 1.02, 8.59, -0.07, -0.07, -0.01
2021-05-09 16:47:18.640153, 1620568038.6401536, 0.0, 0.0, 0.0, 0.0, 0.0, 0.0, -0.4, 1.05, 8.55, -0.07, -0.06, -0.01
2021-05-09 16:47:18.749193, 1620568038.7491934, 0.0, 0.0, 0.0, 0.0, 0.0, 0.0, -0.46, 1.03, 8.6, -0.07, -0.06, 0.01
2021-05-09 16:47:18.858449, 1620568038.85845, 0.0, 0.0, 0.0, 0.0, 0.0, 0.0, -0.47, 1.03, 8.59, -0.07, -0.06, 0.02
2021-05-09 16:47:18.967793, 1620568038.967794, 0.0, 0.0, 0.0, 0.0, 0.0, 0.0, -0.47, 1.02, 8.62, -0.07, -0.06, 0.02
2021-05-09 16:47:19.077049, 1620568039.0770495, 0.0, 0.0, 0.0, 0.0, 0.0, 0.0, -0.47, 1.0, 8.64, -0.07, -0.07, 0.01
2021-05-09 16:47:19.186667, 1620568039.1866672, 0.0, 0.0, 0.0, 0.0, 0.0, 0.0, -0.46, 1.03, 8.6, -0.07, -0.07, 0.01
2021-05-09 16:47:19.295827, 1620568039.2958276, 0.0, 0.0, 0.0, 0.0, 0.0, 0.0, -0.45, 1.0, 8.57, -0.06, -0.07, 0.0
2021-05-09 16:47:19.405212, 1620568039.4052126, 0.0, 0.0, 0.0, 0.0, 0.0, 0.0, -0.46, 1.0, 8.59, -0.07, -0.05, -0.0
2021-05-09 16:47:19.514154, 1620568039.5141542, 0.0, 0.0, 0.0, 0.0, 0.0, 0.0, -0.45, 1.01, 8.63, -0.07, -0.06, 0.02
2021-05-09 16:47:19.623662, 1620568039.623662, 0.0, 0.0, 0.0, 0.0, 0.0, 0.0, -0.49, 1.04, 8.59, -0.08, -0.04, 0.03
2021-05-09 16:47:19.732884, 1620568039.7328846, 0.0, 0.0, 0.0, 0.0, 0.0, 0.0, -0.45, 0.94, 8.59, -0.08, -0.06, 0.02
2021-05-09 16:47:19.842246, 1620568039.8422468, 0.0, 0.0, 0.0, 0.0, 0.0, 0.0, -0.5, 0.95, 8.59, -0.08, -0.06, 0.03
2021-05-09 16:47:19.951570, 1620568039.9515703, 0.0, 0.0, 0.0, 0.0, 0.0, 0.0, -0.52, 0.86, 8.57, -0.07, -0.07, 0.0
2021-05-09 16:47:20.060736, 1620568040.0607364, 0.0, 0.0, 0.0, 0.0, 0.0, 0.0, -0.52, 0.86, 8.62, -0.07, -0.07, -0.08
2021-05-09 16:47:20.169778, 1620568040.169779, 0.0, 0.0, 0.0, 0.0, 0.0, 0.0, -0.46, 1.03, 8.57, -0.06, -0.08, -0.05
2021-05-09 16:47:20.279328, 1620568040.279328, 0.0, 0.0, 0.0, 0.0, 0.0, 0.0, -0.45, 0.98, 8.57, -0.06, -0.07, 0.0
2021-05-09 16:47:20.388532, 1620568040.3885329, 0.0, 0.0, 0.0, 0.0, 0.0, 0.0, -0.48, 0.96, 8.56, -0.06, -0.06, 0.02
2021-05-09 16:47:20.497916, 1620568040.4979162, 0.0, 0.0, 0.0, 0.0, 0.0, 0.0, -0.49, 0.93, 8.62, -0.07, -0.06, 0.02
2021-05-09 16:47:20.607236, 1620568040.6072361, 0.0, 0.0, 0.0, 0.0, 0.0, 0.0, -0.48, 0.85, 8.55, -0.07, -0.05, -0.01
2021-05-09 16:47:20.716611, 1620568040.7166114, 0.0, 0.0, 0.0, 0.0, 0.0, 0.0, -0.5, 0.93, 8.57, -0.07, -0.05, -0.02
2021-05-09 16:47:20.826003, 1620568040.8260033, 0.0, 0.0, 0.0, 0.0, 0.0, 0.0, -0.5, 0.93, 8.55, -0.07, -0.06, -0.02
2021-05-09 16:47:20.935093, 1620568040.9350932, 0.0, 0.0, 0.0, 0.0, 0.0, 0.0, -0.57, 0.94, 8.52, -0.07, -0.03, -0.02
2021-05-09 16:47:21.044367, 1620568041.044367, 0.0, 0.0, 0.0, 0.0, 0.0, 0.0, -0.57, 0.88, 8.57, -0.06, -0.03, -0.01
2021-05-09 16:47:21.153830, 1620568041.1538298, 0.0, 0.0, 0.0, 0.0, 0.0, 0.0, -0.63, 0.91, 8.57, -0.06, -0.04, -0.03
2021-05-09 16:47:21.263098, 1620568041.2630987, 0.0, 0.0, 0.0, 0.0, 0.0, 0.0, -0.59, 0.9, 8.57, -0.04, -0.05, -0.03
2021-05-09 16:47:21.372585, 1620568041.372585, 0.0, 0.0, 0.0, 0.0, 0.0, 0.0, -0.65, 0.93, 8.6, -0.04, -0.04, -0.03
2021-05-09 16:47:21.481734, 1620568041.481734, 0.0, 0.0, 0.0, 0.0, 0.0, 0.0, -0.68, 0.98, 8.56, -0.05, -0.06, -0.02
2021-05-09 16:47:21.590967, 1620568041.5909672, 0.0, 0.0, 0.0, 0.0, 0.0, 0.0, -0.68, 0.96, 8.57, -0.05, -0.06, -0.01
2021-05-09 16:47:21.700391, 1620568041.7003908, 0.0, 0.0, 0.0, 0.0, 0.0, 0.0, -0.69, 0.96, 8.57, -0.06, -0.07, -0.01
2021-05-09 16:47:21.809659, 1620568041.8096597, 0.0, 0.0, 0.0, 0.0, 0.0, 0.0, -0.66, 0.94, 8.56, -0.07, -0.08, -0.01
2021-05-09 16:47:21.918765, 1620568041.9187653, 0.0, 0.0, 0.0, 0.0, 0.0, 0.0, -0.65, 0.94, 8.6, -0.08, -0.08, -0.02
2021-05-09 16:47:22.028261, 1620568042.028262, 0.0, 0.0, 0.0, 0.0, 0.0, 0.0, -0.59, 0.86, 8.6, -0.06, -0.11, -0.05
2021-05-09 16:47:22.137478, 1620568042.137478, 0.0, 0.0, 0.0, 0.0, 0.0, 0.0, -0.57, 1.12, 8.55, -0.01, -0.12, -0.06
2021-05-09 16:47:22.246692, 1620568042.2466927, 0.0, 0.0, 0.0, 0.0, 0.0, 0.0, -0.52, 1.21, 8.55, -0.0, -0.14, 0.03
2021-05-09 16:47:22.355921, 1620568042.3559213, 0.0, 0.0, 0.0, 0.0, 0.0, 0.0, -0.4, 1.16, 8.59, -0.02, -0.12, 0.08
2021-05-09 16:47:22.465382, 1620568042.4653823, 0.0, 0.0, 0.0, 0.0, 0.0, 0.0, -0.37, 1.18, 8.55, -0.05, -0.11, 0.12
2021-05-09 16:47:22.574515, 1620568042.5745153, 0.0, 0.0, 0.0, 0.0, 0.0, 0.0, -0.37, 1.14, 8.58, -0.06, -0.08, 0.15
2021-05-09 16:47:22.683969, 1620568042.6839697, 0.0, 0.0, 0.0, 0.0, 0.0, 0.0, -0.29, 1.19, 8.56, -0.08, -0.09, 0.12
2021-05-09 16:47:22.793164, 1620568042.793164, 0.0, 0.0, 0.0, 0.0, 0.0, 0.0, -0.27, 1.19, 8.58, -0.09, -0.08, 0.1
2021-05-09 16:47:22.902418, 1620568042.9024181, 0.0, 0.0, 0.0, 0.0, 0.0, 0.0, -0.26, 1.08, 8.57, -0.09, -0.08, 0.07
2021-05-09 16:47:23.011912, 1620568043.011912, 0.0, 0.0, 0.0, 0.0, 0.0, 0.0, -0.28, 1.1, 8.58, -0.1, -0.07, 0.02
2021-05-09 16:47:23.121036, 1620568043.121036, 0.0, 0.0, 0.0, 0.0, 0.0, 0.0, -0.24, 1.11, 8.57, -0.1, -0.08, 0.0
2021-05-09 16:47:23.230488, 1620568043.230488, 0.0, 0.0, 0.0, 0.0, 0.0, 0.0, -0.23, 1.08, 8.57, -0.1, -0.07, -0.0
2021-05-09 16:47:23.339805, 1620568043.3398051, 0.0, 0.0, 0.0, 0.0, 0.0, 0.0, -0.25, 1.09, 8.6, -0.09, -0.07, 0.01
2021-05-09 16:47:23.448939, 1620568043.4489396, 0.0, 0.0, 0.0, 0.0, 0.0, 0.0, -0.22, 1.04, 8.55, -0.09, -0.07, 0.01
2021-05-09 16:47:23.558494, 1620568043.558494, 0.0, 0.0, 0.0, 0.0, 0.0, 0.0, -0.25, 1.02, 8.58, -0.09, -0.08, -0.0
2021-05-09 16:47:23.667724, 1620568043.6677246, 0.0, 0.0, 0.0, 0.0, 0.0, 0.0, -0.33, 1.13, 8.5, -0.06, -0.06, -0.06
2021-05-09 16:47:23.777090, 1620568043.7770905, 0.0, 0.0, 0.0, 0.0, 0.0, 0.0, -0.28, 1.19, 8.58, -0.02, -0.08, -0.04
2021-05-09 16:47:23.886331, 1620568043.8863318, 0.0, 0.0, 0.0, 0.0, 0.0, 0.0, -0.19, 1.06, 8.55, 0.0, -0.14, -0.02
2021-05-09 16:47:23.995657, 1620568043.9956572, 0.0, 0.0, 0.0, 0.0, 0.0, 0.0, -0.27, 0.66, 8.66, -0.03, -0.23, 0.22
2021-05-09 16:47:24.104713, 1620568044.1047137, 0.0, 0.0, 0.0, 0.0, 0.0, 0.0, -0.41, 0.1, 8.67, -0.08, -0.21, 0.16
2021-05-09 16:47:24.214237, 1620568044.2142377, 0.0, 0.0, 0.0, 0.0, 0.0, 0.0, -0.17, 0.11, 8.45, -0.13, -0.28, -0.1
2021-05-09 16:47:24.323451, 1620568044.323452, 0.0, 0.0, 0.0, 0.0, 0.0, 0.0, 0.25, 0.14, 8.93, -0.11, -0.28, -0.25
2021-05-09 16:47:24.432767, 1620568044.432767, 0.0, 0.0, 0.0, 0.0, 0.0, 0.0, 0.81, 0.69, 8.53, -0.07, -0.37, -0.41
2021-05-09 16:47:24.542008, 1620568044.5420084, 0.0, 0.0, 0.0, 0.0, 0.0, 0.0, 1.5, 1.27, 8.54, -0.04, -0.38, -0.46
2021-05-09 16:47:24.651560, 1620568044.6515605, 0.0, 0.0, 0.0, 0.0, 0.0, 0.0, 1.76, 1.5, 8.59, -0.04, -0.3, -0.4
2021-05-09 16:47:24.760682, 1620568044.7606828, 0.0, 0.0, 0.0, 0.0, 0.0, 0.0, 2.03, 1.8, 8.29, 0.04, -0.27, -0.2
2021-05-09 16:47:24.869902, 1620568044.8699021, 0.0, 0.0, 0.0, 0.0, 0.0, 0.0, 2.22, 1.79, 8.21, 0.07, -0.22, -0.09
