human_time, computer_time, x_acc_1, y_acc_1, z_acc_1, x_gyro_1, y_gyro_1, z_gyro_1, x_acc_2, y_acc_2, z_acc_2, x_gyro_2, y_gyro_2, z_gyro_2
2021-05-09 16:21:59.528319, 1620566519.5283196, 2.92, 0.84, 8.81, -0.02, -0.03, -0.06, -0.36, 0.5, 8.28, -0.04, -0.04, -0.03
2021-05-09 16:21:59.636997, 1620566519.6379943, 2.92, 1.05, 9.27, 0.05, 0.0, -0.02, -0.38, 0.65, 8.65, -0.03, -0.0, 0.02
2021-05-09 16:21:59.747337, 1620566519.747338, 2.96, 1.01, 9.15, -0.02, -0.05, 0.01, -0.43, 0.45, 8.57, -0.07, -0.06, 0.02
2021-05-09 16:21:59.856652, 1620566519.856652, 2.99, 0.91, 9.19, -0.04, -0.04, -0.02, -0.37, 0.5, 8.6, -0.07, -0.06, -0.01
2021-05-09 16:21:59.966052, 1620566519.966052, 2.81, 0.93, 9.28, -0.03, -0.03, 0.0, -0.45, 0.45, 8.67, -0.07, -0.05, 0.02
2021-05-09 16:22:00.076004, 1620566520.076005, 2.93, 0.9, 9.16, -0.04, -0.02, -0.04, -0.44, 0.41, 8.54, -0.06, -0.03, -0.02
2021-05-09 16:22:00.185875, 1620566520.1858757, 2.75, 0.94, 9.33, -0.06, -0.04, -0.06, -0.52, 0.4, 8.67, -0.07, -0.05, -0.05
2021-05-09 16:22:00.295393, 1620566520.2953935, 2.76, 0.93, 9.29, -0.05, -0.07, -0.03, -0.52, 0.45, 8.64, -0.07, -0.06, -0.03
2021-05-09 16:22:00.404475, 1620566520.4044755, 2.88, 0.91, 9.22, -0.04, -0.06, -0.02, -0.45, 0.45, 8.59, -0.07, -0.06, -0.01
2021-05-09 16:22:00.514427, 1620566520.5144274, 2.84, 0.98, 9.23, -0.04, -0.04, 0.01, -0.51, 0.48, 8.61, -0.08, -0.04, 0.02
2021-05-09 16:22:00.623828, 1620566520.6238286, 2.8, 0.91, 9.23, -0.02, -0.02, 0.04, -0.57, 0.36, 8.59, -0.09, -0.02, 0.06
2021-05-09 16:22:00.733412, 1620566520.7334125, 2.76, 0.8, 9.33, -0.04, -0.03, 0.02, -0.55, 0.26, 8.66, -0.08, -0.03, 0.03
2021-05-09 16:22:00.842997, 1620566520.842998, 2.75, 0.97, 9.3, -0.07, -0.11, -0.01, -0.56, 0.41, 8.64, -0.1, -0.07, -0.02
2021-05-09 16:22:00.952961, 1620566520.9529612, 2.81, 0.75, 9.29, -0.05, -0.09, -0.02, -0.55, 0.31, 8.65, -0.08, -0.1, -0.0
2021-05-09 16:22:01.061978, 1620566521.061978, 2.87, 0.85, 9.28, -0.05, -0.09, -0.02, -0.51, 0.32, 8.64, -0.06, -0.09, -0.01
2021-05-09 16:22:01.171512, 1620566521.1715121, 2.93, 0.87, 9.24, -0.04, -0.09, -0.0, -0.47, 0.38, 8.61, -0.06, -0.08, 0.01
2021-05-09 16:22:01.280769, 1620566521.280769, 2.96, 0.84, 9.22, 0.02, -0.12, 0.03, -0.41, 0.41, 8.61, -0.03, -0.11, 0.04
2021-05-09 16:22:01.391104, 1620566521.3911042, 2.92, 0.95, 9.19, -0.03, -0.05, 0.03, -0.49, 0.33, 8.59, -0.08, -0.05, 0.03
2021-05-09 16:22:01.500627, 1620566521.5006273, 2.88, 0.83, 9.23, -0.05, -0.05, 0.01, -0.47, 0.34, 8.63, -0.07, -0.08, 0.01
2021-05-09 16:22:01.610517, 1620566521.6105175, 2.92, 0.81, 9.22, -0.05, -0.06, -0.01, -0.44, 0.29, 8.61, -0.08, -0.08, -0.01
2021-05-09 16:22:01.719825, 1620566521.719826, 2.89, 0.83, 9.2, -0.05, -0.06, -0.03, -0.46, 0.33, 8.6, -0.07, -0.06, -0.01
2021-05-09 16:22:01.829566, 1620566521.8295667, 2.87, 0.83, 9.26, -0.04, -0.06, -0.03, -0.46, 0.33, 8.63, -0.06, -0.06, -0.01
2021-05-09 16:22:01.938955, 1620566521.9389558, 2.86, 0.83, 9.26, -0.04, -0.05, -0.02, -0.48, 0.31, 8.64, -0.06, -0.06, -0.01
2021-05-09 16:22:02.048933, 1620566522.048933, 2.9, 0.88, 9.21, -0.03, -0.06, -0.01, -0.45, 0.37, 8.61, -0.06, -0.07, 0.01
2021-05-09 16:22:02.158087, 1620566522.1580873, 2.9, 0.86, 9.22, -0.02, -0.07, 0.02, -0.42, 0.32, 8.63, -0.05, -0.07, 0.03
2021-05-09 16:22:02.268024, 1620566522.268024, 2.91, 0.83, 9.25, -0.02, -0.06, 0.01, -0.49, 0.32, 8.6, -0.05, -0.06, 0.02
2021-05-09 16:22:02.377002, 1620566522.377002, 2.9, 0.86, 9.27, -0.03, -0.07, -0.02, -0.47, 0.33, 8.64, -0.05, -0.08, 0.0
2021-05-09 16:22:02.487098, 1620566522.4870987, 2.9, 0.88, 9.24, -0.04, -0.06, -0.02, -0.48, 0.36, 8.63, -0.06, -0.06, -0.01
2021-05-09 16:22:02.596143, 1620566522.5961437, 2.89, 0.87, 9.24, -0.04, -0.07, -0.02, -0.46, 0.37, 8.63, -0.07, -0.06, -0.01
2021-05-09 16:22:02.706292, 1620566522.7062926, 2.97, 0.84, 9.18, -0.04, -0.04, -0.01, -0.43, 0.34, 8.58, -0.06, -0.06, -0.0
2021-05-09 16:22:02.815709, 1620566522.8157096, 2.91, 0.85, 9.22, -0.05, -0.08, -0.01, -0.45, 0.35, 8.61, -0.07, -0.08, -0.01
2021-05-09 16:22:02.925357, 1620566522.9253576, 2.94, 0.79, 9.2, -0.04, -0.08, -0.02, -0.45, 0.36, 8.62, -0.06, -0.07, -0.01
2021-05-09 16:22:03.035009, 1620566523.0350094, 2.93, 0.82, 9.25, -0.04, -0.09, -0.03, -0.45, 0.37, 8.64, -0.05, -0.08, -0.01
2021-05-09 16:22:03.144721, 1620566523.1447213, 2.92, 0.87, 9.21, -0.03, -0.09, -0.03, -0.45, 0.36, 8.63, -0.05, -0.08, -0.01
2021-05-09 16:22:03.254433, 1620566523.2544336, 2.95, 0.91, 9.25, -0.04, -0.09, -0.02, -0.44, 0.44, 8.66, -0.06, -0.09, -0.01
2021-05-09 16:22:03.363377, 1620566523.3633778, 3.0, 0.92, 9.2, -0.03, -0.08, -0.0, -0.4, 0.43, 8.61, -0.06, -0.09, 0.01
2021-05-09 16:22:03.473216, 1620566523.473216, 3.01, 0.89, 9.22, -0.03, -0.07, -0.0, -0.4, 0.39, 8.64, -0.06, -0.08, 0.01
2021-05-09 16:22:03.583065, 1620566523.5830653, 3.02, 0.85, 9.2, -0.03, -0.05, -0.01, -0.36, 0.39, 8.62, -0.06, -0.07, -0.0
2021-05-09 16:22:03.691571, 1620566523.6915712, 2.99, 0.89, 9.21, -0.04, -0.06, -0.04, -0.37, 0.4, 8.63, -0.06, -0.07, -0.03
2021-05-09 16:22:03.802167, 1620566523.8021677, 3.04, 0.9, 9.23, -0.05, -0.07, -0.04, -0.35, 0.39, 8.66, -0.06, -0.07, -0.03
2021-05-09 16:22:03.911116, 1620566523.9111164, 3.04, 0.87, 9.18, -0.07, -0.07, -0.03, -0.33, 0.43, 8.61, -0.08, -0.07, -0.02
2021-05-09 16:22:04.020982, 1620566524.0209825, 3.03, 0.87, 9.22, -0.04, -0.07, -0.02, -0.34, 0.4, 8.64, -0.06, -0.07, 0.0
2021-05-09 16:22:04.130384, 1620566524.1303847, 3.01, 0.84, 9.19, -0.03, -0.07, -0.0, -0.37, 0.38, 8.6, -0.06, -0.07, 0.01
2021-05-09 16:22:04.239721, 1620566524.2397213, 3.04, 0.83, 9.22, -0.04, -0.09, 0.0, -0.37, 0.36, 8.63, -0.06, -0.07, 0.01
2021-05-09 16:22:04.350076, 1620566524.3500767, 3.03, 0.88, 9.21, -0.04, -0.07, -0.01, -0.42, 0.41, 8.64, -0.06, -0.06, 0.01
2021-05-09 16:22:04.459370, 1620566524.4593701, 3.01, 0.85, 9.2, -0.04, -0.07, -0.01, -0.37, 0.38, 8.65, -0.07, -0.07, 0.0
2021-05-09 16:22:04.568849, 1620566524.5688493, 3.08, 0.83, 9.16, -0.04, -0.07, -0.01, -0.32, 0.36, 8.62, -0.06, -0.07, -0.0
2021-05-09 16:22:04.678287, 1620566524.6782873, 3.08, 0.85, 9.18, -0.03, -0.08, -0.01, -0.36, 0.41, 8.6, -0.06, -0.06, 0.01
2021-05-09 16:22:04.787897, 1620566524.787897, 3.06, 0.84, 9.24, -0.03, -0.09, -0.02, -0.37, 0.38, 8.67, -0.06, -0.07, 0.0
2021-05-09 16:22:04.897418, 1620566524.8974185, 3.13, 0.88, 9.14, -0.04, -0.08, -0.01, -0.36, 0.42, 8.6, -0.06, -0.08, 0.01
2021-05-09 16:22:05.007388, 1620566525.007388, 3.14, 0.82, 9.14, -0.04, -0.07, -0.01, -0.32, 0.35, 8.63, -0.07, -0.07, 0.01
2021-05-09 16:22:05.117041, 1620566525.1170413, 3.16, 0.85, 9.14, -0.05, -0.06, -0.01, -0.33, 0.38, 8.64, -0.08, -0.08, -0.01
2021-05-09 16:22:05.226816, 1620566525.226816, 3.22, 0.75, 9.12, -0.04, -0.03, -0.01, -0.33, 0.32, 8.61, -0.07, -0.05, -0.01
2021-05-09 16:22:05.336132, 1620566525.3361323, 3.06, 0.86, 9.21, -0.06, -0.03, -0.02, -0.4, 0.38, 8.64, -0.07, -0.05, -0.01
2021-05-09 16:22:05.445691, 1620566525.4456909, 3.06, 0.83, 9.18, -0.05, -0.04, -0.02, -0.37, 0.37, 8.62, -0.08, -0.04, -0.01
2021-05-09 16:22:05.555362, 1620566525.5553627, 3.01, 0.78, 9.23, -0.04, -0.05, -0.02, -0.42, 0.32, 8.68, -0.07, -0.05, -0.01
2021-05-09 16:22:05.664853, 1620566525.664854, 3.06, 0.78, 9.22, -0.04, -0.06, -0.04, -0.41, 0.33, 8.66, -0.05, -0.07, -0.02
2021-05-09 16:22:05.774762, 1620566525.7747629, 3.06, 0.8, 9.21, -0.04, -0.1, -0.05, -0.4, 0.36, 8.65, -0.05, -0.07, -0.03
2021-05-09 16:22:05.883453, 1620566525.8834536, 3.1, 0.81, 9.17, -0.04, -0.08, -0.04, -0.35, 0.35, 8.61, -0.05, -0.09, -0.03
2021-05-09 16:22:05.993730, 1620566525.9937303, 3.12, 0.83, 9.18, -0.03, -0.07, -0.03, -0.36, 0.37, 8.63, -0.05, -0.09, -0.01
2021-05-09 16:22:06.103407, 1620566526.1034076, 3.13, 0.85, 9.19, -0.03, -0.04, -0.02, -0.35, 0.38, 8.63, -0.06, -0.06, -0.0
2021-05-09 16:22:06.212743, 1620566526.2127433, 3.17, 0.83, 9.11, -0.03, -0.03, -0.02, -0.32, 0.41, 8.59, -0.06, -0.06, 0.0
2021-05-09 16:22:06.322513, 1620566526.322513, 3.04, 0.89, 9.19, -0.04, -0.04, -0.02, -0.39, 0.36, 8.61, -0.07, -0.04, -0.02
2021-05-09 16:22:06.431502, 1620566526.4315028, 3.08, 0.87, 9.18, -0.05, -0.03, -0.02, -0.35, 0.39, 8.61, -0.07, -0.04, -0.02
2021-05-09 16:22:06.541760, 1620566526.5417602, 3.0, 0.84, 9.24, -0.05, -0.03, -0.01, -0.43, 0.35, 8.65, -0.08, -0.05, -0.01
2021-05-09 16:22:06.651329, 1620566526.6513293, 2.88, 0.8, 9.3, -0.05, -0.03, -0.0, -0.46, 0.33, 8.7, -0.08, -0.06, -0.0
2021-05-09 16:22:06.760800, 1620566526.7608, 2.91, 0.82, 9.28, -0.06, -0.06, -0.02, -0.47, 0.3, 8.64, -0.07, -0.09, -0.02
2021-05-09 16:22:06.870634, 1620566526.8706348, 2.94, 0.78, 9.23, -0.06, -0.08, -0.03, -0.39, 0.32, 8.63, -0.07, -0.1, -0.02
2021-05-09 16:22:06.980232, 1620566526.9802327, 2.99, 0.75, 9.19, -0.05, -0.07, -0.03, -0.38, 0.32, 8.59, -0.07, -0.1, -0.02
2021-05-09 16:22:07.089773, 1620566527.089774, 2.95, 0.79, 9.23, -0.04, -0.07, -0.02, -0.37, 0.32, 8.62, -0.06, -0.08, -0.01
2021-05-09 16:22:07.199281, 1620566527.199282, 2.96, 0.79, 9.19, -0.03, -0.07, -0.02, -0.36, 0.31, 8.61, -0.06, -0.06, -0.0
2021-05-09 16:22:07.308616, 1620566527.3086166, 2.96, 0.8, 9.22, -0.03, -0.06, -0.01, -0.39, 0.31, 8.63, -0.06, -0.05, 0.0
2021-05-09 16:22:07.418301, 1620566527.4183016, 2.92, 0.77, 9.23, -0.03, -0.05, -0.01, -0.4, 0.28, 8.62, -0.06, -0.05, 0.01
2021-05-09 16:22:07.528446, 1620566527.529443, 2.93, 0.79, 9.25, -0.03, -0.06, -0.01, -0.4, 0.33, 8.64, -0.06, -0.06, 0.01
2021-05-09 16:22:07.636752, 1620566527.6367524, 3.0, 0.74, 9.2, -0.03, -0.06, -0.01, -0.37, 0.3, 8.64, -0.06, -0.06, 0.01
2021-05-09 16:22:07.747147, 1620566527.7471478, 2.98, 0.76, 9.21, -0.03, -0.07, -0.0, -0.35, 0.3, 8.61, -0.06, -0.06, 0.01
2021-05-09 16:22:07.856631, 1620566527.8566315, 3.0, 0.79, 9.2, -0.02, -0.06, -0.03, -0.34, 0.33, 8.62, -0.05, -0.06, -0.01
2021-05-09 16:22:07.966148, 1620566527.9661484, 3.0, 0.84, 9.22, -0.03, -0.06, -0.02, -0.36, 0.33, 8.61, -0.05, -0.07, -0.01
2021-05-09 16:22:08.075847, 1620566528.0758471, 3.01, 0.81, 9.24, -0.04, -0.06, -0.02, -0.36, 0.33, 8.66, -0.06, -0.08, -0.02
2021-05-09 16:22:08.185472, 1620566528.1854725, 3.03, 0.83, 9.21, -0.04, -0.07, -0.02, -0.31, 0.36, 8.63, -0.06, -0.09, -0.01
2021-05-09 16:22:08.295443, 1620566528.2954435, 3.0, 0.84, 9.18, -0.04, -0.05, -0.02, -0.34, 0.33, 8.62, -0.06, -0.07, -0.01
2021-05-09 16:22:08.404518, 1620566528.4045181, 2.97, 0.83, 9.21, -0.04, -0.05, -0.01, -0.32, 0.37, 8.64, -0.06, -0.08, -0.01
2021-05-09 16:22:08.514260, 1620566528.5142608, 2.97, 0.82, 9.22, -0.04, -0.07, -0.01, -0.3, 0.37, 8.64, -0.06, -0.09, -0.0
2021-05-09 16:22:08.623816, 1620566528.6238167, 3.02, 0.79, 9.24, -0.04, -0.06, -0.02, -0.29, 0.33, 8.66, -0.06, -0.08, -0.01
2021-05-09 16:22:08.733659, 1620566528.7336595, 2.98, 0.8, 9.22, -0.04, -0.06, -0.02, -0.25, 0.35, 8.62, -0.06, -0.08, -0.01
2021-05-09 16:22:08.843188, 1620566528.843189, 2.96, 0.84, 9.21, -0.03, -0.07, -0.02, -0.28, 0.35, 8.62, -0.06, -0.08, -0.01
2021-05-09 16:22:08.952438, 1620566528.9524384, 2.99, 0.82, 9.22, -0.03, -0.06, -0.01, -0.28, 0.37, 8.65, -0.06, -0.07, 0.01
2021-05-09 16:22:09.061183, 1620566529.0611835, 2.97, 0.84, 9.24, -0.02, -0.06, -0.01, -0.25, 0.34, 8.64, -0.05, -0.07, 0.01
2021-05-09 16:22:09.171974, 1620566529.1719744, 2.91, 0.86, 9.23, -0.05, -0.1, -0.01, -0.29, 0.37, 8.67, -0.07, -0.09, -0.0
2021-05-09 16:22:09.281183, 1620566529.2811835, 3.13, 0.86, 9.14, -0.06, -0.1, 0.01, -0.15, 0.43, 8.6, -0.08, -0.1, 0.01
2021-05-09 16:22:09.390953, 1620566529.3909533, 3.03, 0.77, 9.19, -0.05, -0.11, 0.01, -0.22, 0.31, 8.66, -0.09, -0.07, 0.02
2021-05-09 16:22:09.500378, 1620566529.5003786, 3.13, 0.68, 9.22, -0.05, -0.12, -0.02, -0.27, 0.24, 8.65, -0.07, -0.05, 0.01
2021-05-09 16:22:09.610283, 1620566529.6102836, 3.1, 0.7, 9.2, -0.06, -0.14, -0.05, -0.22, 0.35, 8.68, -0.06, -0.05, -0.02
2021-05-09 16:22:09.719790, 1620566529.71979, 3.31, 0.83, 9.1, -0.04, -0.1, -0.04, -0.23, 0.32, 8.64, -0.06, -0.05, -0.03
2021-05-09 16:22:09.829356, 1620566529.8293562, 3.28, 0.76, 9.14, -0.07, -0.1, 0.0, -0.22, 0.31, 8.66, -0.09, -0.09, -0.0
2021-05-09 16:22:09.938956, 1620566529.9389565, 3.32, 0.7, 9.14, -0.05, -0.09, 0.02, -0.21, 0.28, 8.68, -0.08, -0.09, 0.02
2021-05-09 16:22:10.048690, 1620566530.0486898, 3.39, 0.68, 9.03, -0.04, -0.09, 0.01, -0.15, 0.26, 8.58, -0.07, -0.1, 0.02
2021-05-09 16:22:10.158228, 1620566530.1582282, 3.42, 0.67, 9.06, -0.02, -0.05, 0.01, -0.13, 0.27, 8.62, -0.05, -0.08, 0.02
2021-05-09 16:22:10.267612, 1620566530.2676125, 3.37, 0.67, 9.1, -0.02, -0.04, -0.02, -0.12, 0.22, 8.64, -0.05, -0.08, 0.0
2021-05-09 16:22:10.377197, 1620566530.3771977, 3.31, 0.75, 9.14, -0.03, -0.04, -0.05, -0.16, 0.33, 8.66, -0.04, -0.07, -0.03
2021-05-09 16:22:10.486935, 1620566530.4869354, 3.29, 0.84, 9.12, -0.01, -0.04, -0.02, -0.15, 0.38, 8.65, -0.04, -0.06, 0.0
2021-05-09 16:22:10.596436, 1620566530.5964365, 3.27, 0.81, 9.09, -0.01, -0.05, 0.0, -0.11, 0.34, 8.63, -0.05, -0.07, 0.02
2021-05-09 16:22:10.706000, 1620566530.7060008, 3.25, 0.82, 9.14, -0.03, -0.05, -0.0, -0.13, 0.36, 8.66, -0.06, -0.07, 0.01
2021-05-09 16:22:10.815505, 1620566530.8155057, 3.27, 0.82, 9.12, -0.03, -0.05, 0.01, -0.12, 0.38, 8.64, -0.06, -0.07, 0.02
2021-05-09 16:22:10.925189, 1620566530.925189, 3.25, 0.81, 9.11, -0.04, -0.04, -0.01, -0.11, 0.35, 8.62, -0.07, -0.06, 0.0
2021-05-09 16:22:11.034743, 1620566531.0347433, 3.2, 0.78, 9.15, -0.04, -0.03, -0.02, -0.18, 0.33, 8.66, -0.07, -0.04, -0.01
2021-05-09 16:22:11.144364, 1620566531.1443646, 3.14, 0.79, 9.19, -0.05, -0.05, -0.03, -0.19, 0.35, 8.67, -0.07, -0.06, -0.01
2021-05-09 16:22:11.253913, 1620566531.2539134, 3.2, 0.78, 9.12, -0.04, -0.06, -0.03, -0.13, 0.36, 8.64, -0.07, -0.06, -0.01
2021-05-09 16:22:11.363485, 1620566531.3634853, 3.18, 0.78, 9.17, -0.04, -0.04, -0.02, -0.17, 0.35, 8.65, -0.06, -0.05, -0.01
2021-05-09 16:22:11.473087, 1620566531.4730875, 3.15, 0.83, 9.16, -0.03, -0.06, -0.02, -0.18, 0.37, 8.63, -0.06, -0.06, -0.0
2021-05-09 16:22:11.581944, 1620566531.5819442, 3.15, 0.79, 9.17, -0.04, -0.07, -0.01, -0.19, 0.34, 8.66, -0.07, -0.07, 0.0
2021-05-09 16:22:11.692379, 1620566531.69238, 3.14, 0.8, 9.19, -0.04, -0.07, -0.01, -0.19, 0.36, 8.66, -0.07, -0.07, -0.0
2021-05-09 16:22:11.802055, 1620566531.8020554, 3.18, 0.8, 9.12, -0.04, -0.08, -0.02, -0.16, 0.34, 8.62, -0.06, -0.09, -0.01
2021-05-09 16:22:11.911462, 1620566531.9114625, 3.2, 0.78, 9.16, -0.04, -0.08, -0.01, -0.15, 0.33, 8.65, -0.07, -0.08, -0.0
2021-05-09 16:22:12.021067, 1620566532.0210679, 3.23, 0.77, 9.13, -0.04, -0.08, -0.01, -0.13, 0.36, 8.63, -0.07, -0.08, -0.0
2021-05-09 16:22:12.130116, 1620566532.1301167, 3.22, 0.77, 9.14, -0.04, -0.06, -0.01, -0.13, 0.34, 8.61, -0.06, -0.06, 0.0
2021-05-09 16:22:12.240046, 1620566532.2400465, 3.2, 0.77, 9.14, -0.03, -0.04, -0.0, -0.17, 0.33, 8.63, -0.07, -0.05, 0.0
2021-05-09 16:22:12.349797, 1620566532.349798, 3.2, 0.78, 9.15, -0.03, -0.05, -0.0, -0.15, 0.35, 8.63, -0.06, -0.05, 0.01
2021-05-09 16:22:12.459179, 1620566532.459179, 3.17, 0.77, 9.15, -0.02, -0.04, -0.01, -0.17, 0.31, 8.63, -0.06, -0.04, 0.0
2021-05-09 16:22:12.569133, 1620566532.569133, 3.14, 0.8, 9.17, -0.03, -0.04, -0.02, -0.21, 0.35, 8.63, -0.06, -0.04, -0.01
2021-05-09 16:22:12.678698, 1620566532.678699, 3.12, 0.78, 9.16, -0.03, -0.05, -0.02, -0.2, 0.33, 8.63, -0.05, -0.06, -0.02
2021-05-09 16:22:12.788269, 1620566532.7882695, 3.09, 0.84, 9.18, -0.03, -0.03, -0.03, -0.22, 0.38, 8.67, -0.05, -0.06, -0.02
2021-05-09 16:22:12.897764, 1620566532.8977647, 3.06, 0.84, 9.25, -0.04, -0.04, -0.02, -0.22, 0.41, 8.68, -0.06, -0.07, -0.01
2021-05-09 16:22:13.007354, 1620566533.0073547, 3.09, 0.82, 9.2, -0.04, -0.05, -0.01, -0.22, 0.35, 8.66, -0.06, -0.07, -0.01
2021-05-09 16:22:13.116918, 1620566533.1169188, 3.07, 0.82, 9.21, -0.03, -0.06, -0.0, -0.2, 0.39, 8.64, -0.06, -0.07, 0.01
2021-05-09 16:22:13.225755, 1620566533.2267518, 3.06, 0.82, 9.16, -0.03, -0.06, -0.0, -0.21, 0.39, 8.62, -0.06, -0.06, 0.0
2021-05-09 16:22:13.335902, 1620566533.3359027, 3.03, 0.81, 9.19, -0.03, -0.06, 0.0, -0.23, 0.35, 8.65, -0.06, -0.07, 0.01
2021-05-09 16:22:13.445266, 1620566533.4452667, 3.05, 0.81, 9.2, -0.04, -0.06, -0.01, -0.21, 0.34, 8.63, -0.06, -0.08, -0.0
2021-05-09 16:22:13.555002, 1620566533.555003, 3.02, 0.84, 9.2, -0.04, -0.06, -0.02, -0.24, 0.39, 8.64, -0.06, -0.06, -0.01
2021-05-09 16:22:13.664927, 1620566533.664927, 3.06, 0.84, 9.18, -0.05, -0.08, -0.02, -0.23, 0.41, 8.62, -0.07, -0.07, -0.01
2021-05-09 16:22:13.774667, 1620566533.774667, 3.04, 0.8, 9.18, -0.04, -0.06, -0.01, -0.2, 0.39, 8.63, -0.07, -0.06, -0.0
2021-05-09 16:22:13.883695, 1620566533.8836954, 3.05, 0.79, 9.21, -0.04, -0.06, -0.0, -0.22, 0.37, 8.64, -0.07, -0.06, 0.01
2021-05-09 16:22:13.993045, 1620566533.9930453, 3.07, 0.78, 9.19, -0.03, -0.05, -0.01, -0.23, 0.36, 8.62, -0.06, -0.06, 0.0
2021-05-09 16:22:14.103354, 1620566534.1033547, 3.06, 0.78, 9.18, -0.04, -0.06, -0.01, -0.23, 0.36, 8.61, -0.06, -0.07, -0.01
2021-05-09 16:22:14.212811, 1620566534.212811, 3.01, 0.8, 9.21, -0.03, -0.05, -0.02, -0.24, 0.37, 8.63, -0.06, -0.06, -0.01
2021-05-09 16:22:14.322383, 1620566534.3223839, 3.04, 0.8, 9.2, -0.04, -0.05, -0.02, -0.22, 0.35, 8.63, -0.06, -0.06, -0.01
2021-05-09 16:22:14.431783, 1620566534.4317832, 3.01, 0.8, 9.21, -0.04, -0.05, -0.02, -0.27, 0.39, 8.64, -0.06, -0.05, -0.01
2021-05-09 16:22:14.540732, 1620566534.5407326, 2.95, 0.82, 9.25, -0.03, -0.07, -0.0, -0.27, 0.38, 8.66, -0.06, -0.08, 0.01
2021-05-09 16:22:14.650898, 1620566534.6508987, 3.02, 0.82, 9.22, -0.03, -0.08, -0.01, -0.25, 0.37, 8.65, -0.06, -0.08, 0.01
2021-05-09 16:22:14.760190, 1620566534.7601905, 3.06, 0.81, 9.17, -0.03, -0.08, -0.02, -0.24, 0.38, 8.64, -0.06, -0.07, -0.0
2021-05-09 16:22:14.870377, 1620566534.8703775, 3.08, 0.83, 9.2, -0.04, -0.08, -0.02, -0.22, 0.45, 8.64, -0.06, -0.08, -0.01
2021-05-09 16:22:14.980042, 1620566534.9800422, 3.13, 0.83, 9.19, -0.04, -0.07, -0.02, -0.19, 0.41, 8.66, -0.06, -0.07, -0.01
2021-05-09 16:22:15.089219, 1620566535.0892193, 3.11, 0.82, 9.19, -0.03, -0.08, -0.01, -0.2, 0.41, 8.64, -0.06, -0.07, 0.01
2021-05-09 16:22:15.198813, 1620566535.1988134, 3.12, 0.8, 9.18, -0.03, -0.07, 0.0, -0.19, 0.39, 8.65, -0.06, -0.07, 0.01
2021-05-09 16:22:15.308393, 1620566535.3083935, 3.14, 0.8, 9.16, -0.03, -0.07, -0.01, -0.19, 0.4, 8.61, -0.06, -0.07, 0.0
2021-05-09 16:22:15.418165, 1620566535.4181654, 3.1, 0.81, 9.18, -0.03, -0.06, -0.02, -0.2, 0.38, 8.65, -0.06, -0.07, -0.01
2021-05-09 16:22:15.527901, 1620566535.5279012, 3.11, 0.86, 9.17, -0.04, -0.07, -0.02, -0.15, 0.43, 8.65, -0.06, -0.08, -0.01
2021-05-09 16:22:15.637602, 1620566535.637602, 3.11, 0.84, 9.19, -0.04, -0.06, -0.01, -0.2, 0.42, 8.66, -0.07, -0.07, 0.0
2021-05-09 16:22:15.746884, 1620566535.7468848, 3.09, 0.81, 9.19, -0.04, -0.07, 0.0, -0.17, 0.42, 8.66, -0.06, -0.09, 0.0
2021-05-09 16:22:15.856437, 1620566535.8564372, 3.14, 0.85, 9.17, -0.03, -0.07, -0.0, -0.15, 0.43, 8.65, -0.06, -0.09, 0.01
2021-05-09 16:22:15.966251, 1620566535.9662519, 3.11, 0.85, 9.17, -0.03, -0.07, -0.01, -0.12, 0.43, 8.65, -0.06, -0.09, 0.0
2021-05-09 16:22:16.075682, 1620566536.0756824, 3.14, 0.84, 9.15, -0.03, -0.05, -0.02, -0.12, 0.45, 8.62, -0.05, -0.08, -0.0
2021-05-09 16:22:16.185306, 1620566536.185306, 3.17, 0.87, 9.14, -0.03, -0.05, -0.02, -0.1, 0.47, 8.63, -0.06, -0.07, -0.01
2021-05-09 16:22:16.295133, 1620566536.295133, 3.15, 0.86, 9.15, -0.04, -0.05, -0.02, -0.09, 0.47, 8.63, -0.06, -0.05, -0.0
2021-05-09 16:22:16.404334, 1620566536.4043348, 3.1, 0.88, 9.18, -0.03, -0.04, -0.0, -0.14, 0.47, 8.63, -0.07, -0.05, 0.01
2021-05-09 16:22:16.513813, 1620566536.5138135, 3.09, 0.9, 9.2, -0.03, -0.06, 0.01, -0.13, 0.47, 8.64, -0.07, -0.06, 0.02
2021-05-09 16:22:16.623531, 1620566536.6235316, 3.11, 0.81, 9.19, -0.05, -0.08, 0.0, -0.11, 0.43, 8.66, -0.08, -0.07, 0.01
2021-05-09 16:22:16.733361, 1620566536.7333617, 3.15, 0.81, 9.14, -0.04, -0.06, -0.01, -0.1, 0.43, 8.61, -0.06, -0.06, 0.0
2021-05-09 16:22:16.843013, 1620566536.843013, 3.07, 0.86, 9.19, -0.04, -0.05, -0.01, -0.15, 0.42, 8.64, -0.07, -0.04, 0.0
2021-05-09 16:22:16.952417, 1620566536.9524174, 3.07, 0.84, 9.19, -0.04, -0.05, -0.02, -0.16, 0.39, 8.67, -0.07, -0.06, -0.01
2021-05-09 16:22:17.061996, 1620566537.061996, 3.02, 0.84, 9.22, -0.04, -0.07, -0.02, -0.2, 0.43, 8.63, -0.07, -0.07, -0.01
2021-05-09 16:22:17.171655, 1620566537.1716557, 3.12, 0.85, 9.19, -0.04, -0.09, -0.01, -0.15, 0.4, 8.64, -0.06, -0.08, -0.0
2021-05-09 16:22:17.281174, 1620566537.2811742, 3.15, 0.82, 9.15, -0.03, -0.08, -0.01, -0.11, 0.4, 8.62, -0.06, -0.07, 0.01
2021-05-09 16:22:17.390925, 1620566537.3909256, 3.19, 0.84, 9.14, -0.04, -0.06, -0.01, -0.13, 0.39, 8.62, -0.07, -0.05, -0.0
2021-05-09 16:22:17.500398, 1620566537.5003982, 3.15, 0.81, 9.17, -0.05, -0.05, -0.02, -0.18, 0.38, 8.62, -0.07, -0.05, -0.01
2021-05-09 16:22:17.609767, 1620566537.6097674, 3.07, 0.81, 9.19, -0.05, -0.05, -0.01, -0.2, 0.35, 8.65, -0.08, -0.07, -0.01
2021-05-09 16:22:17.719433, 1620566537.719434, 3.06, 0.76, 9.23, -0.06, -0.05, -0.02, -0.18, 0.34, 8.66, -0.07, -0.08, -0.02
2021-05-09 16:22:17.829178, 1620566537.829178, 3.07, 0.79, 9.15, -0.04, -0.07, -0.02, -0.17, 0.4, 8.58, -0.06, -0.08, -0.01
2021-05-09 16:22:17.938479, 1620566537.9384794, 3.09, 0.79, 9.15, -0.02, -0.05, -0.0, -0.14, 0.38, 8.64, -0.06, -0.07, 0.02
2021-05-09 16:22:18.048030, 1620566538.0480304, 3.05, 0.77, 9.22, -0.03, -0.05, -0.01, -0.18, 0.36, 8.65, -0.06, -0.06, 0.0
2021-05-09 16:22:18.157650, 1620566538.1576502, 3.04, 0.79, 9.21, -0.03, -0.05, -0.01, -0.17, 0.37, 8.64, -0.06, -0.06, 0.01
2021-05-09 16:22:18.267488, 1620566538.2674885, 3.12, 0.82, 9.16, -0.04, -0.06, -0.02, -0.13, 0.37, 8.62, -0.07, -0.06, -0.01
2021-05-09 16:22:18.376962, 1620566538.376963, 3.04, 0.82, 9.23, -0.05, -0.07, -0.01, -0.2, 0.4, 8.68, -0.07, -0.07, -0.0
2021-05-09 16:22:18.486564, 1620566538.4865642, 3.08, 0.81, 9.18, -0.04, -0.07, -0.01, -0.13, 0.38, 8.64, -0.07, -0.07, -0.0
2021-05-09 16:22:18.596206, 1620566538.5962062, 3.1, 0.81, 9.16, -0.04, -0.07, -0.01, -0.14, 0.41, 8.63, -0.07, -0.07, 0.0
2021-05-09 16:22:18.705690, 1620566538.7056901, 3.1, 0.81, 9.19, -0.04, -0.07, -0.01, -0.13, 0.38, 8.62, -0.07, -0.07, 0.01
2021-05-09 16:22:18.815284, 1620566538.8152845, 3.1, 0.78, 9.18, -0.04, -0.06, -0.01, -0.14, 0.36, 8.63, -0.07, -0.06, 0.0
2021-05-09 16:22:18.924421, 1620566538.9244218, 3.04, 0.8, 9.21, -0.04, -0.06, -0.01, -0.18, 0.37, 8.67, -0.07, -0.06, -0.0
2021-05-09 16:22:19.034117, 1620566539.034118, 3.07, 0.76, 9.17, -0.04, -0.07, -0.01, -0.16, 0.32, 8.65, -0.06, -0.07, -0.0
2021-05-09 16:22:19.144108, 1620566539.1441088, 3.04, 0.75, 9.2, -0.05, -0.07, -0.03, -0.16, 0.32, 8.65, -0.06, -0.07, -0.02
2021-05-09 16:22:19.253594, 1620566539.2535942, 3.06, 0.79, 9.2, -0.03, -0.08, -0.02, -0.17, 0.37, 8.64, -0.05, -0.07, -0.01
2021-05-09 16:22:19.363218, 1620566539.3632188, 3.14, 0.77, 9.14, -0.03, -0.08, -0.02, -0.12, 0.37, 8.62, -0.06, -0.06, -0.01
2021-05-09 16:22:19.472586, 1620566539.4725862, 3.15, 0.79, 9.16, -0.04, -0.06, -0.01, -0.11, 0.38, 8.64, -0.07, -0.06, -0.0
2021-05-09 16:22:19.582331, 1620566539.5823312, 3.12, 0.78, 9.17, -0.03, -0.08, -0.01, -0.09, 0.39, 8.63, -0.06, -0.07, 0.01
2021-05-09 16:22:19.691862, 1620566539.6918626, 3.16, 0.77, 9.15, -0.04, -0.09, -0.01, -0.1, 0.38, 8.65, -0.06, -0.07, 0.01
2021-05-09 16:22:19.801494, 1620566539.8014944, 3.17, 0.81, 9.17, -0.03, -0.08, -0.0, -0.09, 0.37, 8.67, -0.06, -0.08, 0.01
2021-05-09 16:22:19.911243, 1620566539.9112432, 3.19, 0.81, 9.16, -0.04, -0.1, -0.01, -0.09, 0.4, 8.67, -0.06, -0.09, -0.01
2021-05-09 16:22:20.021160, 1620566540.0211608, 3.2, 0.79, 9.17, -0.04, -0.16, -0.0, 0.05, 0.4, 8.69, -0.06, -0.15, -0.0
2021-05-09 16:22:20.130364, 1620566540.1303644, 3.45, 0.76, 9.1, -0.04, -0.17, 0.02, 0.03, 0.43, 8.65, -0.06, -0.18, 0.02
2021-05-09 16:22:20.239131, 1620566540.2391315, 3.44, 0.76, 9.08, -0.03, -0.12, 0.01, 0.19, 0.34, 8.69, -0.06, -0.13, 0.02
2021-05-09 16:22:20.348838, 1620566540.349797, 3.55, 0.77, 9.0, -0.05, -0.12, 0.01, 0.28, 0.37, 8.61, -0.07, -0.14, 0.0
2021-05-09 16:22:20.459089, 1620566540.4590895, 3.57, 0.78, 9.01, -0.06, -0.09, -0.01, 0.35, 0.38, 8.65, -0.08, -0.13, -0.02
2021-05-09 16:22:20.568806, 1620566540.5688064, 3.55, 0.71, 9.02, -0.05, -0.09, -0.02, 0.39, 0.35, 8.66, -0.07, -0.13, -0.03
2021-05-09 16:22:20.678493, 1620566540.6784935, 3.59, 0.65, 9.08, -0.06, -0.17, -0.01, 0.48, 0.3, 8.69, -0.06, -0.2, -0.05
2021-05-09 16:22:20.787883, 1620566540.7878835, 3.71, 0.77, 9.0, -0.04, -0.12, -0.01, 0.55, 0.44, 8.66, -0.06, -0.15, -0.02
2021-05-09 16:22:20.897460, 1620566540.8974605, 3.84, 0.73, 8.92, -0.04, -0.11, -0.01, 0.73, 0.41, 8.64, -0.06, -0.13, -0.03
2021-05-09 16:22:21.007052, 1620566541.007052, 3.86, 0.7, 8.88, -0.05, -0.11, -0.02, 0.76, 0.4, 8.61, -0.06, -0.12, -0.03
2021-05-09 16:22:21.116648, 1620566541.1166482, 3.88, 0.69, 8.91, -0.05, -0.11, -0.01, 0.81, 0.41, 8.66, -0.06, -0.11, -0.01
2021-05-09 16:22:21.226672, 1620566541.2266724, 3.92, 0.68, 8.86, -0.04, -0.12, -0.02, 0.85, 0.36, 8.65, -0.06, -0.11, -0.03
2021-05-09 16:22:21.336062, 1620566541.3360624, 4.03, 0.7, 8.89, -0.05, -0.13, -0.03, 0.87, 0.44, 8.65, -0.06, -0.11, -0.04
2021-05-09 16:22:21.445646, 1620566541.4456468, 4.08, 0.65, 8.83, -0.04, -0.11, 0.0, 0.93, 0.4, 8.64, -0.08, -0.09, -0.0
2021-05-09 16:22:21.554924, 1620566541.5549242, 4.1, 0.66, 8.82, -0.04, -0.1, 0.0, 0.96, 0.39, 8.65, -0.07, -0.08, 0.01
2021-05-09 16:22:21.664091, 1620566541.6650903, 4.14, 0.66, 8.8, -0.05, -0.14, -0.01, 1.06, 0.34, 8.66, -0.07, -0.11, -0.01
2021-05-09 16:22:21.774509, 1620566541.7745094, 4.27, 0.61, 8.77, -0.08, -0.14, -0.01, 1.0, 0.36, 8.66, -0.09, -0.12, -0.01
2021-05-09 16:22:21.883861, 1620566541.8838618, 4.31, 0.55, 8.77, -0.08, -0.12, -0.01, 1.07, 0.31, 8.66, -0.09, -0.1, -0.01
2021-05-09 16:22:21.992879, 1620566541.9928796, 4.38, 0.5, 8.71, -0.07, -0.1, -0.02, 1.12, 0.28, 8.62, -0.09, -0.09, -0.01
2021-05-09 16:22:22.103006, 1620566542.103007, 4.43, 0.46, 8.7, -0.06, -0.11, -0.03, 1.14, 0.25, 8.63, -0.07, -0.08, -0.0
2021-05-09 16:22:22.212571, 1620566542.212571, 4.46, 0.5, 8.68, -0.04, -0.11, -0.02, 1.13, 0.26, 8.63, -0.07, -0.07, 0.01
2021-05-09 16:22:22.322212, 1620566542.3222125, 4.52, 0.48, 8.64, -0.03, -0.1, -0.02, 1.17, 0.26, 8.6, -0.06, -0.06, 0.01
2021-05-09 16:22:22.431766, 1620566542.4317665, 4.5, 0.5, 8.65, -0.03, -0.1, -0.01, 1.15, 0.27, 8.65, -0.06, -0.05, 0.01
2021-05-09 16:22:22.541820, 1620566542.541821, 4.57, 0.5, 8.61, -0.04, -0.12, -0.03, 1.14, 0.23, 8.64, -0.06, -0.07, -0.01
2021-05-09 16:22:22.651087, 1620566542.6510878, 4.6, 0.53, 8.62, -0.04, -0.13, -0.04, 1.16, 0.3, 8.66, -0.05, -0.08, -0.02
2021-05-09 16:22:22.760798, 1620566542.7607987, 4.74, 0.53, 8.53, -0.04, -0.16, -0.03, 1.16, 0.32, 8.61, -0.05, -0.11, -0.02
2021-05-09 16:22:22.869649, 1620566542.8696496, 4.83, 0.52, 8.51, -0.03, -0.12, -0.01, 1.2, 0.32, 8.63, -0.06, -0.09, -0.0
2021-05-09 16:22:22.980147, 1620566542.9801476, 4.88, 0.53, 8.45, -0.02, -0.09, -0.02, 1.23, 0.31, 8.6, -0.05, -0.08, -0.0
2021-05-09 16:22:23.089654, 1620566543.0896544, 4.87, 0.58, 8.5, -0.02, -0.09, -0.01, 1.26, 0.33, 8.64, -0.06, -0.08, 0.0
2021-05-09 16:22:23.198915, 1620566543.198915, 4.87, 0.58, 8.44, -0.01, -0.09, -0.01, 1.3, 0.34, 8.59, -0.05, -0.08, 0.0
2021-05-09 16:22:23.307897, 1620566543.3078973, 4.92, 0.64, 8.43, -0.01, -0.06, -0.01, 1.25, 0.35, 8.61, -0.05, -0.06, 0.0
2021-05-09 16:22:23.418129, 1620566543.41813, 4.88, 0.61, 8.47, -0.02, -0.05, -0.01, 1.27, 0.33, 8.63, -0.06, -0.06, -0.0
2021-05-09 16:22:23.527732, 1620566543.5277324, 4.85, 0.66, 8.5, -0.03, -0.04, -0.01, 1.25, 0.37, 8.64, -0.06, -0.07, -0.01
2021-05-09 16:22:23.637544, 1620566543.6375446, 4.82, 0.65, 8.48, -0.03, -0.05, -0.01, 1.24, 0.37, 8.61, -0.06, -0.07, -0.01
2021-05-09 16:22:23.746879, 1620566543.7468793, 4.83, 0.68, 8.5, -0.04, -0.05, -0.01, 1.26, 0.39, 8.62, -0.07, -0.07, -0.01
2021-05-09 16:22:23.856455, 1620566543.856455, 4.85, 0.64, 8.48, -0.05, -0.04, -0.02, 1.28, 0.37, 8.63, -0.07, -0.07, -0.02
2021-05-09 16:22:23.966081, 1620566543.9660814, 4.78, 0.65, 8.51, -0.05, -0.04, -0.02, 1.26, 0.38, 8.63, -0.07, -0.06, -0.01
2021-05-09 16:22:24.075624, 1620566544.0756245, 4.8, 0.63, 8.51, -0.05, -0.04, -0.02, 1.25, 0.37, 8.62, -0.07, -0.06, -0.01
2021-05-09 16:22:24.185208, 1620566544.1852086, 4.75, 0.63, 8.53, -0.04, -0.02, -0.01, 1.22, 0.34, 8.62, -0.08, -0.04, 0.0
2021-05-09 16:22:24.294878, 1620566544.2948787, 4.67, 0.59, 8.58, -0.05, -0.0, -0.01, 1.2, 0.32, 8.65, -0.08, -0.02, 0.01
2021-05-09 16:22:24.404078, 1620566544.404078, 4.63, 0.58, 8.59, -0.04, 0.0, -0.01, 1.17, 0.3, 8.63, -0.07, -0.03, 0.01
2021-05-09 16:22:24.513784, 1620566544.5137844, 4.55, 0.6, 8.62, -0.03, 0.0, -0.01, 1.12, 0.32, 8.64, -0.07, -0.02, 0.01
2021-05-09 16:22:24.623372, 1620566544.623372, 4.52, 0.6, 8.63, -0.03, -0.0, -0.01, 1.07, 0.3, 8.63, -0.07, -0.02, 0.01
2021-05-09 16:22:24.732923, 1620566544.7329235, 4.45, 0.6, 8.68, -0.03, -0.0, -0.01, 1.03, 0.31, 8.65, -0.07, -0.02, 0.01
2021-05-09 16:22:24.842023, 1620566544.8420236, 4.37, 0.63, 8.72, -0.04, -0.01, -0.01, 0.98, 0.3, 8.67, -0.07, -0.02, 0.01
2021-05-09 16:22:24.952107, 1620566544.952107, 4.33, 0.59, 8.72, -0.03, -0.01, -0.01, 0.93, 0.3, 8.63, -0.07, -0.03, 0.02
2021-05-09 16:22:25.061687, 1620566545.0616875, 4.29, 0.59, 8.75, -0.02, -0.0, -0.0, 0.91, 0.27, 8.66, -0.06, -0.03, 0.02
2021-05-09 16:22:25.171258, 1620566545.1712582, 4.24, 0.64, 8.79, -0.02, -0.0, -0.0, 0.85, 0.29, 8.64, -0.06, -0.02, 0.03
2021-05-09 16:22:25.280822, 1620566545.2808228, 4.19, 0.61, 8.77, -0.02, 0.01, -0.01, 0.85, 0.26, 8.64, -0.06, -0.02, 0.02
2021-05-09 16:22:25.390394, 1620566545.3903944, 4.12, 0.67, 8.8, -0.02, 0.02, -0.02, 0.78, 0.29, 8.63, -0.06, -0.01, -0.0
2021-05-09 16:22:25.500117, 1620566545.5001178, 4.0, 0.67, 8.9, -0.04, 0.01, -0.02, 0.74, 0.28, 8.71, -0.07, -0.03, -0.01
2021-05-09 16:22:25.609579, 1620566545.609579, 3.98, 0.65, 8.85, -0.03, 0.02, -0.02, 0.71, 0.3, 8.65, -0.07, -0.02, -0.01
2021-05-09 16:22:25.719164, 1620566545.7191646, 3.87, 0.66, 8.9, -0.04, 0.01, -0.02, 0.64, 0.29, 8.66, -0.07, -0.03, -0.0
2021-05-09 16:22:25.829076, 1620566545.8290765, 3.77, 0.68, 8.96, -0.04, 0.03, -0.03, 0.57, 0.29, 8.66, -0.06, -0.02, -0.01
2021-05-09 16:22:25.938614, 1620566545.9386141, 3.7, 0.66, 8.98, -0.04, 0.01, -0.03, 0.54, 0.28, 8.67, -0.07, -0.02, -0.01
2021-05-09 16:22:26.047927, 1620566546.0479276, 3.59, 0.67, 9.02, -0.03, 0.01, -0.03, 0.44, 0.28, 8.66, -0.06, -0.01, -0.0
2021-05-09 16:22:26.157143, 1620566546.1571436, 3.52, 0.7, 9.05, -0.04, -0.01, -0.02, 0.38, 0.31, 8.67, -0.06, -0.02, 0.01
2021-05-09 16:22:26.266879, 1620566546.266879, 3.56, 0.67, 9.02, -0.03, -0.02, -0.01, 0.41, 0.29, 8.64, -0.06, -0.03, 0.02
2021-05-09 16:22:26.376754, 1620566546.3767548, 3.49, 0.7, 9.05, -0.03, -0.01, -0.01, 0.32, 0.31, 8.63, -0.05, -0.01, 0.02
2021-05-09 16:22:26.486165, 1620566546.4861655, 3.38, 0.7, 9.09, -0.02, -0.02, -0.01, 0.24, 0.3, 8.67, -0.05, -0.01, 0.01
2021-05-09 16:22:26.595624, 1620566546.5956247, 3.35, 0.74, 9.11, -0.03, -0.03, -0.02, 0.2, 0.31, 8.67, -0.06, -0.02, 0.01
2021-05-09 16:22:26.705198, 1620566546.7051985, 3.3, 0.72, 9.17, -0.04, -0.05, -0.01, 0.17, 0.35, 8.7, -0.06, -0.04, 0.0
2021-05-09 16:22:26.814795, 1620566546.8147955, 3.37, 0.76, 9.09, -0.02, -0.06, -0.02, 0.15, 0.36, 8.67, -0.05, -0.04, 0.01
2021-05-09 16:22:26.923865, 1620566546.9238656, 3.37, 0.77, 9.08, -0.02, -0.05, -0.02, 0.15, 0.35, 8.62, -0.06, -0.03, 0.0
2021-05-09 16:22:27.033792, 1620566547.033792, 3.33, 0.73, 9.09, -0.02, -0.02, -0.02, 0.08, 0.34, 8.63, -0.05, -0.01, 0.0
2021-05-09 16:22:27.143644, 1620566547.1436443, 3.24, 0.78, 9.13, -0.03, 0.0, -0.03, 0.03, 0.37, 8.65, -0.05, -0.0, -0.01
2021-05-09 16:22:27.253233, 1620566547.2532334, 3.15, 0.83, 9.18, -0.02, -0.0, -0.03, -0.08, 0.42, 8.69, -0.06, -0.01, 0.0
2021-05-09 16:22:27.362517, 1620566547.3625176, 3.11, 0.85, 9.21, -0.04, -0.04, -0.0, -0.09, 0.38, 8.71, -0.07, -0.04, 0.01
2021-05-09 16:22:27.472185, 1620566547.4721859, 3.12, 0.81, 9.18, -0.04, -0.04, -0.01, -0.11, 0.38, 8.66, -0.07, -0.04, 0.01
2021-05-09 16:22:27.581676, 1620566547.581676, 3.08, 0.8, 9.19, -0.04, -0.04, -0.01, -0.14, 0.38, 8.67, -0.07, -0.04, 0.01
2021-05-09 16:22:27.691112, 1620566547.6911125, 3.1, 0.79, 9.17, -0.05, -0.03, -0.01, -0.19, 0.34, 8.62, -0.07, -0.04, 0.0
2021-05-09 16:22:27.800961, 1620566547.8009615, 3.01, 0.79, 9.21, -0.05, -0.01, -0.02, -0.24, 0.37, 8.65, -0.07, -0.03, -0.0
2021-05-09 16:22:27.910557, 1620566547.9105577, 2.96, 0.8, 9.2, -0.04, -0.03, -0.02, -0.23, 0.36, 8.66, -0.07, -0.04, -0.01
2021-05-09 16:22:28.020099, 1620566548.0200996, 2.95, 0.78, 9.23, -0.05, -0.06, -0.02, -0.28, 0.33, 8.63, -0.07, -0.06, -0.01
2021-05-09 16:22:28.129891, 1620566548.1298914, 2.95, 0.77, 9.23, -0.04, -0.06, -0.03, -0.25, 0.33, 8.64, -0.06, -0.07, -0.02
2021-05-09 16:22:28.239414, 1620566548.2394142, 2.95, 0.79, 9.22, -0.04, -0.06, -0.03, -0.26, 0.36, 8.63, -0.06, -0.06, -0.02
2021-05-09 16:22:28.348993, 1620566548.3489935, 2.93, 0.81, 9.24, -0.04, -0.05, -0.03, -0.29, 0.36, 8.65, -0.06, -0.06, -0.02
2021-05-09 16:22:28.458720, 1620566548.4587204, 2.88, 0.82, 9.25, -0.04, -0.04, -0.03, -0.29, 0.37, 8.65, -0.06, -0.06, -0.01
2021-05-09 16:22:28.567899, 1620566548.5678997, 2.9, 0.82, 9.23, -0.04, -0.04, -0.0, -0.31, 0.38, 8.64, -0.08, -0.05, 0.01
2021-05-09 16:22:28.677602, 1620566548.6776025, 2.85, 0.77, 9.25, -0.05, -0.05, 0.01, -0.34, 0.29, 8.65, -0.09, -0.05, 0.01
2021-05-09 16:22:28.786458, 1620566548.7864583, 2.84, 0.71, 9.28, -0.05, -0.05, -0.0, -0.33, 0.29, 8.64, -0.07, -0.05, 0.0
2021-05-09 16:22:28.896730, 1620566548.8967307, 2.8, 0.76, 9.29, -0.04, -0.05, -0.01, -0.37, 0.31, 8.65, -0.06, -0.06, -0.0
2021-05-09 16:22:29.006392, 1620566549.0063927, 2.8, 0.72, 9.27, -0.04, -0.06, -0.02, -0.37, 0.27, 8.64, -0.06, -0.07, -0.01
2021-05-09 16:22:29.115103, 1620566549.1151035, 2.83, 0.74, 9.24, -0.04, -0.08, -0.0, -0.34, 0.3, 8.62, -0.06, -0.08, -0.0
2021-05-09 16:22:29.225769, 1620566549.2257693, 2.86, 0.72, 9.25, -0.04, -0.07, -0.01, -0.32, 0.28, 8.63, -0.07, -0.07, -0.0
2021-05-09 16:22:29.335215, 1620566549.3352156, 2.89, 0.75, 9.22, -0.04, -0.06, -0.02, -0.3, 0.32, 8.61, -0.06, -0.06, -0.01
2021-05-09 16:22:29.444886, 1620566549.4448867, 2.88, 0.71, 9.25, -0.04, -0.05, -0.02, -0.31, 0.27, 8.63, -0.06, -0.06, -0.0
2021-05-09 16:22:29.554504, 1620566549.5545042, 2.82, 0.75, 9.3, -0.03, -0.05, -0.01, -0.35, 0.31, 8.66, -0.06, -0.06, 0.0
2021-05-09 16:22:29.663898, 1620566549.6638982, 2.86, 0.76, 9.24, -0.04, -0.06, -0.01, -0.33, 0.32, 8.62, -0.06, -0.07, 0.0
2021-05-09 16:22:29.773732, 1620566549.7737324, 2.84, 0.76, 9.27, -0.04, -0.06, -0.02, -0.34, 0.32, 8.63, -0.06, -0.06, -0.0
2021-05-09 16:22:29.883286, 1620566549.8832862, 2.8, 0.74, 9.28, -0.04, -0.07, -0.02, -0.37, 0.29, 8.67, -0.06, -0.07, -0.0
2021-05-09 16:22:29.993137, 1620566549.9931376, 2.87, 0.75, 9.25, -0.04, -0.06, -0.02, -0.32, 0.33, 8.62, -0.06, -0.07, -0.0
2021-05-09 16:22:30.101809, 1620566550.1018095, 2.79, 0.72, 9.28, -0.04, -0.06, -0.01, -0.35, 0.31, 8.65, -0.06, -0.07, 0.0
2021-05-09 16:22:30.212076, 1620566550.2120762, 2.83, 0.74, 9.26, -0.03, -0.07, -0.02, -0.34, 0.28, 8.63, -0.05, -0.08, -0.0
2021-05-09 16:22:30.321339, 1620566550.3213396, 2.85, 0.77, 9.26, -0.03, -0.07, -0.02, -0.31, 0.32, 8.63, -0.06, -0.07, -0.0
2021-05-09 16:22:30.431118, 1620566550.4311185, 2.82, 0.77, 9.23, -0.03, -0.07, -0.02, -0.33, 0.33, 8.63, -0.06, -0.07, -0.01
2021-05-09 16:22:30.540771, 1620566550.540771, 2.87, 0.77, 9.24, -0.03, -0.06, -0.02, -0.29, 0.33, 8.62, -0.05, -0.06, -0.0
2021-05-09 16:22:30.650549, 1620566550.650549, 2.88, 0.8, 9.25, -0.03, -0.07, -0.01, -0.3, 0.33, 8.64, -0.06, -0.06, 0.0
2021-05-09 16:22:30.760037, 1620566550.760038, 2.86, 0.8, 9.23, -0.03, -0.06, -0.02, -0.34, 0.34, 8.64, -0.06, -0.06, 0.0
2021-05-09 16:22:30.869536, 1620566550.869536, 2.87, 0.8, 9.23, -0.04, -0.07, -0.01, -0.32, 0.35, 8.63, -0.07, -0.07, 0.0
2021-05-09 16:22:30.979285, 1620566550.9792855, 2.88, 0.78, 9.26, -0.04, -0.06, -0.01, -0.33, 0.32, 8.65, -0.07, -0.06, -0.0
2021-05-09 16:22:31.088881, 1620566551.0888813, 2.89, 0.79, 9.27, -0.04, -0.07, -0.01, -0.32, 0.39, 8.62, -0.06, -0.07, -0.0
2021-05-09 16:22:31.198510, 1620566551.1985106, 2.93, 0.78, 9.23, -0.04, -0.07, -0.01, -0.29, 0.34, 8.63, -0.06, -0.07, -0.01
2021-05-09 16:22:31.307988, 1620566551.3079886, 2.9, 0.79, 9.25, -0.03, -0.07, -0.01, -0.31, 0.34, 8.64, -0.06, -0.07, -0.0
2021-05-09 16:22:31.417174, 1620566551.417174, 2.91, 0.78, 9.25, -0.04, -0.07, -0.0, -0.3, 0.36, 8.65, -0.06, -0.07, 0.01
2021-05-09 16:22:31.527205, 1620566551.5272055, 2.92, 0.76, 9.24, -0.04, -0.07, -0.01, -0.29, 0.32, 8.65, -0.07, -0.07, -0.0
2021-05-09 16:22:31.636966, 1620566551.6369662, 2.91, 0.76, 9.22, -0.05, -0.07, -0.02, -0.3, 0.32, 8.64, -0.07, -0.08, -0.02
2021-05-09 16:22:31.746227, 1620566551.7462275, 2.92, 0.78, 9.21, -0.04, -0.07, -0.02, -0.27, 0.32, 8.61, -0.06, -0.07, -0.01
2021-05-09 16:22:31.855798, 1620566551.855798, 2.94, 0.76, 9.22, -0.04, -0.07, -0.01, -0.25, 0.31, 8.62, -0.06, -0.06, 0.0
2021-05-09 16:22:31.965433, 1620566551.9654336, 2.93, 0.74, 9.2, -0.05, -0.06, -0.02, -0.29, 0.27, 8.64, -0.07, -0.06, -0.01
2021-05-09 16:22:32.075198, 1620566552.0751987, 2.95, 0.73, 9.24, -0.04, -0.07, -0.01, -0.27, 0.32, 8.63, -0.06, -0.08, -0.0
2021-05-09 16:22:32.184558, 1620566552.1845586, 2.91, 0.74, 9.26, -0.05, -0.08, -0.02, -0.27, 0.26, 8.63, -0.07, -0.09, -0.01
2021-05-09 16:22:32.294385, 1620566552.2943857, 3.03, 0.73, 9.18, -0.05, -0.08, -0.02, -0.19, 0.34, 8.6, -0.06, -0.09, -0.01
2021-05-09 16:22:32.403955, 1620566552.4039552, 2.99, 0.72, 9.24, -0.04, -0.08, -0.01, -0.19, 0.3, 8.67, -0.06, -0.08, -0.01
2021-05-09 16:22:32.513571, 1620566552.5135713, 3.0, 0.73, 9.24, -0.03, -0.08, -0.01, -0.17, 0.3, 8.66, -0.06, -0.1, -0.0
2021-05-09 16:22:32.622875, 1620566552.622875, 3.01, 0.76, 9.23, -0.04, -0.1, -0.01, -0.17, 0.35, 8.67, -0.06, -0.09, 0.01
2021-05-09 16:22:32.732491, 1620566552.7324913, 3.06, 0.74, 9.18, -0.04, -0.1, -0.0, -0.14, 0.32, 8.63, -0.07, -0.08, 0.01
2021-05-09 16:22:32.842019, 1620566552.8420198, 3.11, 0.69, 9.18, -0.04, -0.12, -0.0, -0.1, 0.3, 8.67, -0.07, -0.09, 0.0
2021-05-09 16:22:32.951861, 1620566552.9518619, 3.18, 0.68, 9.16, -0.04, -0.12, -0.02, -0.05, 0.3, 8.67, -0.06, -0.09, -0.01
2021-05-09 16:22:33.061349, 1620566553.0613499, 3.21, 0.7, 9.15, -0.04, -0.13, -0.02, -0.03, 0.31, 8.67, -0.06, -0.1, -0.01
2021-05-09 16:22:33.170943, 1620566553.170943, 3.33, 0.71, 9.11, -0.02, -0.1, -0.01, -0.01, 0.32, 8.63, -0.06, -0.11, 0.0
2021-05-09 16:22:33.279937, 1620566553.2799377, 3.29, 0.69, 9.12, -0.03, -0.08, -0.0, 0.01, 0.3, 8.64, -0.07, -0.09, 0.0
2021-05-09 16:22:33.390110, 1620566553.39011, 3.34, 0.69, 9.12, -0.03, -0.13, -0.01, 0.1, 0.29, 8.67, -0.06, -0.11, 0.0
2021-05-09 16:22:33.499969, 1620566553.4999695, 3.46, 0.71, 9.09, -0.04, -0.15, -0.02, 0.12, 0.32, 8.66, -0.06, -0.12, -0.01
2021-05-09 16:22:33.609502, 1620566553.6095028, 3.57, 0.69, 9.01, -0.03, -0.13, -0.02, 0.22, 0.33, 8.63, -0.04, -0.12, -0.01
2021-05-09 16:22:33.719195, 1620566553.719195, 3.55, 0.74, 9.05, -0.03, -0.12, -0.01, 0.25, 0.37, 8.68, -0.05, -0.11, -0.02
2021-05-09 16:22:33.828803, 1620566553.8288033, 3.68, 0.73, 8.97, -0.03, -0.09, -0.04, 0.28, 0.34, 8.63, -0.04, -0.11, -0.04
2021-05-09 16:22:33.938001, 1620566553.9380012, 3.62, 0.83, 9.01, -0.05, -0.05, -0.04, 0.33, 0.41, 8.66, -0.07, -0.09, -0.04
2021-05-09 16:22:34.047863, 1620566554.0478635, 3.57, 0.78, 9.04, -0.05, -0.08, -0.01, 0.39, 0.4, 8.71, -0.08, -0.12, -0.03
2021-05-09 16:22:34.157269, 1620566554.157269, 3.65, 0.69, 8.98, -0.06, -0.11, -0.0, 0.46, 0.35, 8.66, -0.08, -0.14, -0.03
2021-05-09 16:22:34.267095, 1620566554.2670953, 3.74, 0.7, 8.94, -0.06, -0.11, 0.0, 0.5, 0.34, 8.66, -0.08, -0.14, -0.01
2021-05-09 16:22:34.376399, 1620566554.3763995, 3.8, 0.7, 8.97, -0.04, -0.1, 0.01, 0.56, 0.34, 8.65, -0.07, -0.12, 0.01
2021-05-09 16:22:34.485895, 1620566554.4858954, 3.78, 0.64, 8.95, -0.04, -0.09, 0.01, 0.65, 0.3, 8.65, -0.07, -0.11, 0.01
2021-05-09 16:22:34.594960, 1620566554.5949605, 3.81, 0.62, 8.94, -0.04, -0.11, -0.01, 0.7, 0.29, 8.65, -0.06, -0.12, 0.0
2021-05-09 16:22:34.704541, 1620566554.704541, 3.87, 0.68, 8.93, -0.04, -0.1, -0.01, 0.71, 0.33, 8.68, -0.07, -0.1, 0.0
2021-05-09 16:22:34.814641, 1620566554.814642, 3.91, 0.66, 8.89, -0.04, -0.11, -0.01, 0.78, 0.32, 8.67, -0.06, -0.1, 0.01
2021-05-09 16:22:34.924070, 1620566554.9240704, 3.94, 0.64, 8.9, -0.04, -0.1, 0.0, 0.78, 0.3, 8.65, -0.07, -0.09, 0.01
2021-05-09 16:22:35.034020, 1620566555.0340202, 4.0, 0.62, 8.87, -0.03, -0.11, 0.01, 0.81, 0.29, 8.64, -0.06, -0.09, 0.02
2021-05-09 16:22:35.143378, 1620566555.1433785, 4.02, 0.63, 8.87, -0.03, -0.09, 0.01, 0.85, 0.29, 8.66, -0.06, -0.08, 0.01
2021-05-09 16:22:35.253248, 1620566555.2532487, 4.05, 0.61, 8.85, -0.05, -0.11, -0.02, 0.87, 0.27, 8.66, -0.06, -0.09, -0.01
2021-05-09 16:22:35.362693, 1620566555.362693, 4.1, 0.6, 8.8, -0.06, -0.12, -0.04, 0.91, 0.3, 8.63, -0.06, -0.1, -0.03
2021-05-09 16:22:35.472257, 1620566555.4722579, 4.18, 0.61, 8.79, -0.06, -0.11, -0.04, 0.92, 0.33, 8.65, -0.07, -0.08, -0.03
2021-05-09 16:22:35.581875, 1620566555.581876, 4.23, 0.61, 8.75, -0.05, -0.12, -0.03, 0.93, 0.34, 8.64, -0.07, -0.08, -0.01
2021-05-09 16:22:35.691636, 1620566555.6916366, 4.3, 0.61, 8.75, -0.03, -0.09, -0.02, 0.97, 0.32, 8.64, -0.07, -0.06, 0.01
2021-05-09 16:22:35.801036, 1620566555.8010368, 4.32, 0.6, 8.7, -0.03, -0.08, -0.01, 0.95, 0.31, 8.63, -0.07, -0.06, 0.01
2021-05-09 16:22:35.910689, 1620566555.9106894, 4.29, 0.6, 8.76, -0.04, -0.07, -0.01, 0.93, 0.32, 8.67, -0.07, -0.06, 0.0
2021-05-09 16:22:36.020192, 1620566556.0201926, 4.32, 0.57, 8.73, -0.04, -0.07, -0.01, 0.96, 0.28, 8.63, -0.06, -0.07, 0.0
2021-05-09 16:22:36.129766, 1620566556.129767, 4.35, 0.61, 8.71, -0.03, -0.08, -0.01, 0.97, 0.31, 8.64, -0.06, -0.07, 0.0
2021-05-09 16:22:36.239352, 1620566556.2393525, 4.36, 0.6, 8.73, -0.03, -0.09, -0.01, 0.98, 0.29, 8.64, -0.06, -0.08, -0.0
2021-05-09 16:22:36.348933, 1620566556.3489337, 4.37, 0.6, 8.72, -0.03, -0.08, -0.0, 0.96, 0.3, 8.64, -0.06, -0.08, -0.01
2021-05-09 16:22:36.458550, 1620566556.4585502, 4.37, 0.63, 8.71, -0.03, -0.07, -0.01, 0.99, 0.3, 8.65, -0.06, -0.08, -0.01
2021-05-09 16:22:36.568067, 1620566556.5680678, 4.36, 0.62, 8.74, -0.04, -0.06, -0.01, 1.01, 0.32, 8.66, -0.07, -0.08, -0.01
2021-05-09 16:22:36.677155, 1620566556.6771555, 4.39, 0.59, 8.68, -0.04, -0.06, 0.0, 1.03, 0.3, 8.62, -0.07, -0.08, -0.01
2021-05-09 16:22:36.786855, 1620566556.7868552, 4.38, 0.6, 8.71, -0.04, -0.06, -0.0, 1.03, 0.32, 8.64, -0.07, -0.08, -0.01
2021-05-09 16:22:36.896531, 1620566556.8965313, 4.36, 0.58, 8.72, -0.04, -0.06, 0.0, 1.04, 0.3, 8.65, -0.07, -0.07, -0.01
2021-05-09 16:22:37.006242, 1620566557.0062425, 4.35, 0.55, 8.72, -0.04, -0.05, -0.01, 1.05, 0.28, 8.64, -0.07, -0.07, -0.01
2021-05-09 16:22:37.114963, 1620566557.114964, 4.35, 0.57, 8.72, -0.04, -0.04, -0.01, 1.05, 0.3, 8.65, -0.07, -0.07, -0.01
2021-05-09 16:22:37.225667, 1620566557.225668, 4.34, 0.57, 8.75, -0.04, -0.05, -0.0, 1.06, 0.29, 8.66, -0.07, -0.07, 0.01
2021-05-09 16:22:37.335156, 1620566557.335156, 4.31, 0.54, 8.73, -0.02, -0.05, 0.02, 1.09, 0.28, 8.62, -0.06, -0.06, 0.03
2021-05-09 16:22:37.444070, 1620566557.4440703, 4.32, 0.59, 8.71, -0.02, -0.05, 0.01, 1.05, 0.29, 8.64, -0.06, -0.06, 0.03
2021-05-09 16:22:37.553682, 1620566557.553683, 4.27, 0.58, 8.76, -0.02, -0.05, 0.01, 1.04, 0.27, 8.64, -0.06, -0.06, 0.03
2021-05-09 16:22:37.663309, 1620566557.663309, 4.26, 0.56, 8.76, -0.03, -0.05, 0.0, 1.02, 0.26, 8.65, -0.06, -0.06, 0.02
2021-05-09 16:22:37.773489, 1620566557.7734892, 4.22, 0.56, 8.77, -0.04, -0.06, -0.01, 1.0, 0.26, 8.66, -0.07, -0.06, 0.01
2021-05-09 16:22:37.883124, 1620566557.8831248, 4.27, 0.57, 8.75, -0.04, -0.06, -0.02, 1.01, 0.27, 8.62, -0.07, -0.06, -0.0
2021-05-09 16:22:37.992454, 1620566557.992455, 4.29, 0.58, 8.75, -0.04, -0.03, -0.02, 1.03, 0.28, 8.64, -0.07, -0.05, 0.01
2021-05-09 16:22:38.102228, 1620566558.1022286, 4.22, 0.59, 8.77, -0.03, -0.02, -0.0, 0.98, 0.3, 8.64, -0.07, -0.04, 0.02
2021-05-09 16:22:38.211616, 1620566558.2116165, 4.17, 0.58, 8.8, -0.03, 0.01, 0.0, 0.94, 0.26, 8.64, -0.07, -0.02, 0.03
2021-05-09 16:22:38.321213, 1620566558.3212132, 4.06, 0.57, 8.86, -0.04, 0.01, 0.0, 0.85, 0.24, 8.66, -0.08, -0.01, 0.03
2021-05-09 16:22:38.430782, 1620566558.4307823, 3.99, 0.57, 8.9, -0.03, 0.02, -0.0, 0.78, 0.22, 8.69, -0.06, -0.01, 0.03
2021-05-09 16:22:38.540350, 1620566558.5403502, 3.95, 0.59, 8.89, 0.0, -0.0, -0.01, 0.77, 0.25, 8.65, -0.05, -0.01, 0.03
2021-05-09 16:22:38.650587, 1620566558.6505878, 3.86, 0.61, 8.92, -0.03, -0.02, -0.04, 0.7, 0.21, 8.66, -0.05, -0.01, 0.01
2021-05-09 16:22:38.759703, 1620566558.7597034, 3.86, 0.66, 8.91, -0.02, -0.03, -0.03, 0.69, 0.29, 8.66, -0.04, -0.03, 0.01
2021-05-09 16:22:38.868910, 1620566558.86891, 3.83, 0.7, 8.91, -0.02, -0.0, -0.02, 0.59, 0.34, 8.62, -0.05, 0.0, 0.02
2021-05-09 16:22:38.978246, 1620566558.978246, 3.69, 0.71, 9.0, -0.04, -0.0, -0.02, 0.5, 0.31, 8.7, -0.06, 0.03, 0.02
2021-05-09 16:22:39.087926, 1620566559.0879269, 3.72, 0.68, 8.95, -0.04, -0.03, -0.02, 0.41, 0.34, 8.66, -0.05, 0.0, -0.01
2021-05-09 16:22:39.197741, 1620566559.1977417, 3.66, 0.67, 8.97, -0.03, -0.0, -0.02, 0.39, 0.32, 8.67, -0.06, -0.02, -0.02
2021-05-09 16:22:39.307258, 1620566559.3072586, 3.61, 0.71, 9.02, -0.03, 0.0, -0.02, 0.3, 0.32, 8.66, -0.06, -0.02, -0.02
2021-05-09 16:22:39.416817, 1620566559.4168172, 3.48, 0.71, 9.1, -0.03, 0.01, -0.02, 0.26, 0.36, 8.69, -0.05, -0.02, -0.02
2021-05-09 16:22:39.526506, 1620566559.5265064, 3.47, 0.7, 9.07, -0.04, -0.02, -0.0, 0.25, 0.31, 8.66, -0.06, -0.03, -0.0
2021-05-09 16:22:39.635990, 1620566559.63599, 3.45, 0.71, 9.09, -0.04, -0.04, -0.01, 0.19, 0.35, 8.68, -0.06, -0.05, -0.03
2021-05-09 16:22:39.744962, 1620566559.7449625, 3.42, 0.7, 9.08, -0.03, -0.01, -0.01, 0.17, 0.33, 8.64, -0.06, -0.04, 0.0
2021-05-09 16:22:39.855530, 1620566559.8555305, 3.32, 0.68, 9.11, -0.03, 0.03, -0.03, 0.1, 0.31, 8.65, -0.06, -0.02, -0.0
2021-05-09 16:22:39.964715, 1620566559.964715, 3.23, 0.71, 9.12, -0.04, 0.02, -0.06, 0.11, 0.33, 8.62, -0.07, -0.02, -0.03
2021-05-09 16:22:40.074296, 1620566560.0742962, 3.14, 0.72, 9.14, -0.04, 0.02, -0.02, 0.03, 0.34, 8.66, -0.07, -0.0, -0.0
2021-05-09 16:22:40.183418, 1620566560.1834183, 3.0, 0.75, 9.24, -0.04, -0.01, -0.01, -0.09, 0.34, 8.69, -0.08, -0.04, 0.01
2021-05-09 16:22:40.293382, 1620566560.293383, 2.98, 0.74, 9.26, -0.04, -0.04, 0.01, -0.08, 0.31, 8.71, -0.07, -0.06, 0.03
2021-05-09 16:22:40.402865, 1620566560.4028656, 3.11, 0.68, 9.17, -0.04, -0.07, -0.01, -0.05, 0.28, 8.61, -0.07, -0.09, 0.01
2021-05-09 16:22:40.512463, 1620566560.512463, 3.04, 0.72, 9.17, -0.03, -0.05, -0.02, -0.07, 0.31, 8.63, -0.06, -0.05, 0.01
2021-05-09 16:22:40.622189, 1620566560.6221893, 3.1, 0.74, 9.14, -0.05, -0.03, -0.03, -0.05, 0.28, 8.59, -0.07, -0.04, -0.02
2021-05-09 16:22:40.731871, 1620566560.731871, 2.96, 0.75, 9.24, -0.04, -0.05, -0.03, -0.11, 0.3, 8.65, -0.06, -0.04, -0.01
2021-05-09 16:22:40.841241, 1620566560.8412418, 3.0, 0.71, 9.23, -0.04, -0.06, -0.03, -0.14, 0.35, 8.65, -0.06, -0.05, -0.02
2021-05-09 16:22:40.951225, 1620566560.9512255, 3.04, 0.74, 9.21, -0.04, -0.07, -0.02, -0.13, 0.31, 8.65, -0.06, -0.06, -0.01
2021-05-09 16:22:41.060828, 1620566561.0608282, 2.97, 0.74, 9.22, -0.04, -0.05, -0.02, -0.15, 0.33, 8.65, -0.07, -0.05, 0.0
2021-05-09 16:22:41.170329, 1620566561.170329, 3.03, 0.69, 9.21, -0.04, -0.06, -0.01, -0.16, 0.29, 8.65, -0.06, -0.06, 0.0
2021-05-09 16:22:41.279638, 1620566561.2796388, 2.98, 0.72, 9.22, -0.03, -0.04, -0.02, -0.16, 0.33, 8.64, -0.06, -0.05, -0.01
2021-05-09 16:22:41.389566, 1620566561.389567, 2.95, 0.75, 9.27, -0.03, -0.05, -0.01, -0.2, 0.29, 8.68, -0.06, -0.06, -0.0
2021-05-09 16:22:41.498927, 1620566561.4989276, 2.97, 0.75, 9.24, -0.04, -0.05, -0.01, -0.2, 0.32, 8.65, -0.06, -0.07, -0.0
2021-05-09 16:22:41.608422, 1620566561.608423, 2.93, 0.73, 9.26, -0.03, -0.04, 0.0, -0.2, 0.32, 8.64, -0.06, -0.06, 0.02
2021-05-09 16:22:41.718187, 1620566561.7181878, 2.9, 0.75, 9.21, -0.03, -0.04, 0.0, -0.23, 0.3, 8.62, -0.06, -0.05, 0.02
2021-05-09 16:22:41.827808, 1620566561.8278081, 2.84, 0.76, 9.25, -0.03, -0.04, -0.02, -0.24, 0.32, 8.64, -0.06, -0.06, 0.0
2021-05-09 16:22:41.937296, 1620566561.9372966, 2.84, 0.76, 9.28, -0.04, -0.06, -0.03, -0.24, 0.34, 8.66, -0.06, -0.07, -0.01
2021-05-09 16:22:42.046739, 1620566562.0467398, 2.87, 0.79, 9.22, -0.04, -0.07, -0.02, -0.21, 0.36, 8.61, -0.06, -0.08, -0.01
2021-05-09 16:22:42.157021, 1620566562.1570218, 2.89, 0.77, 9.24, -0.04, -0.06, -0.02, -0.23, 0.33, 8.64, -0.07, -0.06, -0.0
2021-05-09 16:22:42.266157, 1620566562.2661576, 2.83, 0.76, 9.25, -0.04, -0.06, -0.01, -0.25, 0.32, 8.65, -0.07, -0.06, 0.01
2021-05-09 16:22:42.375849, 1620566562.375849, 2.87, 0.74, 9.21, -0.04, -0.07, -0.02, -0.21, 0.32, 8.63, -0.07, -0.06, -0.0
2021-05-09 16:22:42.485351, 1620566562.4853513, 2.86, 0.74, 9.28, -0.04, -0.08, -0.02, -0.22, 0.32, 8.66, -0.06, -0.08, -0.01
2021-05-09 16:22:42.594899, 1620566562.594899, 2.85, 0.78, 9.28, -0.03, -0.08, -0.02, -0.23, 0.36, 8.65, -0.06, -0.07, -0.0
2021-05-09 16:22:42.704485, 1620566562.7044852, 2.95, 0.76, 9.19, -0.04, -0.08, -0.01, -0.18, 0.31, 8.62, -0.06, -0.08, -0.0
2021-05-09 16:22:42.813851, 1620566562.8138514, 2.91, 0.78, 9.26, -0.05, -0.09, -0.02, -0.18, 0.3, 8.69, -0.07, -0.09, -0.01
2021-05-09 16:22:42.923647, 1620566562.9236474, 2.97, 0.75, 9.21, -0.05, -0.08, -0.01, -0.16, 0.36, 8.64, -0.07, -0.09, -0.01
2021-05-09 16:22:43.033280, 1620566563.0332804, 2.95, 0.76, 9.22, -0.04, -0.08, -0.01, -0.13, 0.31, 8.68, -0.07, -0.09, -0.01
2021-05-09 16:22:43.142741, 1620566563.1427412, 2.99, 0.74, 9.22, -0.04, -0.09, -0.01, -0.13, 0.32, 8.65, -0.07, -0.09, -0.01
2021-05-09 16:22:43.252421, 1620566563.2524214, 3.03, 0.74, 9.19, -0.04, -0.1, -0.01, -0.09, 0.32, 8.62, -0.06, -0.1, 0.0
2021-05-09 16:22:43.361864, 1620566563.3618639, 3.06, 0.71, 9.18, -0.03, -0.09, -0.01, -0.06, 0.3, 8.63, -0.06, -0.09, 0.0
2021-05-09 16:22:43.471436, 1620566563.4714365, 3.09, 0.75, 9.18, -0.03, -0.08, -0.0, -0.03, 0.31, 8.66, -0.06, -0.08, 0.01
2021-05-09 16:22:43.581142, 1620566563.5811424, 3.11, 0.72, 9.17, -0.04, -0.07, -0.0, -0.02, 0.32, 8.63, -0.07, -0.09, -0.01
2021-05-09 16:22:43.690952, 1620566563.6909525, 3.11, 0.73, 9.19, -0.05, -0.06, -0.02, 0.01, 0.31, 8.66, -0.07, -0.09, -0.02
2021-05-09 16:22:43.800185, 1620566563.8001854, 3.1, 0.72, 9.17, -0.03, -0.07, -0.01, 0.05, 0.32, 8.63, -0.06, -0.1, -0.01
2021-05-09 16:22:43.909122, 1620566563.9101205, 3.1, 0.74, 9.19, -0.03, -0.07, -0.01, 0.06, 0.32, 8.65, -0.06, -0.1, -0.01
2021-05-09 16:22:44.019331, 1620566564.0193317, 3.15, 0.71, 9.13, -0.04, -0.09, -0.0, 0.16, 0.31, 8.62, -0.06, -0.11, -0.0
2021-05-09 16:22:44.128961, 1620566564.128961, 3.19, 0.74, 9.15, -0.03, -0.09, -0.0, 0.18, 0.34, 8.63, -0.06, -0.11, 0.01
2021-05-09 16:22:44.238505, 1620566564.2385054, 3.2, 0.71, 9.14, -0.04, -0.09, -0.0, 0.24, 0.33, 8.67, -0.07, -0.11, 0.01
2021-05-09 16:22:44.348193, 1620566564.348193, 3.26, 0.7, 9.12, -0.05, -0.09, -0.01, 0.26, 0.29, 8.65, -0.07, -0.09, -0.01
2021-05-09 16:22:44.457735, 1620566564.4577355, 3.26, 0.69, 9.13, -0.04, -0.09, -0.02, 0.28, 0.32, 8.66, -0.06, -0.09, -0.0
2021-05-09 16:22:44.567234, 1620566564.5672343, 3.21, 0.71, 9.15, -0.04, -0.09, -0.02, 0.28, 0.32, 8.7, -0.06, -0.08, -0.01
2021-05-09 16:22:44.676972, 1620566564.6769726, 3.31, 0.69, 9.09, -0.03, -0.1, -0.01, 0.35, 0.33, 8.67, -0.05, -0.09, -0.0
2021-05-09 16:22:44.786409, 1620566564.7864096, 3.36, 0.71, 9.08, -0.03, -0.1, -0.02, 0.38, 0.34, 8.65, -0.05, -0.1, 0.0
2021-05-09 16:22:44.896015, 1620566564.8960154, 3.4, 0.71, 9.09, -0.03, -0.1, -0.02, 0.44, 0.34, 8.67, -0.06, -0.1, 0.01
2021-05-09 16:22:45.005550, 1620566565.0055504, 3.48, 0.74, 9.06, -0.03, -0.1, -0.01, 0.4, 0.33, 8.62, -0.07, -0.1, 0.01
2021-05-09 16:22:45.114962, 1620566565.1149626, 3.49, 0.74, 9.06, -0.03, -0.1, -0.0, 0.46, 0.33, 8.66, -0.07, -0.07, 0.02
2021-05-09 16:22:45.224081, 1620566565.2240815, 3.49, 0.69, 9.06, -0.06, -0.13, -0.01, 0.51, 0.28, 8.69, -0.07, -0.09, 0.0
2021-05-09 16:22:45.334308, 1620566565.3343086, 3.65, 0.69, 9.02, -0.06, -0.2, -0.03, 0.56, 0.31, 8.67, -0.06, -0.15, -0.03
2021-05-09 16:22:45.443886, 1620566565.4438863, 3.79, 0.74, 8.95, -0.05, -0.13, -0.03, 0.52, 0.32, 8.66, -0.07, -0.11, -0.02
2021-05-09 16:22:45.553466, 1620566565.553466, 3.79, 0.7, 8.94, -0.05, -0.09, -0.02, 0.62, 0.31, 8.63, -0.08, -0.09, -0.02
2021-05-09 16:22:45.662813, 1620566565.6628132, 3.81, 0.62, 8.93, -0.06, -0.1, -0.01, 0.72, 0.29, 8.64, -0.08, -0.1, -0.02
2021-05-09 16:22:45.772841, 1620566565.7728412, 3.81, 0.63, 8.94, -0.07, -0.08, -0.02, 0.7, 0.24, 8.66, -0.07, -0.11, -0.04
2021-05-09 16:22:45.882593, 1620566565.8825936, 3.89, 0.58, 8.95, -0.08, -0.11, -0.03, 0.76, 0.28, 8.68, -0.06, -0.13, -0.07
2021-05-09 16:22:45.992180, 1620566565.99218, 3.93, 0.61, 8.93, -0.04, -0.12, -0.03, 0.83, 0.35, 8.67, -0.04, -0.14, -0.06
2021-05-09 16:22:46.101561, 1620566566.101561, 3.94, 0.7, 8.88, 0.0, -0.11, -0.0, 0.94, 0.4, 8.65, -0.03, -0.14, -0.03
2021-05-09 16:22:46.210937, 1620566566.2109373, 4.03, 0.68, 8.85, 0.01, -0.1, 0.03, 0.97, 0.35, 8.64, -0.05, -0.12, 0.0
2021-05-09 16:22:46.320005, 1620566566.3200054, 4.06, 0.67, 8.86, -0.03, -0.08, 0.03, 1.02, 0.34, 8.64, -0.06, -0.1, 0.02
2021-05-09 16:22:46.430111, 1620566566.430111, 4.05, 0.62, 8.89, -0.04, -0.09, 0.01, 1.05, 0.34, 8.65, -0.07, -0.1, 0.0
2021-05-09 16:22:46.540012, 1620566566.5400128, 4.08, 0.57, 8.84, -0.05, -0.11, -0.01, 1.1, 0.36, 8.63, -0.06, -0.11, -0.02
2021-05-09 16:22:46.649433, 1620566566.6494331, 4.19, 0.63, 8.78, -0.05, -0.09, -0.03, 1.15, 0.39, 8.62, -0.06, -0.09, -0.02
2021-05-09 16:22:46.759196, 1620566566.7591968, 4.17, 0.66, 8.8, -0.04, -0.09, -0.02, 1.18, 0.4, 8.62, -0.06, -0.08, -0.01
2021-05-09 16:22:46.867907, 1620566566.8679075, 4.2, 0.64, 8.8, -0.04, -0.08, -0.01, 1.19, 0.4, 8.64, -0.06, -0.08, 0.0
2021-05-09 16:22:46.978005, 1620566566.9780054, 4.21, 0.64, 8.79, -0.04, -0.08, -0.01, 1.2, 0.4, 8.65, -0.06, -0.08, 0.01
2021-05-09 16:22:47.087047, 1620566567.0870473, 4.24, 0.64, 8.78, -0.05, -0.09, -0.01, 1.23, 0.37, 8.63, -0.07, -0.08, 0.01
2021-05-09 16:22:47.197212, 1620566567.1972122, 4.27, 0.59, 8.74, -0.05, -0.09, -0.02, 1.27, 0.38, 8.6, -0.07, -0.08, -0.01
2021-05-09 16:22:47.306848, 1620566567.3068485, 4.26, 0.61, 8.77, -0.05, -0.08, -0.02, 1.26, 0.38, 8.63, -0.06, -0.07, -0.01
2021-05-09 16:22:47.416523, 1620566567.4165235, 4.31, 0.62, 8.74, -0.05, -0.07, -0.02, 1.25, 0.4, 8.63, -0.07, -0.07, -0.0
2021-05-09 16:22:47.525876, 1620566567.5258763, 4.31, 0.58, 8.74, -0.06, -0.08, -0.01, 1.28, 0.39, 8.61, -0.07, -0.07, 0.0
2021-05-09 16:22:47.635090, 1620566567.6350899, 4.3, 0.55, 8.73, -0.05, -0.09, -0.02, 1.28, 0.38, 8.61, -0.07, -0.07, 0.0
2021-05-09 16:22:47.744701, 1620566567.7447019, 4.4, 0.52, 8.71, -0.04, -0.09, -0.02, 1.29, 0.36, 8.62, -0.07, -0.07, -0.0
2021-05-09 16:22:47.854122, 1620566567.8541224, 4.39, 0.55, 8.68, -0.03, -0.07, -0.03, 1.3, 0.35, 8.61, -0.07, -0.05, 0.0
2021-05-09 16:22:47.964227, 1620566567.9642277, 4.4, 0.56, 8.69, -0.03, -0.08, -0.02, 1.28, 0.34, 8.62, -0.06, -0.06, 0.01
2021-05-09 16:22:48.074158, 1620566568.0741582, 4.38, 0.57, 8.72, -0.03, -0.08, -0.02, 1.26, 0.35, 8.65, -0.06, -0.07, -0.0
2021-05-09 16:22:48.183565, 1620566568.1835654, 4.42, 0.56, 8.69, -0.03, -0.08, -0.02, 1.28, 0.33, 8.63, -0.06, -0.08, -0.01
2021-05-09 16:22:48.293267, 1620566568.2932675, 4.44, 0.58, 8.66, -0.03, -0.07, -0.02, 1.3, 0.35, 8.58, -0.06, -0.08, -0.01
2021-05-09 16:22:48.403038, 1620566568.4030383, 4.49, 0.59, 8.68, -0.04, -0.06, -0.01, 1.31, 0.37, 8.61, -0.06, -0.07, -0.0
2021-05-09 16:22:48.511629, 1620566568.511629, 4.41, 0.59, 8.71, -0.04, -0.01, 0.01, 1.24, 0.35, 8.62, -0.07, -0.04, 0.01
2021-05-09 16:22:48.621703, 1620566568.6217036, 4.35, 0.59, 8.72, -0.02, 0.03, 0.01, 1.22, 0.34, 8.64, -0.07, -0.01, 0.02
2021-05-09 16:22:48.731283, 1620566568.7312837, 4.28, 0.51, 8.74, -0.04, 0.06, 0.0, 1.1, 0.24, 8.61, -0.08, 0.02, 0.03
2021-05-09 16:22:48.840828, 1620566568.8408284, 4.07, 0.53, 8.89, -0.03, 0.08, -0.01, 1.0, 0.34, 8.68, -0.08, 0.04, 0.03
2021-05-09 16:22:48.950051, 1620566568.9500518, 3.95, 0.58, 8.87, -0.01, 0.08, -0.01, 0.96, 0.31, 8.63, -0.06, 0.04, 0.03
2021-05-09 16:22:49.059768, 1620566569.059768, 3.79, 0.64, 8.94, 0.01, 0.06, -0.01, 0.82, 0.31, 8.65, -0.04, 0.05, 0.03
2021-05-09 16:22:49.169469, 1620566569.1694696, 3.72, 0.63, 8.95, 0.01, 0.05, -0.0, 0.75, 0.29, 8.65, -0.04, 0.03, 0.04
2021-05-09 16:22:49.278206, 1620566569.278206, 3.57, 0.7, 9.01, -0.0, 0.04, -0.01, 0.62, 0.34, 8.68, -0.04, 0.02, 0.03
2021-05-09 16:22:49.388729, 1620566569.3887296, 3.47, 0.76, 9.07, -0.01, 0.02, -0.02, 0.54, 0.37, 8.68, -0.04, 0.01, 0.01
2021-05-09 16:22:49.497698, 1620566569.4976985, 3.44, 0.79, 9.1, -0.01, 0.01, -0.01, 0.48, 0.4, 8.65, -0.05, 0.0, 0.02
2021-05-09 16:22:49.607236, 1620566569.6072366, 3.37, 0.81, 9.1, -0.02, -0.01, -0.0, 0.42, 0.42, 8.7, -0.06, -0.01, 0.02
2021-05-09 16:22:49.717345, 1620566569.717345, 3.32, 0.76, 9.08, -0.0, -0.02, -0.02, 0.34, 0.44, 8.63, -0.05, -0.01, 0.01
2021-05-09 16:22:49.827233, 1620566569.8272338, 3.28, 0.81, 9.12, -0.02, -0.03, -0.05, 0.25, 0.43, 8.64, -0.05, -0.0, -0.01
2021-05-09 16:22:49.935921, 1620566569.9359212, 3.28, 0.84, 9.14, 0.03, -0.03, -0.01, 0.22, 0.57, 8.68, -0.04, 0.0, 0.03
2021-05-09 16:22:50.045430, 1620566570.0454302, 3.19, 0.93, 9.16, 0.03, -0.01, -0.02, 0.11, 0.37, 8.69, -0.03, 0.01, 0.04
2021-05-09 16:22:50.155648, 1620566570.155649, 3.15, 0.98, 9.19, -0.04, -0.02, -0.03, 0.08, 0.42, 8.66, -0.04, -0.0, -0.01
2021-05-09 16:22:50.265230, 1620566570.2652302, 3.16, 1.02, 9.09, -0.1, -0.03, -0.01, 0.0, 0.57, 8.56, -0.07, -0.03, -0.08
2021-05-09 16:22:50.374487, 1620566570.3744876, 3.05, 1.03, 9.2, -0.06, -0.01, -0.01, -0.06, 0.59, 8.64, -0.06, -0.01, -0.02
2021-05-09 16:22:50.484387, 1620566570.4843876, 2.99, 0.9, 9.18, -0.06, -0.02, 0.01, -0.1, 0.54, 8.65, -0.08, -0.04, 0.01
2021-05-09 16:22:50.594167, 1620566570.5941672, 2.95, 0.76, 9.23, -0.05, -0.05, 0.03, -0.11, 0.48, 8.61, -0.07, -0.04, 0.01
2021-05-09 16:22:50.703872, 1620566570.703873, 3.05, 0.87, 9.2, -0.02, -0.06, -0.03, -0.12, 0.47, 8.63, -0.04, -0.05, -0.0
2021-05-09 16:22:50.813271, 1620566570.813271, 2.97, 0.91, 9.24, -0.01, -0.05, -0.03, -0.15, 0.51, 8.66, -0.05, -0.04, -0.0
2021-05-09 16:22:50.922574, 1620566570.922574, 3.0, 0.96, 9.2, -0.02, -0.05, -0.02, -0.18, 0.55, 8.65, -0.05, -0.06, 0.0
2021-05-09 16:22:51.032614, 1620566571.0326147, 2.97, 0.96, 9.22, -0.03, -0.05, -0.04, -0.17, 0.55, 8.63, -0.06, -0.06, -0.02
2021-05-09 16:22:51.142097, 1620566571.142097, 2.9, 0.93, 9.26, -0.05, -0.03, -0.03, -0.24, 0.52, 8.68, -0.07, -0.04, -0.02
2021-05-09 16:22:51.250890, 1620566571.2508905, 2.89, 0.92, 9.27, -0.04, -0.05, -0.02, -0.22, 0.54, 8.66, -0.06, -0.05, -0.01
2021-05-09 16:22:51.361117, 1620566571.3611176, 2.86, 0.95, 9.23, -0.04, -0.06, -0.01, -0.24, 0.58, 8.63, -0.06, -0.06, 0.0
2021-05-09 16:22:51.470604, 1620566571.470604, 2.9, 0.92, 9.25, -0.02, -0.07, 0.0, -0.23, 0.54, 8.65, -0.06, -0.07, 0.02
2021-05-09 16:22:51.580275, 1620566571.580275, 2.96, 0.92, 9.21, -0.03, -0.07, -0.01, -0.21, 0.51, 8.61, -0.06, -0.06, 0.01
2021-05-09 16:22:51.690139, 1620566571.6901388, 2.91, 0.99, 9.22, -0.04, -0.05, -0.02, -0.27, 0.55, 8.61, -0.06, -0.05, -0.01
2021-05-09 16:22:51.799614, 1620566571.7996147, 2.86, 0.97, 9.26, -0.05, -0.05, -0.03, -0.28, 0.54, 8.65, -0.08, -0.04, -0.03
2021-05-09 16:22:51.909201, 1620566571.9092014, 2.84, 0.94, 9.25, -0.04, -0.06, -0.03, -0.31, 0.56, 8.65, -0.07, -0.05, -0.01
2021-05-09 16:22:52.018812, 1620566572.018813, 2.89, 0.93, 9.23, -0.05, -0.07, -0.03, -0.27, 0.56, 8.64, -0.06, -0.06, -0.01
2021-05-09 16:22:52.128368, 1620566572.1283681, 2.89, 1.0, 9.21, -0.03, -0.05, -0.01, -0.32, 0.55, 8.61, -0.07, -0.04, 0.0
2021-05-09 16:22:52.237913, 1620566572.2379136, 2.85, 0.92, 9.28, -0.06, -0.07, -0.01, -0.34, 0.46, 8.63, -0.08, -0.06, -0.01
2021-05-09 16:22:52.347427, 1620566572.3474276, 2.9, 0.95, 9.24, -0.03, -0.07, -0.01, -0.34, 0.56, 8.59, -0.06, -0.07, 0.01
2021-05-09 16:22:52.457247, 1620566572.4572477, 2.91, 0.91, 9.21, -0.05, -0.08, -0.0, -0.32, 0.49, 8.6, -0.07, -0.07, 0.0
2021-05-09 16:22:52.566585, 1620566572.5665855, 2.89, 0.9, 9.25, -0.05, -0.07, -0.01, -0.34, 0.48, 8.65, -0.07, -0.07, -0.0
2021-05-09 16:22:52.676405, 1620566572.6764052, 2.92, 0.88, 9.19, -0.04, -0.05, -0.02, -0.31, 0.5, 8.61, -0.06, -0.05, -0.01
2021-05-09 16:22:52.785730, 1620566572.7857308, 2.94, 0.91, 9.23, -0.03, -0.05, -0.02, -0.34, 0.5, 8.63, -0.06, -0.06, -0.01
2021-05-09 16:22:52.895308, 1620566572.8953085, 2.87, 0.92, 9.26, -0.03, -0.07, -0.01, -0.34, 0.51, 8.66, -0.06, -0.08, 0.0
2021-05-09 16:22:53.005200, 1620566573.0052009, 2.91, 0.9, 9.21, -0.04, -0.07, -0.02, -0.32, 0.47, 8.63, -0.06, -0.09, -0.01
2021-05-09 16:22:53.114783, 1620566573.1147833, 2.93, 0.92, 9.21, -0.05, -0.08, -0.02, -0.29, 0.52, 8.62, -0.07, -0.08, -0.01
2021-05-09 16:22:53.224371, 1620566573.2243714, 2.96, 0.92, 9.21, -0.05, -0.07, -0.01, -0.27, 0.51, 8.63, -0.07, -0.08, -0.01
2021-05-09 16:22:53.334025, 1620566573.3340256, 2.93, 0.87, 9.22, -0.05, -0.08, -0.02, -0.3, 0.49, 8.65, -0.07, -0.08, -0.01
2021-05-09 16:22:53.443570, 1620566573.4435704, 3.01, 0.89, 9.18, -0.04, -0.07, -0.02, -0.22, 0.51, 8.59, -0.06, -0.07, -0.0
2021-05-09 16:22:53.552975, 1620566573.5529754, 2.98, 0.91, 9.2, -0.04, -0.06, -0.02, -0.24, 0.53, 8.62, -0.07, -0.06, -0.01
2021-05-09 16:22:53.662587, 1620566573.662588, 2.96, 0.9, 9.22, -0.04, -0.06, -0.02, -0.28, 0.51, 8.64, -0.07, -0.06, -0.0
2021-05-09 16:22:53.772263, 1620566573.7722638, 2.94, 0.87, 9.23, -0.04, -0.07, -0.01, -0.29, 0.47, 8.63, -0.06, -0.07, 0.0
2021-05-09 16:22:53.882002, 1620566573.8820026, 2.94, 0.89, 9.22, -0.03, -0.06, -0.01, -0.28, 0.47, 8.64, -0.06, -0.07, -0.0
2021-05-09 16:22:53.991191, 1620566573.9911911, 2.96, 0.86, 9.22, -0.04, -0.07, -0.02, -0.3, 0.49, 8.6, -0.06, -0.08, -0.01
2021-05-09 16:22:54.101181, 1620566574.1011815, 2.87, 0.76, 9.23, -0.04, -0.08, -0.03, -0.32, 0.27, 8.64, -0.06, -0.09, -0.0
2021-05-09 16:22:54.210776, 1620566574.2107768, 2.86, 0.76, 9.18, -0.06, -0.04, -0.06, -0.39, 0.35, 8.58, -0.06, -0.05, -0.06
2021-05-09 16:22:54.320158, 1620566574.3201585, 2.78, 0.81, 9.26, -0.06, -0.04, -0.05, -0.45, 0.44, 8.61, -0.07, -0.04, -0.06
2021-05-09 16:22:54.429949, 1620566574.429949, 2.76, 0.72, 9.2, -0.05, -0.02, -0.04, -0.45, 0.28, 8.51, -0.08, -0.02, -0.03
2021-05-09 16:22:54.539214, 1620566574.5392141, 2.72, 0.77, 9.31, -0.06, 0.01, -0.06, -0.49, 0.31, 8.64, -0.08, 0.01, -0.05
2021-05-09 16:22:54.649017, 1620566574.6490176, 2.84, 0.82, 9.34, -0.07, -0.01, -0.08, -0.41, 0.45, 8.73, -0.08, -0.0, -0.08
2021-05-09 16:22:54.758190, 1620566574.7581909, 3.0, 0.96, 9.35, -0.06, -0.07, -0.08, -0.26, 0.66, 8.76, -0.04, -0.09, -0.08
2021-05-09 16:22:54.867934, 1620566574.8679342, 2.96, 1.07, 9.45, -0.01, -0.06, -0.04, -0.35, 0.64, 8.87, -0.04, -0.06, 0.0
2021-05-09 16:22:54.977756, 1620566574.9777565, 2.88, 1.03, 9.24, -0.03, -0.07, -0.04, -0.42, 0.61, 8.57, -0.04, -0.08, -0.01
2021-05-09 16:22:55.087341, 1620566575.0873413, 2.7, 1.0, 9.15, -0.04, -0.06, -0.03, -0.49, 0.64, 8.47, -0.06, -0.06, -0.01
2021-05-09 16:22:55.196650, 1620566575.1966505, 2.67, 1.0, 9.21, -0.01, -0.06, 0.01, -0.58, 0.58, 8.53, -0.05, -0.05, 0.04
2021-05-09 16:22:55.306224, 1620566575.306224, 2.47, 1.02, 9.15, -0.0, -0.04, 0.02, -0.73, 0.59, 8.4, -0.04, -0.03, 0.04
2021-05-09 16:22:55.416057, 1620566575.416057, 2.52, 1.13, 9.22, -0.0, -0.02, 0.01, -0.81, 0.57, 8.48, -0.04, -0.01, -0.01
2021-05-09 16:22:55.525778, 1620566575.5257783, 2.43, 1.14, 9.52, -0.03, -0.01, -0.01, -0.84, 0.65, 8.79, -0.07, -0.01, 0.0
2021-05-09 16:22:55.634970, 1620566575.6349707, 2.53, 1.07, 9.28, -0.05, -0.04, 0.01, -0.73, 0.63, 8.53, -0.08, -0.05, 0.04
2021-05-09 16:22:55.744003, 1620566575.7440035, 2.51, 0.97, 9.34, -0.03, 0.01, 0.04, -0.74, 0.49, 8.59, -0.08, -0.01, 0.08
2021-05-09 16:22:55.854173, 1620566575.8541737, 2.49, 0.91, 9.26, -0.02, -0.02, 0.09, -0.68, 0.44, 8.52, -0.08, -0.03, 0.1
2021-05-09 16:22:55.963723, 1620566575.963723, 2.51, 0.81, 9.26, -0.05, -0.05, 0.06, -0.59, 0.38, 8.52, -0.09, -0.09, 0.06
2021-05-09 16:22:56.072836, 1620566576.0728362, 2.69, 0.86, 9.29, -0.05, -0.09, 0.08, -0.45, 0.43, 8.62, -0.1, -0.14, 0.1
2021-05-09 16:22:56.183196, 1620566576.1831963, 2.7, 0.78, 9.28, -0.07, -0.1, 0.05, -0.39, 0.36, 8.63, -0.1, -0.14, 0.06
2021-05-09 16:22:56.292650, 1620566576.29265, 2.82, 0.59, 9.45, -0.08, -0.11, 0.03, -0.3, 0.18, 8.81, -0.11, -0.13, 0.03
2021-05-09 16:22:56.402412, 1620566576.4024127, 2.81, 0.57, 9.51, -0.08, -0.12, -0.02, -0.26, 0.19, 8.94, -0.09, -0.14, -0.02
2021-05-09 16:22:56.512126, 1620566576.5121264, 3.03, 0.59, 9.28, -0.07, -0.15, -0.07, -0.02, 0.19, 8.74, -0.07, -0.17, -0.09
2021-05-09 16:22:56.621467, 1620566576.6214674, 3.0, 0.65, 9.14, -0.1, -0.16, -0.03, 0.0, 0.34, 8.58, -0.11, -0.18, -0.04
2021-05-09 16:22:56.730948, 1620566576.7309487, 3.16, 0.56, 9.18, -0.07, -0.17, 0.05, 0.04, 0.33, 8.65, -0.1, -0.19, 0.05
2021-05-09 16:22:56.840796, 1620566576.840797, 3.19, 0.38, 9.17, -0.04, -0.13, -0.03, 0.13, 0.08, 8.67, -0.06, -0.13, -0.03
2021-05-09 16:22:56.950394, 1620566576.9503946, 3.22, 0.58, 9.06, -0.04, -0.1, -0.08, 0.22, 0.23, 8.6, -0.04, -0.13, -0.11
2021-05-09 16:22:57.059958, 1620566577.0599587, 3.33, 0.64, 9.11, -0.03, -0.08, -0.01, 0.31, 0.34, 8.66, -0.06, -0.1, -0.01
2021-05-09 16:22:57.168762, 1620566577.1687627, 3.22, 0.65, 9.12, -0.04, -0.07, 0.01, 0.24, 0.31, 8.63, -0.07, -0.08, 0.01
2021-05-09 16:22:57.279128, 1620566577.279128, 3.25, 0.52, 9.12, -0.05, -0.07, -0.02, 0.25, 0.23, 8.67, -0.07, -0.07, -0.01
2021-05-09 16:22:57.388605, 1620566577.3886056, 3.2, 0.64, 9.13, -0.04, -0.05, -0.02, 0.21, 0.29, 8.66, -0.07, -0.04, -0.01
2021-05-09 16:22:57.497484, 1620566577.497484, 3.17, 0.53, 9.22, -0.03, -0.05, 0.01, 0.2, 0.25, 8.72, -0.07, -0.05, 0.03
2021-05-09 16:22:57.607800, 1620566577.6078002, 3.17, 0.57, 9.13, -0.03, -0.06, -0.01, 0.21, 0.2, 8.61, -0.07, -0.05, 0.02
2021-05-09 16:22:57.717176, 1620566577.7171767, 3.17, 0.51, 9.15, -0.03, -0.06, 0.0, 0.15, 0.19, 8.63, -0.06, -0.07, 0.04
2021-05-09 16:22:57.826745, 1620566577.8267453, 3.11, 0.56, 9.21, -0.03, -0.05, -0.01, 0.09, 0.19, 8.68, -0.06, -0.07, 0.03
2021-05-09 16:22:57.936376, 1620566577.9363763, 3.15, 0.52, 9.17, -0.06, -0.06, -0.04, 0.17, 0.12, 8.66, -0.07, -0.07, -0.03
2021-05-09 16:22:58.046132, 1620566578.046133, 3.06, 0.58, 9.19, -0.05, -0.05, -0.03, 0.15, 0.29, 8.66, -0.07, -0.06, -0.02
2021-05-09 16:22:58.155474, 1620566578.155475, 3.07, 0.54, 9.24, -0.04, -0.04, -0.02, 0.12, 0.19, 8.7, -0.07, -0.05, -0.01
2021-05-09 16:22:58.265046, 1620566578.2650468, 3.15, 0.57, 9.17, -0.03, -0.07, -0.05, 0.18, 0.2, 8.65, -0.05, -0.06, -0.03
2021-05-09 16:22:58.374915, 1620566578.3749154, 3.12, 0.62, 9.16, -0.01, -0.06, -0.04, 0.14, 0.25, 8.64, -0.05, -0.06, -0.0
2021-05-09 16:22:58.484482, 1620566578.4844825, 3.14, 0.6, 9.19, -0.02, -0.08, -0.02, 0.15, 0.2, 8.66, -0.05, -0.06, 0.01
2021-05-09 16:22:58.593954, 1620566578.593954, 2.98, 0.68, 9.29, -0.04, -0.04, -0.03, 0.05, 0.26, 8.73, -0.07, -0.04, -0.01
2021-05-09 16:22:58.703415, 1620566578.7034156, 3.07, 0.59, 9.2, -0.04, -0.09, -0.03, 0.06, 0.2, 8.69, -0.06, -0.09, -0.01
2021-05-09 16:22:58.813123, 1620566578.813123, 3.18, 0.65, 9.11, -0.04, -0.07, -0.03, 0.18, 0.26, 8.61, -0.06, -0.07, -0.01
2021-05-09 16:22:58.927975, 1620566578.9279752, 3.13, 0.61, 9.23, -0.04, -0.06, -0.03, 0.12, 0.17, 8.71, -0.07, -0.06, -0.02
2021-05-09 16:22:59.031525, 1620566579.0315251, 3.12, 0.62, 9.19, -0.05, -0.07, -0.04, 0.11, 0.22, 8.69, -0.07, -0.07, -0.04
2021-05-09 16:22:59.141231, 1620566579.1412315, 3.21, 0.59, 9.12, -0.04, -0.07, -0.01, 0.21, 0.27, 8.62, -0.07, -0.07, -0.0
2021-05-09 16:22:59.251501, 1620566579.2515018, 3.19, 0.6, 9.16, -0.02, -0.07, -0.02, 0.14, 0.22, 8.67, -0.04, -0.07, -0.0
