human_time, computer_time, x_acc_1, y_acc_1, z_acc_1, x_gyro_1, y_gyro_1, z_gyro_1, x_acc_2, y_acc_2, z_acc_2, x_gyro_2, y_gyro_2, z_gyro_2
2021-05-09 16:27:29.956579, 1620566849.9565794, 2.5, 0.87, 9.0, -0.01, -0.06, -0.01, -0.21, 0.61, 8.36, -0.03, -0.06, 0.02
2021-05-09 16:27:30.066131, 1620566850.0661318, 2.79, 0.83, 9.25, -0.03, -0.11, 0.02, -0.12, 0.57, 8.58, -0.05, -0.1, 0.04
2021-05-09 16:27:30.175662, 1620566850.175662, 2.82, 0.85, 9.23, -0.04, -0.08, -0.01, -0.11, 0.62, 8.59, -0.06, -0.08, -0.0
2021-05-09 16:27:30.285130, 1620566850.2851305, 2.75, 0.91, 9.29, -0.03, -0.06, 0.0, -0.19, 0.72, 8.63, -0.06, -0.05, 0.01
2021-05-09 16:27:30.394758, 1620566850.394759, 2.75, 0.88, 9.32, -0.03, -0.06, 0.02, -0.2, 0.67, 8.64, -0.07, -0.06, 0.03
2021-05-09 16:27:30.504191, 1620566850.504192, 2.78, 0.87, 9.27, -0.02, -0.07, 0.03, -0.17, 0.65, 8.61, -0.07, -0.06, 0.04
2021-05-09 16:27:30.613823, 1620566850.6138234, 2.78, 0.84, 9.28, -0.02, -0.04, 0.01, -0.19, 0.63, 8.64, -0.07, -0.05, 0.02
2021-05-09 16:27:30.723539, 1620566850.7235398, 2.74, 0.89, 9.31, -0.03, -0.06, -0.0, -0.19, 0.64, 8.65, -0.07, -0.07, 0.01
2021-05-09 16:27:30.833182, 1620566850.8331826, 2.79, 0.88, 9.27, -0.04, -0.07, 0.0, -0.15, 0.65, 8.6, -0.07, -0.08, 0.01
2021-05-09 16:27:30.942724, 1620566850.942724, 2.75, 0.88, 9.29, -0.04, -0.05, 0.0, -0.17, 0.67, 8.65, -0.07, -0.06, 0.01
2021-05-09 16:27:31.052296, 1620566851.052296, 2.75, 0.88, 9.25, -0.04, -0.05, -0.0, -0.2, 0.63, 8.62, -0.08, -0.06, 0.0
2021-05-09 16:27:31.161572, 1620566851.1615727, 2.67, 0.86, 9.33, -0.05, -0.04, 0.0, -0.21, 0.62, 8.64, -0.08, -0.06, 0.01
2021-05-09 16:27:31.271365, 1620566851.2713654, 2.69, 0.85, 9.31, -0.04, -0.06, -0.01, -0.18, 0.6, 8.63, -0.07, -0.07, -0.0
2021-05-09 16:27:31.381208, 1620566851.3812082, 2.72, 0.83, 9.27, -0.04, -0.05, -0.01, -0.21, 0.62, 8.6, -0.07, -0.06, -0.0
2021-05-09 16:27:31.490624, 1620566851.4906242, 2.7, 0.82, 9.3, -0.03, -0.05, -0.01, -0.21, 0.59, 8.62, -0.06, -0.06, 0.0
2021-05-09 16:27:31.600208, 1620566851.600208, 2.64, 0.84, 9.33, -0.03, -0.04, -0.01, -0.24, 0.61, 8.65, -0.06, -0.04, 0.0
2021-05-09 16:27:31.709810, 1620566851.709811, 2.61, 0.85, 9.31, -0.03, -0.06, -0.01, -0.26, 0.61, 8.62, -0.05, -0.06, -0.0
2021-05-09 16:27:31.819346, 1620566851.8193467, 2.63, 0.86, 9.33, -0.03, -0.07, -0.0, -0.26, 0.61, 8.66, -0.06, -0.07, 0.01
2021-05-09 16:27:31.928919, 1620566851.9289196, 2.66, 0.9, 9.32, -0.03, -0.08, -0.0, -0.25, 0.64, 8.63, -0.06, -0.07, 0.01
2021-05-09 16:27:32.038741, 1620566852.0387414, 2.72, 0.86, 9.26, -0.03, -0.07, 0.01, -0.19, 0.63, 8.59, -0.07, -0.07, 0.02
2021-05-09 16:27:32.148233, 1620566852.1482334, 2.68, 0.86, 9.31, -0.03, -0.06, 0.01, -0.23, 0.58, 8.64, -0.07, -0.06, 0.02
2021-05-09 16:27:32.257701, 1620566852.2577014, 2.68, 0.86, 9.27, -0.03, -0.06, -0.01, -0.24, 0.64, 8.62, -0.06, -0.05, 0.01
2021-05-09 16:27:32.367418, 1620566852.3674188, 2.67, 0.88, 9.32, -0.03, -0.05, -0.02, -0.25, 0.6, 8.65, -0.06, -0.06, 0.0
2021-05-09 16:27:32.476314, 1620566852.4773133, 2.63, 0.9, 9.31, -0.03, -0.04, -0.01, -0.28, 0.65, 8.62, -0.06, -0.06, 0.0
2021-05-09 16:27:32.586719, 1620566852.5867195, 2.59, 0.9, 9.33, -0.03, -0.06, -0.01, -0.3, 0.63, 8.63, -0.06, -0.07, 0.01
2021-05-09 16:27:32.696312, 1620566852.6963124, 2.65, 0.92, 9.33, -0.02, -0.07, 0.01, -0.32, 0.63, 8.63, -0.07, -0.04, 0.04
2021-05-09 16:27:32.805131, 1620566852.8051317, 2.62, 0.93, 9.29, -0.05, -0.14, -0.02, -0.35, 0.58, 8.62, -0.09, -0.07, 0.03
2021-05-09 16:27:32.915488, 1620566852.915489, 2.72, 0.92, 9.27, -0.04, -0.12, 0.0, -0.32, 0.62, 8.63, -0.08, -0.08, 0.03
2021-05-09 16:27:33.024972, 1620566853.024973, 2.8, 0.84, 9.26, -0.03, -0.09, 0.01, -0.27, 0.56, 8.6, -0.07, -0.11, 0.02
2021-05-09 16:27:33.134717, 1620566853.1347177, 2.84, 0.88, 9.26, -0.03, -0.03, -0.01, -0.26, 0.56, 8.64, -0.06, -0.08, -0.0
2021-05-09 16:27:33.243882, 1620566853.2438822, 2.75, 0.98, 9.3, -0.01, -0.08, 0.01, -0.23, 0.71, 8.59, -0.07, -0.05, 0.0
2021-05-09 16:27:33.353740, 1620566853.3537402, 2.87, 0.88, 9.22, -0.02, -0.07, 0.03, -0.24, 0.47, 8.58, -0.09, -0.07, 0.04
2021-05-09 16:27:33.463094, 1620566853.4630945, 2.75, 0.78, 9.29, -0.06, -0.03, -0.01, -0.25, 0.45, 8.64, -0.09, -0.07, 0.0
2021-05-09 16:27:33.572736, 1620566853.572736, 2.73, 0.84, 9.32, -0.05, -0.06, -0.01, -0.28, 0.5, 8.67, -0.07, -0.09, -0.01
2021-05-09 16:27:33.682124, 1620566853.6821241, 2.75, 0.85, 9.28, -0.06, -0.07, -0.03, -0.22, 0.5, 8.64, -0.07, -0.1, -0.03
2021-05-09 16:27:33.791907, 1620566853.7919078, 2.8, 0.84, 9.24, -0.05, -0.08, -0.04, -0.16, 0.53, 8.62, -0.06, -0.1, -0.03
2021-05-09 16:27:33.899609, 1620566853.899609, 2.79, 0.86, 9.29, -0.04, -0.07, -0.02, -0.18, 0.56, 8.64, -0.06, -0.09, -0.01
2021-05-09 16:27:34.009181, 1620566854.0091817, 2.78, 0.88, 9.23, -0.04, -0.05, -0.0, -0.14, 0.56, 8.6, -0.06, -0.07, 0.01
2021-05-09 16:27:34.118906, 1620566854.1189067, 2.86, 0.9, 9.22, -0.01, -0.09, 0.03, -0.07, 0.63, 8.61, -0.07, -0.07, 0.06
2021-05-09 16:27:34.230111, 1620566854.2301116, 2.79, 0.76, 9.3, -0.03, -0.06, 0.01, -0.15, 0.43, 8.65, -0.08, -0.07, 0.03
2021-05-09 16:27:34.338312, 1620566854.3383124, 2.8, 0.84, 9.28, -0.03, -0.07, -0.01, -0.13, 0.48, 8.66, -0.05, -0.08, 0.01
2021-05-09 16:27:34.448527, 1620566854.4485276, 2.82, 0.88, 9.26, -0.03, -0.08, -0.03, -0.1, 0.52, 8.65, -0.05, -0.07, -0.02
2021-05-09 16:27:34.558972, 1620566854.5589726, 2.91, 0.89, 9.23, -0.05, -0.09, -0.06, -0.08, 0.55, 8.64, -0.06, -0.09, -0.05
2021-05-09 16:27:34.668820, 1620566854.6688201, 2.96, 0.89, 9.22, -0.05, -0.08, -0.06, -0.03, 0.56, 8.63, -0.06, -0.07, -0.05
2021-05-09 16:27:34.778218, 1620566854.7782187, 2.95, 0.89, 9.21, -0.04, -0.07, -0.03, -0.06, 0.58, 8.6, -0.06, -0.06, -0.02
2021-05-09 16:27:34.886985, 1620566854.8869858, 2.95, 0.91, 9.23, -0.03, -0.06, -0.01, -0.07, 0.56, 8.63, -0.06, -0.06, 0.01
2021-05-09 16:27:34.996536, 1620566854.997527, 2.92, 0.9, 9.22, -0.03, -0.07, -0.01, -0.09, 0.56, 8.63, -0.06, -0.07, 0.0
2021-05-09 16:27:35.106949, 1620566855.106949, 2.91, 0.93, 9.27, -0.04, -0.07, -0.01, -0.11, 0.61, 8.67, -0.06, -0.07, -0.0
2021-05-09 16:27:35.216730, 1620566855.21673, 2.95, 0.9, 9.21, -0.04, -0.07, -0.02, -0.07, 0.58, 8.62, -0.06, -0.07, -0.01
2021-05-09 16:27:35.326298, 1620566855.3262987, 2.96, 0.88, 9.21, -0.03, -0.06, -0.02, -0.08, 0.59, 8.65, -0.06, -0.06, -0.01
2021-05-09 16:27:35.435752, 1620566855.4357524, 2.91, 0.93, 9.24, -0.02, -0.07, -0.02, -0.08, 0.59, 8.66, -0.05, -0.07, 0.0
2021-05-09 16:27:35.545540, 1620566855.54554, 2.95, 0.9, 9.22, -0.03, -0.08, -0.02, -0.08, 0.58, 8.63, -0.05, -0.08, -0.01
2021-05-09 16:27:35.654847, 1620566855.654847, 2.98, 0.96, 9.23, -0.05, -0.08, -0.01, -0.07, 0.61, 8.67, -0.06, -0.1, -0.02
2021-05-09 16:27:35.764660, 1620566855.7646608, 3.05, 0.87, 9.16, -0.07, -0.07, -0.03, -0.04, 0.55, 8.59, -0.08, -0.08, -0.04
2021-05-09 16:27:35.873302, 1620566855.8733025, 2.99, 0.84, 9.2, -0.07, -0.05, -0.05, 0.03, 0.54, 8.62, -0.08, -0.09, -0.05
2021-05-09 16:27:35.983518, 1620566855.983519, 2.98, 0.8, 9.19, -0.06, -0.03, -0.06, -0.03, 0.54, 8.6, -0.07, -0.06, -0.06
2021-05-09 16:27:36.093088, 1620566856.0930886, 2.86, 0.86, 9.25, -0.04, -0.03, -0.04, -0.05, 0.59, 8.64, -0.06, -0.06, -0.03
2021-05-09 16:27:36.202915, 1620566856.2029157, 2.86, 0.83, 9.28, -0.03, -0.07, -0.03, -0.06, 0.58, 8.67, -0.05, -0.07, -0.01
2021-05-09 16:27:36.311919, 1620566856.3119195, 2.94, 0.94, 9.23, -0.02, -0.07, -0.01, -0.01, 0.6, 8.64, -0.05, -0.07, 0.02
2021-05-09 16:27:36.421856, 1620566856.421856, 2.92, 0.88, 9.25, -0.02, -0.06, -0.0, -0.04, 0.61, 8.66, -0.06, -0.07, 0.02
2021-05-09 16:27:36.531270, 1620566856.5312705, 2.94, 0.9, 9.26, -0.03, -0.07, 0.03, -0.0, 0.59, 8.65, -0.06, -0.07, 0.03
2021-05-09 16:27:36.640881, 1620566856.6408818, 2.94, 0.89, 9.23, -0.04, -0.06, 0.02, -0.01, 0.61, 8.64, -0.07, -0.05, 0.03
2021-05-09 16:27:36.749797, 1620566856.7497973, 2.87, 0.81, 9.29, -0.04, -0.08, 0.0, -0.02, 0.55, 8.66, -0.07, -0.07, 0.01
2021-05-09 16:27:36.860139, 1620566856.860139, 2.95, 0.89, 9.21, -0.02, -0.08, -0.01, -0.01, 0.61, 8.62, -0.05, -0.07, 0.0
2021-05-09 16:27:36.969513, 1620566856.9695132, 2.95, 0.94, 9.22, -0.06, -0.08, -0.02, -0.03, 0.6, 8.66, -0.08, -0.08, -0.02
2021-05-09 16:27:37.079457, 1620566857.079457, 3.01, 0.81, 9.22, -0.06, -0.06, -0.03, 0.03, 0.53, 8.62, -0.08, -0.07, -0.02
2021-05-09 16:27:37.188731, 1620566857.1887312, 2.99, 0.78, 9.22, -0.06, -0.06, -0.03, 0.02, 0.5, 8.65, -0.08, -0.07, -0.02
2021-05-09 16:27:37.298553, 1620566857.2985537, 2.96, 0.75, 9.25, -0.04, -0.05, -0.02, 0.01, 0.55, 8.66, -0.07, -0.06, -0.01
2021-05-09 16:27:37.407945, 1620566857.4079454, 2.94, 0.78, 9.23, -0.03, -0.06, -0.01, -0.01, 0.49, 8.65, -0.06, -0.07, 0.01
2021-05-09 16:27:37.517712, 1620566857.5177119, 2.94, 0.78, 9.21, -0.03, -0.06, -0.01, -0.0, 0.52, 8.63, -0.06, -0.06, 0.0
2021-05-09 16:27:37.627411, 1620566857.627412, 2.98, 0.82, 9.23, -0.03, -0.07, -0.03, 0.03, 0.5, 8.64, -0.06, -0.07, -0.02
2021-05-09 16:27:37.736942, 1620566857.7369425, 2.98, 0.85, 9.22, -0.03, -0.06, -0.03, 0.0, 0.56, 8.64, -0.05, -0.07, -0.01
2021-05-09 16:27:37.846306, 1620566857.8463066, 2.95, 0.83, 9.22, -0.03, -0.08, -0.02, 0.01, 0.53, 8.63, -0.06, -0.08, 0.0
2021-05-09 16:27:37.955942, 1620566857.9559426, 3.03, 0.82, 9.25, -0.04, -0.08, -0.04, 0.03, 0.52, 8.68, -0.06, -0.07, -0.03
2021-05-09 16:27:38.065395, 1620566858.0653956, 3.0, 0.89, 9.23, -0.04, -0.08, -0.04, 0.07, 0.61, 8.69, -0.06, -0.08, -0.02
2021-05-09 16:27:38.174767, 1620566858.1747677, 3.1, 0.96, 9.14, -0.06, -0.09, 0.05, 0.09, 0.67, 8.59, -0.1, -0.09, 0.05
2021-05-09 16:27:38.284510, 1620566858.2845101, 3.02, 0.73, 9.22, -0.04, -0.05, 0.11, 0.06, 0.49, 8.65, -0.11, -0.05, 0.11
2021-05-09 16:27:38.393816, 1620566858.3938162, 3.06, 0.76, 9.19, -0.03, -0.05, 0.1, 0.08, 0.47, 8.64, -0.09, -0.06, 0.12
2021-05-09 16:27:38.503495, 1620566858.5034955, 3.06, 0.69, 9.17, -0.02, -0.04, 0.1, 0.07, 0.45, 8.62, -0.09, -0.04, 0.11
2021-05-09 16:27:38.613088, 1620566858.6130888, 2.99, 0.62, 9.24, -0.02, -0.04, 0.07, 0.01, 0.35, 8.66, -0.08, -0.04, 0.08
2021-05-09 16:27:38.722799, 1620566858.7227995, 2.99, 0.62, 9.21, -0.03, -0.04, -0.01, -0.01, 0.33, 8.64, -0.07, -0.04, 0.0
2021-05-09 16:27:38.832427, 1620566858.832427, 2.97, 0.67, 9.25, -0.03, -0.05, -0.06, -0.03, 0.39, 8.65, -0.05, -0.05, -0.05
2021-05-09 16:27:38.942190, 1620566858.9421904, 2.95, 0.73, 9.24, -0.03, -0.06, -0.08, -0.03, 0.47, 8.64, -0.04, -0.06, -0.06
2021-05-09 16:27:39.051825, 1620566859.051825, 2.93, 0.82, 9.25, -0.03, -0.06, -0.06, -0.05, 0.51, 8.67, -0.04, -0.06, -0.05
2021-05-09 16:27:39.161249, 1620566859.1612494, 2.98, 0.82, 9.21, -0.03, -0.06, -0.05, -0.01, 0.5, 8.63, -0.04, -0.07, -0.04
2021-05-09 16:27:39.269993, 1620566859.2699933, 2.91, 0.84, 9.24, -0.03, -0.04, -0.04, -0.07, 0.53, 8.66, -0.05, -0.06, -0.03
2021-05-09 16:27:39.380437, 1620566859.380438, 2.89, 0.83, 9.24, -0.03, -0.06, -0.03, -0.05, 0.54, 8.66, -0.05, -0.08, -0.02
2021-05-09 16:27:39.489945, 1620566859.4899457, 2.94, 0.84, 9.24, -0.04, -0.07, -0.03, -0.01, 0.55, 8.64, -0.06, -0.08, -0.02
2021-05-09 16:27:39.599478, 1620566859.5994782, 2.94, 0.86, 9.22, -0.04, -0.06, -0.02, 0.01, 0.55, 8.64, -0.06, -0.07, -0.01
2021-05-09 16:27:39.709158, 1620566859.7091587, 2.91, 0.85, 9.23, -0.04, -0.07, -0.03, -0.02, 0.55, 8.63, -0.07, -0.07, -0.02
2021-05-09 16:27:39.818801, 1620566859.818801, 2.94, 0.84, 9.23, -0.04, -0.06, -0.03, 0.02, 0.54, 8.61, -0.06, -0.07, -0.02
2021-05-09 16:27:39.928264, 1620566859.9282644, 2.95, 0.84, 9.24, -0.04, -0.06, -0.04, 0.02, 0.55, 8.64, -0.06, -0.07, -0.02
2021-05-09 16:27:40.037911, 1620566860.037912, 2.94, 0.87, 9.22, -0.04, -0.06, -0.04, 0.01, 0.59, 8.64, -0.06, -0.06, -0.02
2021-05-09 16:27:40.147614, 1620566860.1476142, 2.96, 0.84, 9.23, -0.04, -0.06, -0.02, 0.01, 0.52, 8.66, -0.07, -0.06, -0.01
2021-05-09 16:27:40.256717, 1620566860.2567177, 2.94, 0.84, 9.22, -0.05, -0.06, -0.03, 0.0, 0.54, 8.64, -0.07, -0.05, -0.01
2021-05-09 16:27:40.366653, 1620566860.3666534, 2.92, 0.79, 9.26, -0.05, -0.07, -0.01, -0.02, 0.53, 8.66, -0.07, -0.06, 0.0
2021-05-09 16:27:40.476052, 1620566860.4760523, 2.9, 0.78, 9.24, -0.03, -0.07, 0.01, -0.01, 0.54, 8.66, -0.06, -0.07, 0.02
2021-05-09 16:27:40.585448, 1620566860.5854487, 2.99, 0.78, 9.2, -0.04, -0.06, -0.02, 0.03, 0.51, 8.62, -0.07, -0.07, -0.0
2021-05-09 16:27:40.695180, 1620566860.695181, 2.99, 0.83, 9.22, -0.05, -0.06, -0.01, 0.04, 0.52, 8.65, -0.07, -0.06, -0.0
2021-05-09 16:27:40.804783, 1620566860.804783, 2.95, 0.76, 9.23, -0.04, -0.06, -0.02, -0.0, 0.48, 8.66, -0.07, -0.06, -0.01
2021-05-09 16:27:40.914239, 1620566860.9142396, 2.98, 0.84, 9.22, -0.05, -0.06, -0.02, -0.01, 0.54, 8.64, -0.07, -0.06, -0.02
2021-05-09 16:27:41.023732, 1620566861.023733, 2.92, 0.73, 9.28, -0.04, -0.08, -0.01, 0.0, 0.45, 8.69, -0.07, -0.07, 0.01
2021-05-09 16:27:41.133590, 1620566861.1335902, 2.96, 0.81, 9.24, -0.03, -0.06, -0.03, -0.03, 0.53, 8.65, -0.06, -0.06, -0.0
2021-05-09 16:27:41.243055, 1620566861.2430553, 2.93, 0.8, 9.24, -0.04, -0.09, -0.03, -0.02, 0.48, 8.67, -0.06, -0.09, -0.01
2021-05-09 16:27:41.351811, 1620566861.3518112, 3.03, 0.79, 9.18, -0.05, -0.09, -0.02, 0.03, 0.52, 8.65, -0.06, -0.09, -0.01
2021-05-09 16:27:41.461373, 1620566861.461373, 3.08, 0.8, 9.17, -0.04, -0.07, -0.0, 0.06, 0.54, 8.59, -0.07, -0.07, 0.01
2021-05-09 16:27:41.571778, 1620566861.5717783, 3.06, 0.8, 9.19, -0.04, -0.06, -0.01, 0.05, 0.54, 8.63, -0.07, -0.06, 0.01
2021-05-09 16:27:41.681495, 1620566861.6814952, 3.03, 0.76, 9.22, -0.05, -0.05, -0.01, 0.02, 0.45, 8.67, -0.08, -0.04, 0.01
2021-05-09 16:27:41.790820, 1620566861.7908206, 2.99, 0.75, 9.2, -0.08, -0.09, -0.05, 0.02, 0.49, 8.64, -0.08, -0.04, -0.04
2021-05-09 16:27:41.899679, 1620566861.8996792, 3.13, 0.69, 9.23, -0.06, -0.11, -0.01, 0.04, 0.49, 8.69, -0.08, -0.05, 0.01
2021-05-09 16:27:42.009947, 1620566862.009947, 3.13, 0.7, 9.16, -0.03, -0.08, -0.03, -0.02, 0.44, 8.64, -0.05, -0.04, -0.01
2021-05-09 16:27:42.119132, 1620566862.119133, 3.16, 0.73, 9.19, -0.03, -0.07, -0.02, -0.04, 0.55, 8.61, -0.05, -0.07, -0.01
2021-05-09 16:27:42.229205, 1620566862.2292056, 3.1, 0.73, 9.19, -0.03, -0.07, -0.02, -0.05, 0.45, 8.66, -0.05, -0.07, -0.01
2021-05-09 16:27:42.338754, 1620566862.3387547, 3.11, 0.76, 9.2, -0.04, -0.07, -0.01, -0.06, 0.51, 8.64, -0.06, -0.08, -0.0
2021-05-09 16:27:42.448248, 1620566862.4482486, 3.17, 0.71, 9.14, -0.03, -0.06, -0.0, -0.02, 0.49, 8.61, -0.06, -0.07, 0.0
2021-05-09 16:27:42.557920, 1620566862.5579207, 3.16, 0.76, 9.17, -0.02, -0.03, -0.0, -0.03, 0.53, 8.64, -0.05, -0.07, 0.01
2021-05-09 16:27:42.667266, 1620566862.6672666, 3.11, 0.75, 9.18, -0.04, -0.02, -0.01, -0.03, 0.47, 8.65, -0.06, -0.05, -0.0
2021-05-09 16:27:42.777026, 1620566862.7770264, 3.02, 0.78, 9.21, -0.05, -0.01, -0.01, -0.06, 0.53, 8.63, -0.07, -0.05, -0.0
2021-05-09 16:27:42.886701, 1620566862.8867016, 2.97, 0.71, 9.22, -0.05, -0.01, 0.0, -0.1, 0.46, 8.65, -0.08, -0.06, -0.01
2021-05-09 16:27:42.996200, 1620566862.9962008, 2.91, 0.68, 9.25, -0.06, -0.04, -0.05, -0.07, 0.42, 8.66, -0.07, -0.08, -0.05
2021-05-09 16:27:43.105752, 1620566863.105752, 2.98, 0.69, 9.2, -0.07, -0.04, -0.1, -0.02, 0.49, 8.62, -0.06, -0.07, -0.11
2021-05-09 16:27:43.215163, 1620566863.215164, 2.91, 0.78, 9.21, -0.05, -0.04, -0.09, -0.07, 0.56, 8.6, -0.05, -0.06, -0.08
2021-05-09 16:27:43.325027, 1620566863.3250272, 2.87, 0.72, 9.26, -0.05, -0.05, -0.07, -0.08, 0.49, 8.66, -0.06, -0.06, -0.07
2021-05-09 16:27:43.434427, 1620566863.4344275, 2.84, 0.74, 9.26, -0.05, -0.05, -0.06, -0.09, 0.51, 8.64, -0.06, -0.06, -0.05
2021-05-09 16:27:43.543376, 1620566863.5433764, 2.84, 0.77, 9.27, -0.04, -0.06, -0.01, -0.11, 0.55, 8.65, -0.06, -0.06, -0.0
2021-05-09 16:27:43.650953, 1620566863.6509533, 2.85, 0.72, 9.3, -0.03, -0.08, 0.02, -0.11, 0.53, 8.66, -0.06, -0.08, 0.03
2021-05-09 16:27:43.763147, 1620566863.7631478, 2.91, 0.71, 9.25, -0.03, -0.08, 0.04, -0.05, 0.51, 8.63, -0.07, -0.07, 0.06
2021-05-09 16:27:43.872435, 1620566863.8724358, 2.94, 0.69, 9.21, -0.02, -0.08, 0.05, -0.05, 0.49, 8.62, -0.07, -0.06, 0.06
2021-05-09 16:27:43.982443, 1620566863.982443, 2.9, 0.68, 9.25, -0.02, -0.06, 0.02, -0.09, 0.48, 8.63, -0.06, -0.05, 0.04
2021-05-09 16:27:44.090079, 1620566864.090079, 2.89, 0.73, 9.26, -0.02, -0.06, 0.0, -0.12, 0.48, 8.66, -0.06, -0.06, 0.02
2021-05-09 16:27:44.199717, 1620566864.199718, 2.91, 0.76, 9.25, -0.03, -0.08, -0.01, -0.1, 0.52, 8.65, -0.06, -0.08, 0.0
2021-05-09 16:27:44.311195, 1620566864.3111951, 2.94, 0.77, 9.2, -0.03, -0.06, -0.01, -0.09, 0.54, 8.6, -0.06, -0.06, 0.0
2021-05-09 16:27:44.418632, 1620566864.4186323, 2.97, 0.78, 9.23, -0.03, -0.06, 0.0, -0.07, 0.54, 8.63, -0.06, -0.07, 0.01
2021-05-09 16:27:44.528700, 1620566864.5287008, 2.91, 0.78, 9.25, -0.03, -0.05, 0.01, -0.07, 0.55, 8.65, -0.07, -0.07, 0.02
2021-05-09 16:27:44.636449, 1620566864.636449, 2.91, 0.77, 9.22, -0.03, -0.05, 0.0, -0.07, 0.54, 8.64, -0.07, -0.08, 0.01
2021-05-09 16:27:44.749187, 1620566864.7491872, 2.92, 0.75, 9.24, -0.04, -0.05, 0.0, -0.06, 0.53, 8.65, -0.07, -0.07, 0.01
2021-05-09 16:27:44.858681, 1620566864.8586812, 2.88, 0.74, 9.29, -0.04, -0.06, 0.0, -0.08, 0.49, 8.69, -0.07, -0.08, 0.01
2021-05-09 16:27:44.968584, 1620566864.9685843, 2.9, 0.74, 9.23, -0.03, -0.07, 0.0, -0.03, 0.53, 8.61, -0.06, -0.08, 0.01
2021-05-09 16:27:45.078119, 1620566865.0781195, 2.95, 0.75, 9.21, -0.03, -0.05, 0.0, -0.02, 0.54, 8.62, -0.06, -0.07, 0.02
2021-05-09 16:27:45.187815, 1620566865.1878157, 2.88, 0.76, 9.25, -0.03, -0.06, 0.0, -0.03, 0.52, 8.67, -0.06, -0.07, 0.02
2021-05-09 16:27:45.296401, 1620566865.2973964, 2.9, 0.75, 9.25, -0.04, -0.07, -0.0, -0.01, 0.5, 8.66, -0.06, -0.08, 0.01
2021-05-09 16:27:45.406961, 1620566865.406962, 2.91, 0.74, 9.25, -0.04, -0.06, -0.01, 0.01, 0.48, 8.64, -0.07, -0.07, 0.0
2021-05-09 16:27:45.516751, 1620566865.5167518, 2.91, 0.71, 9.25, -0.05, -0.07, -0.03, -0.0, 0.51, 8.66, -0.06, -0.07, -0.02
2021-05-09 16:27:45.625381, 1620566865.6253812, 2.93, 0.7, 9.26, -0.05, -0.07, -0.07, -0.0, 0.52, 8.65, -0.06, -0.07, -0.06
2021-05-09 16:27:45.735409, 1620566865.7354088, 2.97, 0.64, 9.25, -0.06, -0.08, -0.11, -0.0, 0.4, 8.66, -0.06, -0.08, -0.09
2021-05-09 16:27:45.845316, 1620566865.8453166, 2.94, 0.65, 9.23, -0.16, -0.08, -0.27, 0.03, 0.46, 8.64, -0.07, -0.08, -0.26
2021-05-09 16:27:45.954823, 1620566865.9548235, 2.96, 0.65, 9.22, -0.17, -0.1, -0.32, 0.05, 0.48, 8.63, -0.03, -0.11, -0.32
2021-05-09 16:27:46.064353, 1620566866.0643532, 3.03, 0.59, 9.22, -0.16, -0.09, -0.37, 0.09, 0.48, 8.68, -0.01, -0.12, -0.36
2021-05-09 16:27:46.173871, 1620566866.1738715, 3.03, 0.55, 9.23, -0.18, -0.1, -0.42, 0.1, 0.58, 8.66, -0.0, -0.13, -0.42
2021-05-09 16:27:46.283359, 1620566866.2833598, 3.1, 0.61, 9.19, -0.17, -0.1, -0.46, 0.21, 0.74, 8.64, 0.03, -0.14, -0.45
2021-05-09 16:27:46.392964, 1620566866.3929644, 3.15, 0.64, 9.16, -0.17, -0.09, -0.42, 0.26, 0.82, 8.6, 0.04, -0.13, -0.42
2021-05-09 16:27:46.502536, 1620566866.5025368, 3.08, 0.62, 9.2, -0.14, -0.08, -0.34, 0.25, 0.89, 8.65, 0.0, -0.12, -0.34
2021-05-09 16:27:46.612285, 1620566866.612285, 3.13, 0.62, 9.19, -0.12, -0.07, -0.3, 0.26, 1.03, 8.61, -0.01, -0.11, -0.29
2021-05-09 16:27:46.721882, 1620566866.721882, 3.11, 0.62, 9.2, -0.11, -0.08, -0.26, 0.31, 1.03, 8.64, -0.01, -0.13, -0.24
2021-05-09 16:27:46.831614, 1620566866.8316143, 3.12, 0.6, 9.17, -0.1, -0.09, -0.23, 0.35, 1.05, 8.61, -0.01, -0.14, -0.2
2021-05-09 16:27:46.941182, 1620566866.9411824, 3.23, 0.66, 9.15, -0.1, -0.09, -0.2, 0.45, 1.2, 8.58, -0.03, -0.13, -0.17
2021-05-09 16:27:47.050760, 1620566867.0507607, 3.25, 0.63, 9.15, -0.05, -0.07, -0.11, 0.48, 1.16, 8.57, -0.04, -0.1, -0.08
2021-05-09 16:27:47.160338, 1620566867.1603382, 3.23, 0.59, 9.11, -0.02, -0.05, -0.03, 0.5, 1.21, 8.59, -0.04, -0.07, -0.0
2021-05-09 16:27:47.269346, 1620566867.2693467, 3.19, 0.64, 9.15, -0.0, -0.03, -0.02, 0.49, 1.18, 8.61, -0.03, -0.05, 0.01
2021-05-09 16:27:47.379508, 1620566867.379509, 3.17, 0.67, 9.16, -0.02, -0.03, -0.01, 0.48, 1.23, 8.59, -0.05, -0.05, 0.0
2021-05-09 16:27:47.489089, 1620566867.489089, 3.12, 0.65, 9.2, -0.02, -0.04, 0.02, 0.45, 1.22, 8.61, -0.06, -0.05, 0.02
2021-05-09 16:27:47.598922, 1620566867.598922, 3.14, 0.65, 9.19, -0.02, -0.05, 0.02, 0.46, 1.18, 8.61, -0.06, -0.06, 0.03
2021-05-09 16:27:47.708186, 1620566867.7081864, 3.13, 0.64, 9.19, -0.02, -0.05, -0.0, 0.47, 1.18, 8.62, -0.05, -0.06, 0.01
2021-05-09 16:27:47.817192, 1620566867.8171926, 3.1, 0.69, 9.21, -0.02, -0.05, 0.0, 0.45, 1.26, 8.6, -0.06, -0.06, 0.01
2021-05-09 16:27:47.927318, 1620566867.9273186, 3.08, 0.66, 9.2, -0.01, -0.06, 0.01, 0.42, 1.24, 8.59, -0.05, -0.06, 0.02
2021-05-09 16:27:48.036245, 1620566868.0362453, 3.11, 0.69, 9.19, -0.02, -0.06, 0.01, 0.44, 1.24, 8.59, -0.06, -0.07, 0.02
2021-05-09 16:27:48.146638, 1620566868.1466386, 3.14, 0.67, 9.16, -0.03, -0.06, 0.0, 0.46, 1.25, 8.59, -0.06, -0.06, 0.01
2021-05-09 16:27:48.255962, 1620566868.2559626, 3.05, 0.68, 9.21, -0.03, -0.06, -0.01, 0.41, 1.25, 8.62, -0.06, -0.06, 0.0
2021-05-09 16:27:48.365495, 1620566868.365495, 3.1, 0.69, 9.17, -0.02, -0.06, -0.0, 0.45, 1.26, 8.57, -0.05, -0.06, 0.01
2021-05-09 16:27:48.474622, 1620566868.4746222, 3.04, 0.73, 9.21, -0.03, -0.05, -0.0, 0.42, 1.31, 8.61, -0.06, -0.06, 0.01
2021-05-09 16:27:48.584176, 1620566868.584176, 3.07, 0.74, 9.2, -0.03, -0.06, 0.02, 0.41, 1.3, 8.59, -0.07, -0.06, 0.03
2021-05-09 16:27:48.693762, 1620566868.6937623, 3.09, 0.76, 9.17, -0.02, -0.06, 0.06, 0.41, 1.34, 8.54, -0.08, -0.04, 0.07
2021-05-09 16:27:48.803885, 1620566868.803886, 3.01, 0.71, 9.22, -0.0, -0.03, 0.11, 0.36, 1.25, 8.6, -0.07, -0.03, 0.11
2021-05-09 16:27:48.913448, 1620566868.9134479, 2.98, 0.73, 9.26, -0.01, -0.06, 0.11, 0.36, 1.29, 8.62, -0.07, -0.05, 0.11
2021-05-09 16:27:49.022523, 1620566869.0225236, 3.09, 0.69, 9.15, 0.03, -0.11, 0.17, 0.38, 1.31, 8.55, -0.07, -0.02, 0.2
2021-05-09 16:27:49.132571, 1620566869.1325717, 3.04, 0.76, 9.23, 0.03, -0.06, 0.19, 0.3, 1.22, 8.62, -0.07, -0.02, 0.21
2021-05-09 16:27:49.242282, 1620566869.2422824, 3.11, 0.83, 9.18, 0.03, -0.08, 0.32, 0.33, 1.4, 8.55, -0.1, 0.0, 0.3
2021-05-09 16:27:49.351010, 1620566869.3510106, 3.24, 0.71, 9.11, 0.1, -0.09, 0.38, 0.29, 1.21, 8.52, -0.08, 0.03, 0.38
2021-05-09 16:27:49.461351, 1620566869.4613514, 3.11, 0.72, 9.21, 0.09, -0.05, 0.39, 0.13, 1.19, 8.63, -0.1, 0.03, 0.38
2021-05-09 16:27:49.570923, 1620566869.5709236, 3.05, 0.74, 9.24, 0.09, -0.03, 0.39, 0.07, 1.11, 8.65, -0.13, 0.01, 0.4
2021-05-09 16:27:49.680474, 1620566869.680474, 3.09, 0.79, 9.22, 0.06, -0.04, 0.33, 0.13, 1.1, 8.6, -0.13, -0.02, 0.36
2021-05-09 16:27:49.790003, 1620566869.790003, 3.12, 0.74, 9.13, 0.12, -0.06, 0.32, 0.12, 0.97, 8.57, -0.15, -0.02, 0.34
2021-05-09 16:27:49.899117, 1620566869.899117, 3.06, 0.68, 9.18, 0.02, -0.05, 0.25, 0.01, 0.75, 8.66, -0.13, -0.03, 0.24
2021-05-09 16:27:50.008644, 1620566870.0086446, 3.01, 0.63, 9.24, -0.04, -0.06, 0.12, -0.0, 0.72, 8.67, -0.12, -0.04, 0.12
2021-05-09 16:27:50.118317, 1620566870.1183174, 3.11, 0.63, 9.18, -0.05, -0.07, 0.04, 0.05, 0.75, 8.62, -0.1, -0.06, 0.04
2021-05-09 16:27:50.228469, 1620566870.2284691, 3.06, 0.69, 9.22, -0.05, -0.05, 0.0, -0.0, 0.78, 8.64, -0.08, -0.05, 0.0
2021-05-09 16:27:50.338146, 1620566870.3381462, 3.06, 0.66, 9.18, -0.06, -0.07, -0.04, -0.01, 0.75, 8.63, -0.07, -0.07, -0.04
2021-05-09 16:27:50.447840, 1620566870.4478402, 3.16, 0.63, 9.17, -0.06, -0.08, -0.06, 0.07, 0.77, 8.6, -0.07, -0.07, -0.05
2021-05-09 16:27:50.557375, 1620566870.5573757, 3.16, 0.69, 9.2, -0.05, -0.07, -0.04, 0.03, 0.84, 8.65, -0.07, -0.06, -0.02
2021-05-09 16:27:50.666679, 1620566870.6666796, 3.16, 0.66, 9.16, -0.04, -0.06, -0.01, 0.02, 0.76, 8.63, -0.07, -0.06, 0.01
2021-05-09 16:27:50.776448, 1620566870.7764485, 3.12, 0.61, 9.18, -0.05, -0.07, -0.01, 0.03, 0.72, 8.64, -0.07, -0.08, -0.01
2021-05-09 16:27:50.885981, 1620566870.8859818, 3.13, 0.63, 9.16, -0.04, -0.06, -0.02, 0.03, 0.72, 8.62, -0.07, -0.08, -0.01
2021-05-09 16:27:50.995794, 1620566870.995794, 3.11, 0.61, 9.2, -0.05, -0.07, -0.02, 0.02, 0.72, 8.65, -0.08, -0.08, -0.01
2021-05-09 16:27:51.104998, 1620566871.1049984, 3.18, 0.65, 9.17, -0.04, -0.06, -0.01, 0.09, 0.76, 8.65, -0.07, -0.07, 0.01
2021-05-09 16:27:51.214808, 1620566871.2148085, 3.17, 0.6, 9.17, -0.05, -0.07, 0.01, 0.07, 0.7, 8.64, -0.08, -0.08, 0.02
2021-05-09 16:27:51.324379, 1620566871.3243792, 3.19, 0.58, 9.18, -0.05, -0.07, 0.01, 0.08, 0.67, 8.66, -0.08, -0.08, 0.02
2021-05-09 16:27:51.433839, 1620566871.433839, 3.19, 0.61, 9.18, -0.04, -0.07, 0.02, 0.1, 0.69, 8.62, -0.08, -0.07, 0.03
2021-05-09 16:27:51.543334, 1620566871.5433342, 3.22, 0.65, 9.15, -0.01, -0.08, 0.12, 0.14, 0.79, 8.62, -0.08, -0.07, 0.13
2021-05-09 16:27:51.652390, 1620566871.6523902, 3.29, 0.68, 9.08, 0.11, -0.06, 0.26, 0.19, 0.76, 8.6, -0.08, -0.06, 0.3
2021-05-09 16:27:51.762042, 1620566871.7620428, 3.23, 0.79, 9.15, 0.14, -0.06, 0.36, 0.12, 0.8, 8.64, -0.1, -0.04, 0.4
2021-05-09 16:27:51.871783, 1620566871.871784, 3.24, 0.82, 9.12, 0.19, -0.07, 0.41, 0.16, 0.74, 8.62, -0.1, -0.06, 0.46
2021-05-09 16:27:51.981452, 1620566871.9814522, 3.23, 0.85, 9.14, 0.17, -0.08, 0.37, 0.12, 0.47, 8.67, -0.12, -0.08, 0.4
2021-05-09 16:27:52.091159, 1620566872.0911596, 3.27, 0.89, 9.11, 0.13, -0.06, 0.33, 0.14, 0.45, 8.67, -0.11, -0.08, 0.35
2021-05-09 16:27:52.199869, 1620566872.1998696, 3.24, 1.0, 9.16, 0.11, -0.04, 0.37, 0.18, 0.51, 8.7, -0.12, -0.07, 0.36
2021-05-09 16:27:52.309617, 1620566872.3096175, 3.28, 0.95, 9.13, 0.11, -0.05, 0.35, 0.24, 0.37, 8.66, -0.13, -0.09, 0.33
2021-05-09 16:27:52.420146, 1620566872.420146, 3.33, 0.92, 9.07, 0.08, -0.07, 0.23, 0.29, 0.19, 8.61, -0.12, -0.1, 0.22
2021-05-09 16:27:52.529938, 1620566872.5299382, 3.29, 0.99, 9.12, 0.05, -0.04, 0.12, 0.24, 0.17, 8.65, -0.13, -0.08, 0.1
2021-05-09 16:27:52.639172, 1620566872.639172, 3.21, 1.06, 9.19, 0.04, -0.06, 0.13, 0.27, 0.17, 8.7, -0.1, -0.08, 0.09
2021-05-09 16:27:52.748879, 1620566872.7488794, 3.31, 1.12, 9.13, 0.01, -0.07, 0.09, 0.33, 0.14, 8.69, -0.09, -0.08, 0.07
2021-05-09 16:27:52.858431, 1620566872.8584309, 3.31, 1.1, 9.11, -0.02, -0.06, 0.04, 0.36, 0.09, 8.65, -0.1, -0.08, 0.02
2021-05-09 16:27:52.968267, 1620566872.9682674, 3.31, 1.12, 9.11, -0.03, -0.05, 0.0, 0.34, 0.08, 8.67, -0.08, -0.07, -0.0
2021-05-09 16:27:53.077837, 1620566873.0778375, 3.3, 1.18, 9.12, -0.03, -0.06, 0.03, 0.36, 0.15, 8.67, -0.08, -0.08, 0.02
2021-05-09 16:27:53.187415, 1620566873.1874154, 3.32, 1.14, 9.07, -0.01, -0.05, 0.07, 0.38, 0.08, 8.63, -0.08, -0.07, 0.06
2021-05-09 16:27:53.296836, 1620566873.2968366, 3.26, 1.13, 9.14, -0.03, -0.06, 0.04, 0.37, 0.04, 8.69, -0.1, -0.07, 0.04
2021-05-09 16:27:53.405702, 1620566873.405702, 3.31, 1.1, 9.08, -0.02, -0.06, 0.04, 0.43, 0.03, 8.65, -0.08, -0.08, 0.04
2021-05-09 16:27:53.515760, 1620566873.5157604, 3.34, 1.12, 9.05, -0.02, -0.06, -0.01, 0.44, 0.03, 8.63, -0.08, -0.07, 0.01
2021-05-09 16:27:53.625731, 1620566873.6257315, 3.3, 1.12, 9.14, -0.01, -0.07, 0.0, 0.4, -0.02, 8.7, -0.08, -0.07, 0.02
2021-05-09 16:27:53.735089, 1620566873.735089, 3.32, 1.16, 9.12, -0.01, -0.08, 0.0, 0.42, -0.02, 8.68, -0.06, -0.08, 0.01
2021-05-09 16:27:53.844820, 1620566873.8448205, 3.35, 1.16, 9.09, -0.02, -0.06, -0.01, 0.45, -0.01, 8.66, -0.06, -0.07, 0.01
2021-05-09 16:27:53.954106, 1620566873.9541066, 3.33, 1.18, 9.08, -0.02, -0.05, -0.0, 0.45, 0.0, 8.63, -0.06, -0.07, 0.02
2021-05-09 16:27:54.063627, 1620566874.0636275, 3.32, 1.24, 9.11, -0.02, -0.06, -0.02, 0.42, -0.0, 8.68, -0.06, -0.07, 0.01
2021-05-09 16:27:54.173099, 1620566874.1730995, 3.29, 1.24, 9.12, -0.02, -0.06, 0.0, 0.41, 0.01, 8.67, -0.06, -0.06, 0.02
2021-05-09 16:27:54.282194, 1620566874.2831912, 3.29, 1.23, 9.06, -0.03, -0.07, 0.0, 0.4, -0.0, 8.64, -0.07, -0.07, 0.02
2021-05-09 16:27:54.392614, 1620566874.3926141, 3.35, 1.22, 9.05, -0.03, -0.07, -0.01, 0.43, -0.02, 8.65, -0.07, -0.07, 0.01
2021-05-09 16:27:54.501311, 1620566874.5013115, 3.34, 1.23, 9.09, -0.04, -0.06, -0.01, 0.45, 0.0, 8.68, -0.07, -0.06, 0.0
2021-05-09 16:27:54.611621, 1620566874.6116219, 3.35, 1.22, 9.1, -0.04, -0.05, -0.02, 0.43, -0.05, 8.65, -0.07, -0.06, 0.0
2021-05-09 16:27:54.721470, 1620566874.72147, 3.27, 1.23, 9.12, -0.04, -0.07, -0.01, 0.39, -0.03, 8.68, -0.07, -0.07, 0.0
2021-05-09 16:27:54.830906, 1620566874.8309066, 3.34, 1.21, 9.09, -0.05, -0.08, -0.03, 0.42, -0.02, 8.67, -0.07, -0.08, -0.01
2021-05-09 16:27:54.940153, 1620566874.9401534, 3.37, 1.21, 9.06, -0.04, -0.07, -0.01, 0.46, -0.02, 8.64, -0.07, -0.07, 0.01
2021-05-09 16:27:55.049972, 1620566875.049973, 3.33, 1.21, 9.11, -0.04, -0.07, -0.01, 0.41, -0.05, 8.66, -0.07, -0.07, 0.01
2021-05-09 16:27:55.159658, 1620566875.1596587, 3.4, 1.18, 9.06, -0.03, -0.08, -0.02, 0.45, -0.03, 8.66, -0.06, -0.07, -0.0
2021-05-09 16:27:55.268349, 1620566875.2683492, 3.42, 1.23, 9.07, -0.02, -0.07, -0.02, 0.48, 0.01, 8.66, -0.05, -0.06, 0.01
2021-05-09 16:27:55.378762, 1620566875.3787622, 3.39, 1.24, 9.05, -0.01, -0.06, 0.01, 0.45, -0.05, 8.65, -0.06, -0.07, 0.04
2021-05-09 16:27:55.488258, 1620566875.4882584, 3.41, 1.23, 9.07, -0.02, -0.06, 0.02, 0.45, -0.07, 8.66, -0.06, -0.07, 0.03
2021-05-09 16:27:55.597870, 1620566875.5978703, 3.42, 1.25, 9.08, -0.04, -0.06, -0.03, 0.45, -0.05, 8.66, -0.07, -0.07, -0.02
2021-05-09 16:27:55.707334, 1620566875.7073345, 3.36, 1.25, 9.09, -0.06, -0.06, -0.05, 0.44, -0.04, 8.69, -0.07, -0.07, -0.06
2021-05-09 16:27:55.817044, 1620566875.8170445, 3.39, 1.22, 9.07, -0.08, -0.05, -0.08, 0.43, -0.07, 8.64, -0.08, -0.07, -0.09
2021-05-09 16:27:55.926561, 1620566875.9265616, 3.36, 1.21, 9.1, -0.09, -0.05, -0.12, 0.46, -0.06, 8.68, -0.08, -0.06, -0.12
2021-05-09 16:27:56.036051, 1620566876.036052, 3.35, 1.22, 9.06, -0.07, -0.05, -0.08, 0.46, -0.01, 8.64, -0.07, -0.07, -0.08
2021-05-09 16:27:56.145646, 1620566876.1456468, 3.32, 1.12, 9.1, -0.08, -0.05, -0.11, 0.44, -0.16, 8.65, -0.08, -0.07, -0.09
2021-05-09 16:27:56.255510, 1620566876.2555108, 3.3, 1.08, 9.12, -0.14, -0.04, -0.22, 0.43, -0.19, 8.65, -0.1, -0.06, -0.2
2021-05-09 16:27:56.365063, 1620566876.3650632, 3.24, 1.08, 9.14, -0.15, -0.05, -0.23, 0.45, -0.14, 8.67, -0.1, -0.06, -0.21
2021-05-09 16:27:56.474648, 1620566876.4746487, 3.21, 1.03, 9.15, -0.17, -0.05, -0.27, 0.44, -0.19, 8.67, -0.09, -0.04, -0.24
2021-05-09 16:27:56.583839, 1620566876.5838392, 3.21, 0.95, 9.19, -0.2, -0.06, -0.31, 0.4, -0.26, 8.7, -0.1, -0.05, -0.27
2021-05-09 16:27:56.693898, 1620566876.6938984, 3.2, 0.83, 9.19, -0.24, -0.05, -0.37, 0.4, -0.28, 8.65, -0.1, -0.04, -0.33
2021-05-09 16:27:56.803581, 1620566876.803582, 3.18, 0.73, 9.15, -0.25, -0.04, -0.39, 0.39, -0.3, 8.64, -0.09, -0.03, -0.36
2021-05-09 16:27:56.913026, 1620566876.9130268, 3.09, 0.59, 9.18, -0.26, -0.07, -0.43, 0.34, -0.34, 8.64, -0.06, -0.04, -0.41
2021-05-09 16:27:57.022896, 1620566877.022896, 3.09, 0.61, 9.16, -0.22, -0.08, -0.41, 0.37, -0.18, 8.64, -0.01, -0.04, -0.38
2021-05-09 16:27:57.132546, 1620566877.132546, 3.14, 0.59, 9.15, -0.2, -0.08, -0.34, 0.34, -0.08, 8.64, -0.01, -0.05, -0.33
2021-05-09 16:27:57.241783, 1620566877.2417831, 3.2, 0.59, 9.15, -0.12, -0.07, -0.25, 0.34, 0.01, 8.63, 0.02, -0.05, -0.24
2021-05-09 16:27:57.351298, 1620566877.3512988, 3.16, 0.59, 9.17, -0.06, -0.08, -0.11, 0.34, 0.17, 8.66, -0.01, -0.05, -0.09
2021-05-09 16:27:57.461116, 1620566877.4611168, 3.21, 0.55, 9.19, -0.03, -0.08, -0.05, 0.29, 0.07, 8.68, -0.03, -0.06, -0.02
2021-05-09 16:27:57.570790, 1620566877.570791, 3.21, 0.52, 9.16, -0.03, -0.07, -0.03, 0.31, 0.07, 8.66, -0.04, -0.06, -0.01
2021-05-09 16:27:57.680095, 1620566877.680095, 3.24, 0.5, 9.15, -0.02, -0.07, -0.01, 0.3, 0.06, 8.65, -0.05, -0.06, 0.01
2021-05-09 16:27:57.789648, 1620566877.789648, 3.23, 0.5, 9.15, -0.02, -0.07, -0.0, 0.29, 0.09, 8.68, -0.05, -0.06, 0.01
2021-05-09 16:27:57.899251, 1620566877.8992512, 3.26, 0.49, 9.15, -0.03, -0.07, -0.02, 0.3, 0.05, 8.66, -0.06, -0.07, -0.01
2021-05-09 16:27:58.008874, 1620566878.0088744, 3.28, 0.5, 9.13, -0.03, -0.07, -0.03, 0.31, 0.08, 8.66, -0.05, -0.07, -0.01
2021-05-09 16:27:58.118187, 1620566878.1181874, 3.24, 0.52, 9.16, -0.04, -0.06, -0.02, 0.28, 0.08, 8.67, -0.06, -0.07, -0.01
2021-05-09 16:27:58.227975, 1620566878.2279754, 3.28, 0.54, 9.14, -0.04, -0.07, -0.03, 0.31, 0.13, 8.65, -0.05, -0.08, -0.02
2021-05-09 16:27:58.337550, 1620566878.3375504, 3.24, 0.51, 9.15, -0.04, -0.06, -0.02, 0.3, 0.12, 8.67, -0.05, -0.07, -0.01
2021-05-09 16:27:58.447177, 1620566878.4471772, 3.25, 0.51, 9.17, -0.05, -0.06, -0.04, 0.31, 0.11, 8.68, -0.05, -0.08, -0.03
2021-05-09 16:27:58.557073, 1620566878.5570736, 3.25, 0.49, 9.13, -0.04, -0.06, -0.04, 0.34, 0.12, 8.64, -0.05, -0.08, -0.03
2021-05-09 16:27:58.665722, 1620566878.6657224, 3.22, 0.54, 9.16, -0.05, -0.05, -0.05, 0.32, 0.15, 8.66, -0.05, -0.07, -0.04
2021-05-09 16:27:58.775299, 1620566878.7752993, 3.23, 0.54, 9.17, -0.04, -0.06, -0.05, 0.35, 0.19, 8.68, -0.05, -0.08, -0.03
2021-05-09 16:27:58.885868, 1620566878.8858688, 3.24, 0.54, 9.15, -0.05, -0.06, -0.04, 0.36, 0.2, 8.67, -0.06, -0.08, -0.02
2021-05-09 16:27:58.994474, 1620566878.9944742, 3.25, 0.5, 9.15, -0.04, -0.07, -0.04, 0.38, 0.2, 8.66, -0.06, -0.08, -0.02
2021-05-09 16:27:59.104606, 1620566879.1046064, 3.25, 0.5, 9.15, -0.04, -0.07, -0.04, 0.38, 0.18, 8.68, -0.06, -0.07, -0.01
2021-05-09 16:27:59.214074, 1620566879.2140741, 3.29, 0.53, 9.14, -0.03, -0.07, -0.02, 0.41, 0.21, 8.65, -0.06, -0.07, -0.0
2021-05-09 16:27:59.323780, 1620566879.32378, 3.28, 0.53, 9.12, -0.04, -0.06, -0.03, 0.39, 0.19, 8.64, -0.06, -0.06, -0.01
2021-05-09 16:27:59.433589, 1620566879.43359, 3.26, 0.51, 9.14, -0.05, -0.06, -0.05, 0.37, 0.22, 8.66, -0.06, -0.06, -0.03
2021-05-09 16:27:59.543198, 1620566879.543198, 3.27, 0.53, 9.16, -0.03, -0.07, -0.04, 0.37, 0.26, 8.67, -0.05, -0.07, -0.03
2021-05-09 16:27:59.652913, 1620566879.6529136, 3.29, 0.53, 9.12, -0.03, -0.07, -0.04, 0.38, 0.26, 8.67, -0.05, -0.06, -0.02
2021-05-09 16:27:59.762253, 1620566879.7622538, 3.3, 0.54, 9.13, -0.03, -0.08, -0.02, 0.37, 0.28, 8.67, -0.05, -0.07, -0.01
2021-05-09 16:27:59.871513, 1620566879.8715134, 3.36, 0.56, 9.09, -0.01, -0.08, -0.01, 0.4, 0.27, 8.66, -0.05, -0.07, 0.01
2021-05-09 16:27:59.981210, 1620566879.9812107, 3.33, 0.62, 9.14, -0.01, -0.07, -0.0, 0.38, 0.33, 8.67, -0.04, -0.06, 0.02
2021-05-09 16:28:00.090312, 1620566880.0903122, 3.31, 0.6, 9.1, -0.01, -0.08, 0.01, 0.36, 0.28, 8.67, -0.05, -0.07, 0.03
2021-05-09 16:28:00.200358, 1620566880.2003584, 3.35, 0.59, 9.12, -0.02, -0.08, 0.0, 0.39, 0.31, 8.67, -0.06, -0.08, 0.02
2021-05-09 16:28:00.310130, 1620566880.3101306, 3.36, 0.61, 9.12, -0.03, -0.07, 0.0, 0.4, 0.33, 8.69, -0.06, -0.08, 0.01
2021-05-09 16:28:00.419732, 1620566880.4197323, 3.36, 0.6, 9.15, -0.04, -0.07, -0.01, 0.41, 0.31, 8.69, -0.06, -0.08, -0.01
2021-05-09 16:28:00.529284, 1620566880.5292847, 3.4, 0.6, 9.09, -0.04, -0.06, -0.01, 0.46, 0.35, 8.65, -0.07, -0.08, -0.01
2021-05-09 16:28:00.638841, 1620566880.6388412, 3.39, 0.59, 9.08, -0.05, -0.05, -0.01, 0.44, 0.3, 8.66, -0.07, -0.08, -0.01
2021-05-09 16:28:00.748278, 1620566880.7482789, 3.34, 0.56, 9.1, -0.08, -0.05, -0.03, 0.47, 0.28, 8.66, -0.08, -0.08, -0.03
2021-05-09 16:28:00.857905, 1620566880.8579059, 3.35, 0.56, 9.11, -0.07, -0.06, -0.03, 0.47, 0.36, 8.65, -0.08, -0.08, -0.03
2021-05-09 16:28:00.967446, 1620566880.9674463, 3.32, 0.5, 9.14, -0.07, -0.07, -0.03, 0.47, 0.28, 8.66, -0.09, -0.08, -0.02
2021-05-09 16:28:01.077022, 1620566881.0770228, 3.36, 0.34, 9.13, -0.08, -0.07, -0.1, 0.43, 0.07, 8.65, -0.09, -0.08, -0.1
2021-05-09 16:28:01.186893, 1620566881.1868932, 3.38, 0.15, 9.09, -0.13, -0.09, -0.29, 0.49, -0.16, 8.63, -0.08, -0.09, -0.3
2021-05-09 16:28:01.296350, 1620566881.2963507, 3.35, 0.06, 9.14, -0.22, -0.06, -0.58, 0.4, -0.17, 8.7, -0.07, -0.04, -0.63
2021-05-09 16:28:01.405925, 1620566881.405926, 3.36, 0.22, 9.11, -0.28, -0.08, -0.82, 0.35, -0.12, 8.65, -0.05, -0.08, -0.87
2021-05-09 16:28:01.515730, 1620566881.5157301, 3.28, 0.29, 9.16, -0.39, -0.07, -1.05, 0.26, 0.01, 8.66, -0.08, -0.07, -1.12
2021-05-09 16:28:01.624921, 1620566881.6249218, 3.28, 0.42, 9.08, -0.4, -0.05, -1.16, 0.23, 0.22, 8.63, -0.06, -0.06, -1.23
2021-05-09 16:28:01.734516, 1620566881.7345164, 3.25, 0.63, 9.19, -0.4, -0.07, -1.18, 0.22, 0.47, 8.73, -0.05, -0.08, -1.24
2021-05-09 16:28:01.844581, 1620566881.8445816, 3.33, 0.5, 9.12, -0.38, -0.08, -1.13, 0.26, 0.34, 8.66, -0.07, -0.09, -1.21
2021-05-09 16:28:01.954012, 1620566881.9540122, 3.45, 0.51, 9.09, -0.38, -0.07, -1.11, 0.33, 0.29, 8.65, -0.07, -0.07, -1.18
2021-05-09 16:28:02.063569, 1620566882.0635693, 3.4, 0.6, 9.08, -0.36, -0.07, -1.04, 0.34, 0.37, 8.68, -0.07, -0.07, -1.12
2021-05-09 16:28:02.173318, 1620566882.1733184, 3.43, 0.55, 9.05, -0.36, -0.09, -0.98, 0.33, 0.24, 8.61, -0.09, -0.11, -1.06
2021-05-09 16:28:02.282895, 1620566882.2828958, 3.43, 0.62, 9.08, -0.35, -0.07, -0.92, 0.29, 0.41, 8.63, -0.1, -0.08, -1.0
2021-05-09 16:28:02.392491, 1620566882.3924916, 3.41, 0.57, 8.93, -0.25, -0.06, -0.77, 0.36, 0.34, 8.48, -0.04, -0.1, -0.8
2021-05-09 16:28:02.502266, 1620566882.5022662, 3.48, 0.63, 9.16, -0.22, -0.07, -0.72, 0.38, 0.34, 8.73, -0.03, -0.08, -0.72
2021-05-09 16:28:02.611024, 1620566882.6120212, 3.61, 0.73, 9.07, -0.23, -0.06, -0.65, 0.46, 0.43, 8.66, -0.02, -0.06, -0.66
2021-05-09 16:28:02.721660, 1620566882.7216601, 3.56, 0.88, 9.1, -0.18, -0.08, -0.48, 0.55, 0.6, 8.71, -0.02, -0.09, -0.5
2021-05-09 16:28:02.831147, 1620566882.8311474, 3.55, 1.03, 9.04, -0.11, -0.06, -0.38, 0.46, 0.73, 8.68, -0.01, -0.09, -0.38
2021-05-09 16:28:02.940566, 1620566882.9405668, 3.63, 1.08, 9.19, -0.11, -0.09, -0.29, 0.53, 0.97, 8.8, -0.02, -0.12, -0.27
2021-05-09 16:28:03.050118, 1620566883.050118, 3.54, 0.97, 8.95, -0.05, -0.06, -0.15, 0.49, 0.63, 8.54, -0.04, -0.09, -0.13
2021-05-09 16:28:03.160010, 1620566883.16001, 3.39, 0.96, 8.56, -0.06, -0.04, -0.11, 0.5, 0.61, 8.1, -0.07, -0.05, -0.08
2021-05-09 16:28:03.268758, 1620566883.2687585, 3.55, 0.94, 9.05, -0.07, -0.05, -0.09, 0.59, 0.72, 8.68, -0.08, -0.04, -0.08
2021-05-09 16:28:03.378859, 1620566883.378859, 3.67, 0.95, 8.99, -0.08, -0.07, -0.09, 0.68, 0.64, 8.54, -0.09, -0.09, -0.08
2021-05-09 16:28:03.488516, 1620566883.4885166, 3.77, 0.7, 9.52, -0.09, -0.07, -0.11, 0.56, 0.44, 9.24, -0.1, -0.08, -0.11
2021-05-09 16:28:03.598355, 1620566883.5983558, 3.34, 0.82, 9.07, -0.08, -0.04, -0.11, 0.39, 0.69, 8.59, -0.07, -0.04, -0.09
2021-05-09 16:28:03.707592, 1620566883.7075927, 3.29, 0.76, 9.2, -0.01, -0.02, 0.03, 0.25, 0.4, 8.73, -0.06, -0.01, 0.06
2021-05-09 16:28:03.817161, 1620566883.8171618, 3.33, 0.65, 9.14, -0.02, -0.06, 0.06, 0.28, 0.33, 8.64, -0.08, -0.05, 0.09
2021-05-09 16:28:03.926745, 1620566883.926746, 3.32, 0.62, 9.13, -0.02, -0.05, 0.05, 0.29, 0.25, 8.66, -0.07, -0.05, 0.07
2021-05-09 16:28:04.036496, 1620566884.0364962, 3.4, 0.61, 9.09, -0.02, -0.06, 0.03, 0.32, 0.25, 8.64, -0.07, -0.06, 0.05
2021-05-09 16:28:04.145892, 1620566884.1458924, 3.36, 0.63, 9.14, -0.04, -0.07, 0.0, 0.31, 0.27, 8.68, -0.07, -0.06, 0.01
2021-05-09 16:28:04.255485, 1620566884.2554855, 3.39, 0.65, 9.06, -0.03, -0.07, -0.0, 0.32, 0.31, 8.63, -0.06, -0.07, 0.02
2021-05-09 16:28:04.361720, 1620566884.3617208, 3.4, 0.63, 9.09, -0.04, -0.07, 0.01, 0.32, 0.29, 8.65, -0.08, -0.07, 0.02
2021-05-09 16:28:04.474671, 1620566884.4746714, 3.4, 0.65, 9.08, -0.03, -0.08, 0.02, 0.32, 0.3, 8.64, -0.07, -0.08, 0.03
2021-05-09 16:28:04.582602, 1620566884.5826027, 3.44, 0.69, 9.08, -0.03, -0.08, 0.03, 0.37, 0.37, 8.68, -0.07, -0.09, 0.04
2021-05-09 16:28:04.693927, 1620566884.693928, 3.5, 0.7, 9.0, -0.02, -0.07, 0.07, 0.43, 0.37, 8.6, -0.07, -0.09, 0.07
2021-05-09 16:28:04.803392, 1620566884.803392, 3.56, 0.81, 9.0, -0.01, -0.07, 0.11, 0.54, 0.54, 8.61, -0.06, -0.1, 0.12
2021-05-09 16:28:04.913085, 1620566884.9130852, 3.63, 0.87, 9.11, 0.02, -0.04, 0.18, 0.57, 0.54, 8.77, -0.08, -0.06, 0.21
2021-05-09 16:28:05.022649, 1620566885.0226495, 3.57, 0.91, 9.27, 0.03, -0.04, 0.26, 0.46, 0.64, 8.89, -0.09, -0.07, 0.28
2021-05-09 16:28:05.131642, 1620566885.1316428, 3.37, 1.0, 9.13, 0.07, -0.05, 0.39, 0.38, 0.76, 8.66, -0.08, -0.06, 0.43
2021-05-09 16:28:05.241514, 1620566885.2415147, 3.29, 1.09, 8.97, 0.16, -0.04, 0.57, 0.28, 0.87, 8.47, -0.06, -0.03, 0.65
2021-05-09 16:28:05.351114, 1620566885.3511145, 3.19, 1.06, 9.05, 0.25, -0.03, 0.83, 0.18, 0.88, 8.54, -0.05, -0.01, 0.92
2021-05-09 16:28:05.460672, 1620566885.4606729, 3.2, 0.92, 9.41, 0.36, 0.01, 1.09, 0.05, 0.53, 9.0, -0.04, 0.03, 1.2
2021-05-09 16:28:05.570338, 1620566885.5703387, 3.24, 0.62, 9.05, 0.36, -0.07, 1.18, 0.21, 0.35, 8.47, -0.05, -0.06, 1.25
2021-05-09 16:28:05.679997, 1620566885.6799974, 3.32, 0.71, 9.13, 0.38, -0.06, 1.14, 0.18, 0.41, 8.66, -0.04, -0.03, 1.26
2021-05-09 16:28:05.789648, 1620566885.7896483, 3.35, 0.66, 9.07, 0.38, -0.09, 1.2, 0.26, 0.33, 8.62, -0.05, -0.07, 1.31
2021-05-09 16:28:05.899000, 1620566885.899001, 3.38, 0.59, 9.08, 0.37, -0.07, 1.21, 0.23, 0.3, 8.6, -0.06, -0.06, 1.31
2021-05-09 16:28:06.008844, 1620566886.0088441, 3.31, 0.53, 9.02, 0.34, -0.06, 1.18, 0.22, 0.21, 8.52, -0.08, -0.06, 1.28
2021-05-09 16:28:06.117780, 1620566886.1177804, 3.44, 0.4, 9.02, 0.32, -0.05, 1.18, 0.28, 0.07, 8.62, -0.1, -0.05, 1.27
2021-05-09 16:28:06.227892, 1620566886.2278924, 3.38, 0.44, 9.1, 0.32, -0.06, 1.11, 0.24, 0.12, 8.66, -0.06, -0.05, 1.21
2021-05-09 16:28:06.337474, 1620566886.3374743, 3.39, 0.28, 9.12, 0.3, -0.05, 0.98, 0.24, -0.08, 8.68, -0.06, -0.04, 1.07
2021-05-09 16:28:06.447051, 1620566886.4470518, 3.43, 0.29, 9.1, 0.23, -0.05, 0.72, 0.27, -0.05, 8.66, -0.03, -0.03, 0.79
2021-05-09 16:28:06.556633, 1620566886.5566337, 3.39, 0.42, 9.16, 0.14, -0.06, 0.44, 0.27, 0.02, 8.75, -0.03, -0.04, 0.48
2021-05-09 16:28:06.666190, 1620566886.6661901, 3.55, 0.5, 9.02, 0.08, -0.08, 0.22, 0.4, 0.21, 8.58, -0.0, -0.09, 0.24
2021-05-09 16:28:06.775923, 1620566886.7759237, 3.54, 0.66, 8.98, 0.02, -0.05, 0.02, 0.4, 0.28, 8.56, -0.02, -0.06, 0.03
2021-05-09 16:28:06.883902, 1620566886.8839023, 3.51, 0.95, 9.22, -0.04, -0.02, -0.11, 0.25, 0.69, 8.84, -0.04, -0.04, -0.1
2021-05-09 16:28:06.993207, 1620566886.9932077, 3.4, 0.84, 9.12, -0.07, -0.04, -0.11, 0.32, 0.53, 8.71, -0.07, -0.07, -0.12
2021-05-09 16:28:07.104726, 1620566887.1047268, 3.43, 0.81, 9.07, -0.09, -0.04, -0.11, 0.36, 0.55, 8.62, -0.08, -0.08, -0.13
2021-05-09 16:28:07.214500, 1620566887.2145007, 3.44, 0.8, 9.11, -0.07, -0.06, -0.05, 0.36, 0.53, 8.68, -0.09, -0.08, -0.06
2021-05-09 16:28:07.323675, 1620566887.3236752, 3.4, 0.66, 9.08, -0.06, -0.07, -0.01, 0.39, 0.39, 8.64, -0.09, -0.09, -0.01
2021-05-09 16:28:07.431655, 1620566887.4316556, 3.37, 0.64, 9.06, -0.06, -0.07, 0.02, 0.35, 0.38, 8.63, -0.09, -0.08, 0.02
2021-05-09 16:28:07.541595, 1620566887.5415957, 3.33, 0.51, 9.07, -0.06, -0.07, 0.07, 0.32, 0.21, 8.63, -0.11, -0.07, 0.07
2021-05-09 16:28:07.652685, 1620566887.6526854, 3.28, 0.49, 9.05, -0.05, -0.04, 0.1, 0.28, 0.23, 8.58, -0.12, -0.03, 0.12
2021-05-09 16:28:07.762283, 1620566887.7622833, 3.32, 0.45, 9.09, -0.06, -0.03, 0.14, 0.3, 0.12, 8.66, -0.15, -0.01, 0.13
2021-05-09 16:28:07.871590, 1620566887.8715904, 3.49, 0.61, 9.21, -0.05, -0.09, 0.12, 0.49, 0.48, 8.8, -0.1, -0.08, 0.11
2021-05-09 16:28:07.980508, 1620566887.9805083, 3.53, 0.77, 9.31, 0.04, -0.07, 0.27, 0.41, 0.51, 8.96, -0.09, -0.07, 0.31
2021-05-09 16:28:08.090205, 1620566888.0902054, 3.37, 0.9, 9.03, 0.1, -0.07, 0.45, 0.29, 0.76, 8.59, -0.08, -0.07, 0.51
2021-05-09 16:28:08.200307, 1620566888.200308, 3.37, 1.17, 9.08, 0.23, -0.07, 0.76, 0.17, 1.04, 8.57, -0.06, -0.04, 0.87
2021-05-09 16:28:08.309383, 1620566888.309383, 3.28, 1.0, 9.1, 0.38, -0.02, 1.2, 0.01, 0.93, 8.57, -0.06, 0.0, 1.31
2021-05-09 16:28:08.419676, 1620566888.4196763, 3.08, 0.47, 9.38, 0.46, -0.04, 1.37, -0.02, -0.0, 8.92, -0.05, -0.03, 1.5
2021-05-09 16:28:08.528503, 1620566888.528503, 3.24, 0.28, 8.99, 0.39, -0.06, 1.28, 0.11, 0.03, 8.54, -0.08, -0.03, 1.39
2021-05-09 16:28:08.638859, 1620566888.6388593, 3.23, 0.43, 9.05, 0.39, -0.06, 1.27, 0.02, 0.18, 8.52, -0.07, -0.04, 1.36
2021-05-09 16:28:08.747841, 1620566888.7478414, 3.13, 0.35, 9.26, 0.41, -0.07, 1.25, -0.08, 0.06, 8.72, -0.06, -0.04, 1.35
2021-05-09 16:28:08.858121, 1620566888.8581212, 3.19, 0.41, 9.13, 0.38, -0.08, 1.17, -0.04, 0.05, 8.61, -0.06, -0.07, 1.27
2021-05-09 16:28:08.967436, 1620566888.9674366, 3.26, 0.41, 9.14, 0.33, -0.09, 1.08, 0.01, 0.09, 8.68, -0.07, -0.08, 1.16
2021-05-09 16:28:09.076939, 1620566889.0769393, 3.27, 0.38, 9.12, 0.29, -0.08, 0.98, 0.03, 0.03, 8.66, -0.07, -0.07, 1.06
2021-05-09 16:28:09.183754, 1620566889.183755, 3.31, 0.45, 9.12, 0.24, -0.07, 0.82, 0.06, 0.14, 8.64, -0.06, -0.07, 0.89
2021-05-09 16:28:09.295271, 1620566889.2952712, 3.28, 0.47, 9.17, 0.2, -0.05, 0.64, 0.05, 0.13, 8.67, -0.04, -0.06, 0.69
2021-05-09 16:28:09.405531, 1620566889.4055312, 3.36, 0.51, 9.02, 0.13, -0.07, 0.42, 0.16, 0.12, 8.52, -0.04, -0.08, 0.46
2021-05-09 16:28:09.515469, 1620566889.5154698, 3.45, 0.68, 9.15, 0.07, -0.02, 0.29, 0.22, 0.34, 8.69, -0.06, -0.02, 0.32
2021-05-09 16:28:09.623344, 1620566889.623345, 3.4, 0.49, 9.02, 0.01, -0.02, 0.14, 0.24, 0.13, 8.55, -0.08, -0.04, 0.14
2021-05-09 16:28:09.733836, 1620566889.7338362, 3.33, 0.66, 9.13, -0.06, -0.01, -0.04, 0.16, 0.26, 8.66, -0.09, -0.03, -0.03
2021-05-09 16:28:09.844395, 1620566889.8443952, 3.23, 0.62, 9.19, -0.08, -0.04, -0.07, 0.16, 0.33, 8.71, -0.09, -0.05, -0.07
2021-05-09 16:28:09.953904, 1620566889.9539049, 3.28, 0.54, 9.17, -0.1, -0.06, -0.09, 0.21, 0.25, 8.68, -0.09, -0.07, -0.1
2021-05-09 16:28:10.063313, 1620566890.0633132, 3.38, 0.49, 9.08, -0.09, -0.07, -0.12, 0.29, 0.22, 8.63, -0.08, -0.09, -0.11
2021-05-09 16:28:10.172885, 1620566890.1728857, 3.25, 0.41, 9.12, -0.08, -0.06, -0.11, 0.21, 0.12, 8.62, -0.08, -0.07, -0.1
2021-05-09 16:28:10.281901, 1620566890.2819018, 3.24, 0.37, 9.09, -0.11, -0.05, -0.17, 0.06, 0.01, 8.59, -0.09, -0.05, -0.17
2021-05-09 16:28:10.392074, 1620566890.392075, 3.2, 0.35, 9.09, -0.15, -0.02, -0.2, 0.13, 0.03, 8.57, -0.12, -0.03, -0.22
2021-05-09 16:28:10.502009, 1620566890.5020092, 3.23, 0.42, 9.22, -0.17, -0.02, -0.21, 0.14, 0.19, 8.74, -0.12, -0.04, -0.24
2021-05-09 16:28:10.611360, 1620566890.6113605, 3.24, 0.47, 9.32, -0.15, -0.08, -0.26, 0.21, 0.22, 8.86, -0.09, -0.09, -0.28
2021-05-09 16:28:10.720961, 1620566890.7209613, 3.35, 0.48, 9.14, -0.13, -0.08, -0.36, 0.27, 0.26, 8.68, -0.03, -0.09, -0.37
2021-05-09 16:28:10.830537, 1620566890.8305373, 3.29, 0.65, 9.0, -0.17, -0.05, -0.47, 0.16, 0.29, 8.53, -0.06, -0.08, -0.45
2021-05-09 16:28:10.940113, 1620566890.9401138, 3.36, 0.49, 9.34, -0.15, -0.11, -0.52, 0.24, 0.04, 8.9, -0.01, -0.13, -0.55
2021-05-09 16:28:11.049953, 1620566891.049953, 3.19, 0.2, 9.28, -0.3, -0.12, -0.77, 0.21, -0.06, 8.81, -0.06, -0.13, -0.83
2021-05-09 16:28:11.159314, 1620566891.1593142, 3.53, 0.47, 9.01, -0.29, -0.1, -0.89, 0.35, 0.22, 8.6, -0.03, -0.11, -0.93
2021-05-09 16:28:11.269118, 1620566891.2691183, 3.32, 0.3, 9.11, -0.34, -0.1, -0.98, 0.23, 0.01, 8.66, -0.05, -0.1, -1.04
2021-05-09 16:28:11.378903, 1620566891.3789034, 3.42, 0.32, 9.0, -0.42, -0.08, -1.12, 0.23, 0.03, 8.55, -0.07, -0.09, -1.2
2021-05-09 16:28:11.488386, 1620566891.4883864, 3.27, 0.35, 9.14, -0.44, -0.05, -1.21, 0.13, 0.13, 8.66, -0.07, -0.06, -1.28
2021-05-09 16:28:11.597304, 1620566891.5983016, 3.31, 0.41, 9.14, -0.43, -0.08, -1.22, 0.17, 0.17, 8.66, -0.05, -0.09, -1.28
2021-05-09 16:28:11.707706, 1620566891.7077067, 3.35, 0.3, 9.03, -0.44, -0.07, -1.23, 0.19, 0.06, 8.55, -0.06, -0.09, -1.31
2021-05-09 16:28:11.817491, 1620566891.8174913, 3.4, 0.37, 9.1, -0.43, -0.09, -1.23, 0.19, 0.22, 8.64, -0.04, -0.09, -1.31
2021-05-09 16:28:11.927062, 1620566891.9270625, 3.4, 0.57, 9.05, -0.4, -0.06, -1.16, 0.29, 0.43, 8.62, -0.03, -0.09, -1.22
2021-05-09 16:28:12.036595, 1620566892.036596, 3.61, 0.76, 8.99, -0.34, -0.07, -1.02, 0.39, 0.56, 8.58, -0.04, -0.09, -1.07
2021-05-09 16:28:12.145384, 1620566892.146375, 3.56, 0.72, 9.03, -0.33, -0.05, -0.89, 0.41, 0.55, 8.64, -0.07, -0.07, -0.94
2021-05-09 16:28:12.255559, 1620566892.255559, 3.61, 0.96, 8.96, -0.28, -0.04, -0.72, 0.43, 0.8, 8.59, -0.08, -0.02, -0.74
2021-05-09 16:28:12.365424, 1620566892.3654244, 3.61, 0.93, 9.06, -0.21, -0.03, -0.47, 0.43, 0.85, 8.66, -0.08, -0.03, -0.49
2021-05-09 16:28:12.474972, 1620566892.4749727, 3.45, 0.82, 9.05, -0.13, -0.04, -0.22, 0.31, 0.68, 8.65, -0.09, -0.04, -0.22
2021-05-09 16:28:12.584414, 1620566892.5844147, 3.21, 0.72, 8.45, -0.06, -0.03, -0.04, 0.25, 0.57, 7.98, -0.07, -0.07, -0.02
2021-05-09 16:28:12.693391, 1620566892.6933916, 3.68, 0.65, 9.67, -0.01, -0.05, 0.01, 0.15, 0.47, 9.4, -0.05, -0.05, 0.05
2021-05-09 16:28:12.803494, 1620566892.8034947, 3.38, 0.58, 9.04, 0.01, -0.08, 0.1, 0.39, 0.31, 8.65, -0.07, -0.09, 0.14
2021-05-09 16:28:12.913250, 1620566892.91325, 3.52, 0.54, 9.07, 0.02, -0.07, 0.1, 0.32, 0.25, 8.69, -0.05, -0.06, 0.13
2021-05-09 16:28:13.022768, 1620566893.022769, 3.5, 0.51, 9.06, -0.01, -0.09, 0.05, 0.3, 0.3, 8.66, -0.06, -0.07, 0.07
2021-05-09 16:28:13.132292, 1620566893.1322927, 3.51, 0.51, 9.03, -0.02, -0.08, 0.01, 0.3, 0.24, 8.63, -0.06, -0.07, 0.03
2021-05-09 16:28:13.241212, 1620566893.2412128, 3.54, 0.6, 9.05, -0.02, -0.08, -0.01, 0.32, 0.39, 8.66, -0.04, -0.08, 0.01
2021-05-09 16:28:13.350907, 1620566893.3509073, 3.6, 0.66, 9.01, -0.01, -0.08, -0.01, 0.37, 0.37, 8.64, -0.04, -0.09, 0.01
2021-05-09 16:28:13.460340, 1620566893.46034, 3.57, 0.57, 9.05, -0.02, -0.06, 0.01, 0.38, 0.35, 8.66, -0.05, -0.08, 0.02
2021-05-09 16:28:13.570712, 1620566893.5707128, 3.59, 0.6, 9.04, -0.0, -0.07, 0.03, 0.4, 0.36, 8.69, -0.04, -0.09, 0.04
2021-05-09 16:28:13.679425, 1620566893.6794252, 3.61, 0.5, 9.05, -0.0, -0.08, 0.09, 0.47, 0.23, 8.69, -0.07, -0.09, 0.11
2021-05-09 16:28:13.789471, 1620566893.7894716, 3.72, 0.36, 8.99, -0.01, -0.09, 0.11, 0.58, 0.1, 8.67, -0.08, -0.1, 0.13
2021-05-09 16:28:13.899243, 1620566893.8992436, 3.64, 0.33, 9.0, -0.08, -0.07, -0.01, 0.46, -0.05, 8.62, -0.12, -0.08, 0.01
2021-05-09 16:28:14.008944, 1620566894.0089447, 3.63, 0.57, 9.06, -0.13, -0.08, -0.13, 0.49, 0.33, 8.71, -0.11, -0.09, -0.14
2021-05-09 16:28:14.118409, 1620566894.1184096, 3.69, 0.9, 8.89, -0.07, -0.06, -0.15, 0.41, 0.74, 8.5, -0.05, -0.06, -0.14
2021-05-09 16:28:14.228212, 1620566894.2282126, 3.39, 0.73, 9.11, -0.05, -0.02, -0.18, 0.23, 0.38, 8.7, -0.04, -0.02, -0.15
2021-05-09 16:28:14.337854, 1620566894.3378546, 3.48, 0.4, 9.08, -0.16, -0.08, -0.55, 0.3, -0.06, 8.68, -0.02, -0.09, -0.57
2021-05-09 16:28:14.447308, 1620566894.4473083, 3.7, 0.38, 9.57, -0.3, -0.12, -1.01, 0.48, -0.16, 9.4, -0.01, -0.12, -1.07
2021-05-09 16:28:14.556872, 1620566894.5568721, 3.54, 0.8, 8.6, -0.44, -0.1, -1.26, 0.31, 0.72, 8.07, -0.01, -0.12, -1.36
2021-05-09 16:28:14.666660, 1620566894.6666605, 3.52, 0.91, 9.09, -0.4, -0.1, -1.24, 0.23, 0.44, 8.7, -0.02, -0.1, -1.3
2021-05-09 16:28:14.776207, 1620566894.7762072, 3.39, 0.64, 8.97, -0.5, -0.09, -1.27, 0.2, 0.32, 8.54, -0.1, -0.12, -1.38
2021-05-09 16:28:14.885781, 1620566894.8857813, 3.53, 0.7, 9.05, -0.54, -0.1, -1.35, 0.22, 0.45, 8.67, -0.1, -0.1, -1.45
2021-05-09 16:28:14.995356, 1620566894.995356, 3.41, 0.83, 9.04, -0.53, -0.06, -1.36, 0.14, 0.6, 8.61, -0.09, -0.08, -1.44
2021-05-09 16:28:15.105133, 1620566895.1051333, 3.32, 0.92, 9.11, -0.5, -0.07, -1.29, 0.15, 0.62, 8.66, -0.1, -0.11, -1.38
2021-05-09 16:28:15.215004, 1620566895.2150042, 3.42, 0.94, 9.11, -0.49, -0.07, -1.21, 0.12, 0.7, 8.67, -0.1, -0.09, -1.3
2021-05-09 16:28:15.324279, 1620566895.324279, 3.15, 1.01, 9.0, -0.46, -0.12, -1.06, 0.09, 0.76, 8.52, -0.13, -0.09, -1.14
2021-05-09 16:28:15.434143, 1620566895.434143, 3.52, 0.77, 9.14, -0.4, -0.2, -0.86, 0.19, 0.53, 8.72, -0.11, -0.16, -0.94
2021-05-09 16:28:15.543641, 1620566895.5436413, 3.7, 0.91, 9.1, -0.29, -0.15, -0.62, 0.32, 0.84, 8.75, -0.09, -0.15, -0.64
2021-05-09 16:28:15.653467, 1620566895.653467, 3.88, 1.1, 9.07, -0.12, -0.12, -0.3, 0.51, 0.98, 8.79, -0.05, -0.13, -0.27
2021-05-09 16:28:15.762758, 1620566895.7627585, 3.87, 0.78, 8.88, -0.05, -0.05, 0.01, 0.48, 0.5, 8.6, -0.11, -0.07, 0.04
2021-05-09 16:28:15.872374, 1620566895.872374, 3.78, 0.77, 9.01, 0.0, -0.01, 0.09, 0.43, 0.59, 8.71, -0.07, 0.0, 0.12
2021-05-09 16:28:15.981247, 1620566895.9812472, 3.67, 0.54, 8.99, 0.07, -0.02, 0.21, 0.39, 0.27, 8.67, -0.06, 0.0, 0.25
2021-05-09 16:28:16.091828, 1620566896.0918279, 3.81, 0.55, 8.8, 0.14, 0.02, 0.37, 0.53, 0.29, 8.45, -0.03, -0.01, 0.42
2021-05-09 16:28:16.200502, 1620566896.200502, 3.63, 0.3, 9.02, 0.17, -0.02, 0.39, 0.55, -0.03, 8.72, -0.01, -0.02, 0.45
2021-05-09 16:28:16.310598, 1620566896.3105986, 3.94, 0.35, 8.93, 0.14, -0.08, 0.39, 0.56, -0.05, 8.63, -0.04, -0.1, 0.43
2021-05-09 16:28:16.419841, 1620566896.4198418, 3.79, 0.72, 9.04, 0.12, -0.03, 0.38, 0.51, 0.24, 8.77, -0.06, -0.07, 0.42
2021-05-09 16:28:16.529944, 1620566896.5299447, 3.61, 0.62, 9.09, 0.07, -0.01, 0.42, 0.45, 0.18, 8.77, -0.14, -0.08, 0.42
2021-05-09 16:28:16.639539, 1620566896.6395392, 3.74, 0.14, 8.84, -0.03, -0.03, 0.35, 0.59, -0.32, 8.51, -0.19, -0.14, 0.29
2021-05-09 16:28:16.749320, 1620566896.7493207, 3.66, 0.22, 9.13, -0.04, -0.01, 0.18, 0.63, -0.0, 8.79, -0.13, -0.1, 0.13
2021-05-09 16:28:16.858905, 1620566896.8589058, 3.71, 0.25, 8.91, -0.01, -0.05, 0.09, 0.74, -0.07, 8.55, -0.09, -0.12, 0.06
2021-05-09 16:28:16.968254, 1620566896.9682548, 3.69, 0.39, 8.95, -0.01, -0.03, 0.04, 0.66, -0.01, 8.56, -0.07, -0.05, 0.04
2021-05-09 16:28:17.077709, 1620566897.0777092, 3.5, 0.48, 9.06, -0.01, -0.04, 0.01, 0.57, 0.08, 8.68, -0.06, -0.03, 0.03
2021-05-09 16:28:17.187299, 1620566897.187299, 3.49, 0.55, 9.07, -0.01, -0.06, -0.0, 0.53, 0.1, 8.68, -0.06, -0.04, 0.02
2021-05-09 16:28:17.296854, 1620566897.2968545, 3.49, 0.57, 9.1, -0.02, -0.06, 0.01, 0.45, 0.14, 8.69, -0.06, -0.05, 0.04
2021-05-09 16:28:17.405762, 1620566897.4057622, 3.47, 0.53, 9.08, -0.02, -0.06, 0.0, 0.42, 0.09, 8.65, -0.06, -0.05, 0.03
2021-05-09 16:28:17.516004, 1620566897.5160046, 3.49, 0.53, 9.07, -0.04, -0.06, -0.03, 0.46, 0.07, 8.65, -0.06, -0.07, -0.01
2021-05-09 16:28:17.625664, 1620566897.625665, 3.48, 0.56, 9.07, -0.04, -0.05, -0.04, 0.45, 0.06, 8.66, -0.07, -0.06, -0.02
2021-05-09 16:28:17.735145, 1620566897.7351456, 3.42, 0.54, 9.09, -0.04, -0.05, -0.02, 0.43, 0.09, 8.65, -0.07, -0.06, -0.01
2021-05-09 16:28:17.844575, 1620566897.844575, 3.45, 0.55, 9.07, -0.02, -0.05, 0.0, 0.49, 0.06, 8.65, -0.06, -0.08, 0.02
2021-05-09 16:28:17.954155, 1620566897.9541552, 3.5, 0.53, 9.05, -0.02, -0.06, 0.04, 0.52, 0.08, 8.64, -0.07, -0.08, 0.06
2021-05-09 16:28:18.063719, 1620566898.0637197, 3.45, 0.52, 9.07, -0.01, -0.06, 0.08, 0.49, 0.09, 8.62, -0.06, -0.07, 0.09
2021-05-09 16:28:18.173296, 1620566898.173297, 3.44, 0.58, 9.09, 0.01, -0.05, 0.11, 0.49, 0.11, 8.66, -0.06, -0.06, 0.14
2021-05-09 16:28:18.282626, 1620566898.2826262, 3.43, 0.61, 9.08, 0.02, -0.07, 0.2, 0.47, 0.13, 8.63, -0.08, -0.07, 0.23
2021-05-09 16:28:18.392702, 1620566898.3927019, 3.4, 0.61, 9.13, 0.05, -0.07, 0.31, 0.46, 0.2, 8.69, -0.08, -0.06, 0.34
2021-05-09 16:28:18.502071, 1620566898.5020714, 3.42, 0.63, 9.1, 0.1, -0.1, 0.43, 0.47, 0.21, 8.67, -0.05, -0.1, 0.5
2021-05-09 16:28:18.611631, 1620566898.6116312, 3.51, 0.64, 9.1, 0.13, -0.08, 0.57, 0.48, 0.17, 8.72, -0.08, -0.09, 0.67
2021-05-09 16:28:18.721501, 1620566898.721501, 3.4, 0.44, 9.08, 0.18, -0.1, 0.71, 0.46, 0.03, 8.63, -0.08, -0.1, 0.8
2021-05-09 16:28:18.830888, 1620566898.8308883, 3.44, 0.37, 9.07, 0.22, -0.12, 0.8, 0.42, -0.06, 8.62, -0.08, -0.12, 0.89
2021-05-09 16:28:18.940349, 1620566898.9403496, 3.52, 0.31, 9.02, 0.26, -0.09, 0.91, 0.42, -0.07, 8.59, -0.07, -0.09, 1.0
2021-05-09 16:28:19.049956, 1620566899.049956, 3.47, 0.37, 9.09, 0.29, -0.06, 0.95, 0.42, -0.07, 8.69, -0.05, -0.09, 1.04
2021-05-09 16:28:19.159641, 1620566899.159641, 3.48, 0.29, 9.13, 0.25, -0.04, 0.88, 0.41, -0.2, 8.73, -0.06, -0.07, 0.96
2021-05-09 16:28:19.268657, 1620566899.2686574, 3.43, 0.08, 9.12, 0.23, -0.06, 0.77, 0.49, -0.4, 8.7, -0.04, -0.08, 0.83
2021-05-09 16:28:19.378352, 1620566899.3783522, 3.49, 0.16, 8.96, 0.17, -0.05, 0.57, 0.55, -0.33, 8.56, -0.03, -0.08, 0.64
2021-05-09 16:28:19.488575, 1620566899.488576, 3.52, 0.27, 8.99, 0.14, -0.05, 0.48, 0.53, -0.22, 8.58, -0.04, -0.05, 0.55
2021-05-09 16:28:19.597888, 1620566899.5978887, 3.5, 0.22, 8.99, 0.1, -0.02, 0.39, 0.52, -0.27, 8.59, -0.07, 0.0, 0.42
2021-05-09 16:28:19.707662, 1620566899.707662, 3.47, 0.44, 9.12, 0.08, 0.0, 0.33, 0.5, 0.09, 8.7, -0.06, 0.01, 0.35
2021-05-09 16:28:19.816510, 1620566899.8165102, 3.5, 0.61, 9.22, 0.13, -0.03, 0.33, 0.51, 0.27, 8.83, -0.01, -0.02, 0.37
2021-05-09 16:28:19.926574, 1620566899.926574, 3.38, 0.66, 9.21, 0.15, -0.04, 0.32, 0.34, 0.2, 8.78, 0.01, -0.03, 0.38
2021-05-09 16:28:20.036166, 1620566900.0361662, 3.34, 0.71, 9.16, 0.15, -0.06, 0.27, 0.3, 0.28, 8.68, 0.03, -0.05, 0.33
2021-05-09 16:28:20.145268, 1620566900.1452684, 3.32, 0.85, 9.11, 0.1, -0.06, 0.17, 0.18, 0.34, 8.66, 0.0, -0.05, 0.24
2021-05-09 16:28:20.255311, 1620566900.255312, 3.25, 0.95, 9.08, 0.07, -0.07, 0.15, 0.17, 0.59, 8.59, 0.0, -0.04, 0.2
2021-05-09 16:28:20.364391, 1620566900.3643909, 3.35, 0.79, 9.1, 0.06, -0.08, 0.14, 0.16, 0.27, 8.66, -0.02, -0.05, 0.17
2021-05-09 16:28:20.474471, 1620566900.4744716, 3.33, 0.68, 9.18, 0.01, -0.09, 0.03, 0.24, 0.16, 8.75, -0.03, -0.09, 0.06
2021-05-09 16:28:20.584317, 1620566900.5843174, 3.34, 0.66, 9.05, -0.05, -0.08, -0.02, 0.29, 0.28, 8.6, -0.06, -0.11, -0.02
2021-05-09 16:28:20.693852, 1620566900.6938527, 3.42, 0.74, 9.04, -0.05, -0.08, -0.0, 0.34, 0.34, 8.59, -0.07, -0.11, -0.0
2021-05-09 16:28:20.803193, 1620566900.803193, 3.4, 0.76, 9.12, -0.04, -0.07, 0.02, 0.39, 0.33, 8.73, -0.08, -0.11, 0.03
2021-05-09 16:28:20.912870, 1620566900.9128702, 3.49, 0.73, 9.02, -0.05, -0.07, 0.0, 0.43, 0.35, 8.6, -0.08, -0.11, 0.0
2021-05-09 16:28:21.021895, 1620566901.0218952, 3.44, 0.65, 9.06, -0.05, -0.05, -0.03, 0.45, 0.24, 8.63, -0.07, -0.08, -0.03
2021-05-09 16:28:21.132064, 1620566901.132065, 3.4, 0.75, 9.11, -0.06, -0.05, -0.09, 0.42, 0.34, 8.66, -0.05, -0.08, -0.08
2021-05-09 16:28:21.241790, 1620566901.241791, 3.37, 0.72, 9.13, -0.09, -0.08, -0.17, 0.43, 0.28, 8.67, -0.06, -0.09, -0.16
2021-05-09 16:28:21.351379, 1620566901.3513792, 3.39, 0.59, 9.13, -0.16, -0.08, -0.38, 0.46, 0.12, 8.68, -0.05, -0.12, -0.37
2021-05-09 16:28:21.460944, 1620566901.4609447, 3.4, 0.76, 9.06, -0.26, -0.08, -0.53, 0.53, 0.49, 8.66, -0.07, -0.13, -0.53
2021-05-09 16:28:21.570793, 1620566901.5707934, 3.43, 0.7, 9.09, -0.24, -0.07, -0.51, 0.6, 0.47, 8.65, -0.06, -0.14, -0.53
2021-05-09 16:28:21.680269, 1620566901.6802697, 3.42, 0.64, 9.1, -0.22, -0.06, -0.5, 0.67, 0.52, 8.66, -0.03, -0.13, -0.49
2021-05-09 16:28:21.789855, 1620566901.7898555, 3.37, 0.6, 9.12, -0.21, -0.06, -0.53, 0.71, 0.49, 8.69, 0.01, -0.15, -0.51
2021-05-09 16:28:21.899329, 1620566901.89933, 3.4, 0.66, 9.11, -0.23, -0.09, -0.54, 0.8, 0.73, 8.64, 0.02, -0.15, -0.53
2021-05-09 16:28:22.008903, 1620566902.0089033, 3.46, 0.64, 9.09, -0.22, -0.09, -0.45, 0.84, 0.83, 8.64, -0.01, -0.14, -0.42
2021-05-09 16:28:22.118738, 1620566902.1187384, 3.43, 0.53, 9.1, -0.26, -0.09, -0.47, 0.85, 0.77, 8.69, -0.02, -0.15, -0.44
2021-05-09 16:28:22.227786, 1620566902.2277863, 3.51, 0.58, 9.04, -0.25, -0.11, -0.4, 0.95, 1.07, 8.57, -0.05, -0.15, -0.36
2021-05-09 16:28:22.337850, 1620566902.33785, 3.57, 0.42, 9.05, -0.19, -0.08, -0.28, 1.0, 1.0, 8.6, -0.09, -0.11, -0.26
2021-05-09 16:28:22.447688, 1620566902.4476883, 3.59, 0.3, 9.02, -0.14, -0.08, -0.16, 1.03, 0.96, 8.6, -0.09, -0.1, -0.15
2021-05-09 16:28:22.557360, 1620566902.5573604, 3.59, 0.27, 9.05, -0.11, -0.07, -0.12, 1.06, 0.93, 8.63, -0.06, -0.1, -0.1
2021-05-09 16:28:22.666863, 1620566902.6668634, 3.63, 0.25, 9.02, -0.1, -0.08, -0.06, 1.08, 0.98, 8.6, -0.07, -0.08, -0.06
2021-05-09 16:28:22.776300, 1620566902.7763, 3.64, 0.16, 9.01, -0.05, -0.07, -0.0, 1.08, 0.94, 8.61, -0.07, -0.07, -0.0
2021-05-09 16:28:22.885728, 1620566902.8857284, 3.66, 0.15, 9.0, -0.02, -0.06, 0.02, 1.11, 0.87, 8.6, -0.05, -0.06, 0.03
2021-05-09 16:28:22.995312, 1620566902.995313, 3.64, 0.17, 9.02, -0.01, -0.05, 0.05, 1.07, 0.91, 8.63, -0.06, -0.04, 0.05
2021-05-09 16:28:23.105058, 1620566903.105059, 3.61, 0.2, 9.04, -0.0, -0.05, 0.05, 1.05, 0.91, 8.64, -0.05, -0.05, 0.06
2021-05-09 16:28:23.214866, 1620566903.2148664, 3.59, 0.23, 9.02, 0.01, -0.04, 0.08, 1.05, 0.97, 8.61, -0.05, -0.05, 0.09
2021-05-09 16:28:23.323992, 1620566903.3239923, 3.59, 0.23, 9.05, 0.02, -0.03, 0.11, 1.03, 0.97, 8.61, -0.06, -0.04, 0.12
2021-05-09 16:28:23.433600, 1620566903.4336007, 3.56, 0.27, 9.02, 0.04, -0.02, 0.17, 1.01, 1.01, 8.59, -0.05, -0.02, 0.17
2021-05-09 16:28:23.543176, 1620566903.5431767, 3.48, 0.43, 9.08, 0.08, -0.02, 0.34, 0.97, 1.17, 8.57, -0.06, 0.03, 0.33
2021-05-09 16:28:23.652868, 1620566903.652868, 3.34, 0.21, 9.12, 0.17, -0.03, 0.51, 0.82, 0.95, 8.64, -0.04, 0.06, 0.5
2021-05-09 16:28:23.760775, 1620566903.7607753, 3.34, 0.47, 9.13, 0.18, -0.03, 0.49, 0.71, 1.08, 8.62, -0.04, 0.05, 0.5
2021-05-09 16:28:23.870448, 1620566903.8704484, 3.21, 0.46, 9.21, 0.22, -0.03, 0.62, 0.66, 1.09, 8.65, -0.05, 0.05, 0.62
2021-05-09 16:28:23.980339, 1620566903.9803395, 3.31, 0.35, 9.12, 0.27, -0.07, 0.65, 0.59, 0.85, 8.63, -0.04, 0.01, 0.69
2021-05-09 16:28:24.089561, 1620566904.089561, 3.3, 0.46, 9.12, 0.22, -0.05, 0.55, 0.57, 0.78, 8.63, -0.07, 0.01, 0.59
2021-05-09 16:28:24.199147, 1620566904.1991475, 3.25, 0.51, 9.15, 0.12, -0.05, 0.4, 0.55, 0.69, 8.65, -0.11, -0.01, 0.41
2021-05-09 16:28:24.310399, 1620566904.3103993, 3.25, 0.52, 9.19, 0.16, -0.11, 0.41, 0.6, 0.83, 8.66, -0.13, -0.07, 0.41
2021-05-09 16:28:24.416726, 1620566904.416726, 3.37, 0.53, 9.1, 0.11, -0.09, 0.3, 0.52, 0.46, 8.65, -0.07, -0.04, 0.33
2021-05-09 16:28:24.527361, 1620566904.527361, 3.36, 0.53, 9.14, -0.02, -0.07, 0.11, 0.56, 0.5, 8.69, -0.07, -0.04, 0.11
2021-05-09 16:28:24.639144, 1620566904.6391447, 3.39, 0.64, 9.12, -0.03, -0.07, -0.01, 0.57, 0.69, 8.63, -0.06, -0.05, 0.01
2021-05-09 16:28:24.748725, 1620566904.7487257, 3.37, 0.64, 9.11, -0.05, -0.06, -0.04, 0.53, 0.68, 8.64, -0.07, -0.04, -0.03
2021-05-09 16:28:24.858285, 1620566904.858286, 3.37, 0.69, 9.12, -0.04, -0.07, -0.03, 0.51, 0.75, 8.63, -0.06, -0.05, -0.03
2021-05-09 16:28:24.967878, 1620566904.9678783, 3.38, 0.74, 9.12, -0.03, -0.07, 0.03, 0.51, 0.82, 8.65, -0.07, -0.05, 0.04
2021-05-09 16:28:25.077476, 1620566905.0774765, 3.4, 0.73, 9.1, 0.0, -0.08, 0.14, 0.51, 0.85, 8.63, -0.07, -0.05, 0.15
2021-05-09 16:28:25.187046, 1620566905.187046, 3.43, 0.74, 9.09, 0.04, -0.09, 0.23, 0.52, 0.84, 8.65, -0.07, -0.07, 0.24
2021-05-09 16:28:25.296626, 1620566905.296626, 3.47, 0.74, 9.07, 0.1, -0.08, 0.34, 0.57, 0.81, 8.63, -0.07, -0.1, 0.34
2021-05-09 16:28:25.406193, 1620566905.4061935, 3.5, 0.74, 9.08, 0.14, -0.09, 0.42, 0.59, 0.73, 8.63, -0.09, -0.1, 0.41
2021-05-09 16:28:25.515239, 1620566905.5152392, 3.52, 0.73, 9.05, 0.17, -0.1, 0.47, 0.64, 0.67, 8.63, -0.09, -0.08, 0.47
2021-05-09 16:28:25.625433, 1620566905.6254337, 3.58, 0.74, 9.03, 0.18, -0.07, 0.44, 0.65, 0.6, 8.62, -0.08, -0.07, 0.44
2021-05-09 16:28:25.735137, 1620566905.7351372, 3.57, 0.84, 9.08, 0.19, -0.06, 0.41, 0.65, 0.56, 8.67, -0.07, -0.05, 0.41
2021-05-09 16:28:25.844611, 1620566905.8446112, 3.59, 0.93, 9.01, 0.2, -0.04, 0.41, 0.71, 0.57, 8.67, -0.07, -0.05, 0.4
2021-05-09 16:28:25.954117, 1620566905.9541178, 3.56, 1.09, 9.03, 0.19, -0.03, 0.41, 0.64, 0.61, 8.66, -0.06, -0.06, 0.38
2021-05-09 16:28:26.063672, 1620566906.0636728, 3.56, 1.19, 9.04, 0.18, -0.05, 0.45, 0.65, 0.5, 8.68, -0.11, -0.08, 0.43
2021-05-09 16:28:26.173248, 1620566906.1732485, 3.54, 0.97, 9.05, 0.14, -0.04, 0.38, 0.63, 0.23, 8.65, -0.11, -0.07, 0.34
2021-05-09 16:28:26.282889, 1620566906.2828891, 3.57, 1.03, 9.0, 0.06, -0.04, 0.2, 0.72, 0.18, 8.63, -0.09, -0.08, 0.18
2021-05-09 16:28:26.391884, 1620566906.3918843, 3.58, 1.08, 9.03, -0.02, -0.04, 0.06, 0.72, 0.19, 8.63, -0.1, -0.07, 0.06
2021-05-09 16:28:26.502360, 1620566906.5023603, 3.57, 1.06, 9.06, -0.08, -0.04, -0.05, 0.69, 0.17, 8.68, -0.1, -0.06, -0.04
2021-05-09 16:28:26.612203, 1620566906.6122034, 3.51, 1.12, 9.08, -0.17, -0.06, -0.16, 0.68, 0.2, 8.73, -0.14, -0.06, -0.15
2021-05-09 16:28:26.721501, 1620566906.7215016, 3.59, 0.72, 9.03, -0.22, -0.06, -0.3, 0.69, -0.12, 8.62, -0.14, -0.06, -0.28
2021-05-09 16:28:26.831492, 1620566906.8314922, 3.51, 0.81, 9.01, -0.28, -0.04, -0.52, 0.69, -0.08, 8.62, -0.12, -0.01, -0.47
2021-05-09 16:28:26.940733, 1620566906.940733, 3.45, 0.78, 9.09, -0.37, -0.03, -0.6, 0.55, -0.03, 8.68, -0.18, -0.02, -0.58
2021-05-09 16:28:27.046636, 1620566907.0466363, 3.39, 0.53, 9.06, -0.37, -0.01, -0.71, 0.53, -0.26, 8.63, -0.14, -0.03, -0.67
2021-05-09 16:28:27.159394, 1620566907.1593945, 3.35, 0.51, 9.11, -0.36, 0.0, -0.71, 0.51, -0.16, 8.67, -0.12, -0.03, -0.67
2021-05-09 16:28:27.269629, 1620566907.2696295, 3.24, 0.48, 9.14, -0.34, 0.0, -0.63, 0.53, -0.1, 8.67, -0.13, -0.04, -0.6
2021-05-09 16:28:27.377301, 1620566907.377301, 3.2, 0.39, 9.16, -0.36, 0.04, -0.54, 0.51, -0.06, 8.65, -0.16, -0.01, -0.56
2021-05-09 16:28:27.487146, 1620566907.4871464, 3.09, 0.31, 9.2, -0.19, -0.0, -0.33, 0.51, 0.06, 8.69, -0.08, -0.01, -0.3
2021-05-09 16:28:27.598643, 1620566907.5986438, 3.11, 0.26, 9.17, -0.07, -0.04, -0.17, 0.5, -0.1, 8.63, -0.05, -0.02, -0.12
2021-05-09 16:28:27.707864, 1620566907.7078643, 3.07, 0.31, 9.22, -0.0, -0.04, -0.03, 0.4, -0.09, 8.67, -0.04, -0.01, 0.02
2021-05-09 16:28:27.817386, 1620566907.8173864, 3.08, 0.23, 9.2, 0.04, -0.05, 0.04, 0.37, -0.23, 8.65, -0.03, -0.02, 0.09
2021-05-09 16:28:27.927012, 1620566907.9270127, 3.1, 0.23, 9.17, 0.03, -0.05, 0.04, 0.33, -0.25, 8.66, -0.03, -0.03, 0.08
2021-05-09 16:28:28.036692, 1620566908.0366921, 3.01, 0.36, 9.22, 0.02, -0.06, 0.01, 0.26, -0.16, 8.66, -0.03, -0.03, 0.04
2021-05-09 16:28:28.146167, 1620566908.1461675, 3.05, 0.35, 9.21, 0.0, -0.07, -0.01, 0.25, -0.18, 8.67, -0.03, -0.05, 0.01
2021-05-09 16:28:28.255854, 1620566908.2558541, 3.03, 0.42, 9.22, 0.0, -0.07, -0.02, 0.22, -0.1, 8.65, -0.03, -0.05, 0.0
2021-05-09 16:28:28.365448, 1620566908.3654485, 3.06, 0.45, 9.2, 0.0, -0.07, -0.01, 0.22, -0.06, 8.65, -0.04, -0.06, 0.01
2021-05-09 16:28:28.475021, 1620566908.4750216, 3.02, 0.52, 9.23, -0.01, -0.07, -0.01, 0.18, -0.05, 8.68, -0.05, -0.06, 0.02
2021-05-09 16:28:28.584274, 1620566908.5842743, 3.04, 0.54, 9.23, -0.02, -0.08, 0.01, 0.19, -0.02, 8.69, -0.06, -0.06, 0.04
2021-05-09 16:28:28.693890, 1620566908.69389, 3.13, 0.52, 9.19, -0.03, -0.08, -0.0, 0.22, -0.06, 8.66, -0.06, -0.08, 0.02
2021-05-09 16:28:28.803682, 1620566908.8036823, 3.14, 0.54, 9.17, -0.04, -0.07, 0.0, 0.28, -0.02, 8.64, -0.07, -0.08, 0.01
2021-05-09 16:28:28.913069, 1620566908.913069, 3.13, 0.54, 9.2, -0.03, -0.07, 0.02, 0.26, 0.03, 8.67, -0.06, -0.08, 0.01
2021-05-09 16:28:29.022731, 1620566909.0227315, 3.14, 0.51, 9.17, -0.03, -0.05, 0.02, 0.26, -0.04, 8.64, -0.07, -0.07, 0.02
2021-05-09 16:28:29.132564, 1620566909.1325645, 3.08, 0.46, 9.22, -0.03, -0.04, 0.0, 0.25, -0.09, 8.67, -0.06, -0.07, 0.0
2021-05-09 16:28:29.241573, 1620566909.2415733, 3.06, 0.45, 9.22, -0.03, -0.05, -0.01, 0.26, -0.04, 8.67, -0.05, -0.07, -0.0
2021-05-09 16:28:29.351311, 1620566909.3513114, 3.1, 0.48, 9.19, -0.03, -0.08, -0.01, 0.31, -0.03, 8.65, -0.05, -0.07, 0.01
2021-05-09 16:28:29.461048, 1620566909.4610486, 3.17, 0.53, 9.18, -0.01, -0.07, 0.0, 0.34, -0.01, 8.66, -0.04, -0.07, 0.02
2021-05-09 16:28:29.570426, 1620566909.5704262, 3.12, 0.54, 9.2, -0.02, -0.08, -0.0, 0.29, 0.01, 8.65, -0.05, -0.08, 0.01
2021-05-09 16:28:29.679941, 1620566909.6799414, 3.14, 0.53, 9.18, -0.03, -0.09, -0.01, 0.32, 0.03, 8.66, -0.05, -0.08, 0.0
2021-05-09 16:28:29.789747, 1620566909.7897472, 3.21, 0.6, 9.16, -0.03, -0.08, -0.02, 0.33, 0.08, 8.62, -0.06, -0.07, 0.01
2021-05-09 16:28:29.899289, 1620566909.8992896, 3.15, 0.58, 9.18, -0.04, -0.09, -0.01, 0.32, 0.06, 8.69, -0.07, -0.08, -0.01
2021-05-09 16:28:30.008851, 1620566910.0088513, 3.14, 0.52, 9.16, -0.04, -0.1, -0.03, 0.29, 0.03, 8.66, -0.06, -0.09, 0.02
2021-05-09 16:28:30.118603, 1620566910.118603, 3.23, 0.42, 9.15, -0.05, -0.12, -0.06, 0.31, -0.1, 8.62, -0.06, -0.1, -0.02
2021-05-09 16:28:30.228157, 1620566910.2281573, 3.28, 0.47, 9.08, -0.05, -0.1, -0.13, 0.28, -0.08, 8.57, -0.03, -0.08, -0.11
2021-05-09 16:28:30.337416, 1620566910.3374162, 3.25, 0.58, 9.08, -0.05, -0.05, -0.11, 0.32, 0.11, 8.59, -0.04, -0.05, -0.11
2021-05-09 16:28:30.446440, 1620566910.44644, 3.27, 0.54, 9.11, -0.03, -0.04, -0.09, 0.35, 0.07, 8.6, -0.05, -0.04, -0.06
2021-05-09 16:28:30.556588, 1620566910.556588, 3.24, 0.57, 9.19, -0.03, 0.01, -0.07, 0.21, 0.08, 8.69, -0.06, 0.01, -0.06
2021-05-09 16:28:30.665598, 1620566910.6655982, 3.15, 0.72, 9.25, -0.04, 0.01, -0.08, 0.22, 0.25, 8.76, -0.06, 0.01, -0.06
2021-05-09 16:28:30.775719, 1620566910.7757196, 3.23, 0.73, 9.17, -0.04, -0.03, -0.03, 0.35, 0.23, 8.69, -0.07, -0.04, -0.01
2021-05-09 16:28:30.885512, 1620566910.885512, 3.19, 0.69, 9.15, -0.03, -0.04, 0.0, 0.28, 0.16, 8.66, -0.07, -0.05, 0.02
2021-05-09 16:28:30.994889, 1620566910.9948897, 3.18, 0.63, 9.16, -0.03, -0.07, -0.01, 0.26, 0.14, 8.64, -0.06, -0.09, 0.01
2021-05-09 16:28:31.104757, 1620566911.1047573, 3.22, 0.64, 9.22, -0.02, -0.08, -0.04, 0.25, 0.1, 8.7, -0.03, -0.1, -0.04
2021-05-09 16:28:31.214039, 1620566911.2140396, 3.21, 0.71, 9.15, -0.03, -0.07, -0.08, 0.27, 0.21, 8.63, -0.04, -0.07, -0.07
2021-05-09 16:28:31.322985, 1620566911.3239844, 3.27, 0.77, 9.11, -0.04, -0.06, -0.08, 0.33, 0.26, 8.62, -0.05, -0.06, -0.05
2021-05-09 16:28:31.433364, 1620566911.4333644, 3.18, 0.78, 9.14, -0.04, -0.04, -0.05, 0.25, 0.23, 8.66, -0.06, -0.04, -0.04
2021-05-09 16:28:31.542840, 1620566911.5428405, 3.14, 0.69, 9.21, -0.05, -0.06, -0.04, 0.23, 0.22, 8.69, -0.07, -0.06, -0.02
2021-05-09 16:28:31.652622, 1620566911.6526227, 3.11, 0.55, 9.14, -0.02, -0.1, -0.05, 0.25, 0.07, 8.61, -0.03, -0.07, -0.0
2021-05-09 16:28:31.761942, 1620566911.761942, 3.12, 0.46, 9.16, 0.04, -0.14, -0.16, 0.14, 0.05, 8.62, 0.06, -0.12, -0.08
2021-05-09 16:28:31.871726, 1620566911.8717265, 3.2, 0.91, 9.2, 0.02, -0.09, -0.26, 0.14, 0.27, 8.69, 0.06, -0.09, -0.21
2021-05-09 16:28:31.981109, 1620566911.98111, 3.22, 1.22, 9.17, -0.03, -0.08, -0.26, 0.15, 0.55, 8.67, 0.01, -0.07, -0.23
