human_time, computer_time, x_acc_1, y_acc_1, z_acc_1, x_gyro_1, y_gyro_1, z_gyro_1, x_acc_2, y_acc_2, z_acc_2, x_gyro_2, y_gyro_2, z_gyro_2
2021-05-09 16:32:29.536972, 1620567149.5369725, 3.13, 0.93, 8.75, -0.01, -0.02, -0.02, 0.28, 0.59, 8.31, -0.04, -0.04, 0.0
2021-05-09 16:32:29.646413, 1620567149.646413, 3.2, 0.93, 9.12, -0.02, -0.01, -0.01, 0.17, 0.64, 8.62, -0.06, -0.04, 0.01
2021-05-09 16:32:29.756156, 1620567149.756157, 3.11, 1.09, 9.12, 0.02, -0.06, 0.01, 0.12, 0.65, 8.57, -0.06, -0.01, 0.01
2021-05-09 16:32:29.865745, 1620567149.865745, 3.18, 0.95, 9.17, -0.0, -0.03, 0.0, 0.08, 0.51, 8.68, -0.06, -0.02, 0.03
2021-05-09 16:32:29.975148, 1620567149.975148, 3.12, 0.95, 9.21, -0.05, -0.02, -0.05, 0.05, 0.57, 8.68, -0.07, -0.04, -0.02
2021-05-09 16:32:30.085060, 1620567150.0850604, 3.08, 0.99, 9.18, -0.04, -0.02, -0.03, 0.05, 0.62, 8.63, -0.06, -0.05, -0.01
2021-05-09 16:32:30.194706, 1620567150.1947062, 3.0, 1.0, 9.23, -0.04, -0.06, -0.02, 0.01, 0.6, 8.66, -0.06, -0.06, -0.0
2021-05-09 16:32:30.304046, 1620567150.3040462, 3.01, 0.97, 9.21, -0.05, -0.06, -0.03, 0.02, 0.57, 8.66, -0.07, -0.07, -0.01
2021-05-09 16:32:30.413745, 1620567150.4137454, 3.06, 1.01, 9.16, -0.03, -0.07, -0.03, 0.04, 0.59, 8.65, -0.05, -0.07, -0.0
2021-05-09 16:32:30.523370, 1620567150.5233705, 3.09, 0.99, 9.23, -0.04, -0.13, -0.0, 0.15, 0.6, 8.68, -0.05, -0.08, -0.0
2021-05-09 16:32:30.631780, 1620567150.6317801, 3.1, 1.06, 9.15, -0.03, -0.05, -0.0, 0.0, 0.65, 8.64, -0.06, -0.05, 0.01
2021-05-09 16:32:30.742365, 1620567150.742365, 3.11, 1.02, 9.19, -0.05, -0.04, -0.02, -0.02, 0.62, 8.66, -0.08, -0.05, -0.0
2021-05-09 16:32:30.851763, 1620567150.8517632, 3.1, 0.95, 9.16, -0.05, -0.08, -0.02, 0.1, 0.56, 8.65, -0.07, -0.06, -0.02
2021-05-09 16:32:30.961629, 1620567150.9616299, 3.14, 0.92, 9.15, -0.03, -0.08, -0.02, -0.05, 0.57, 8.67, -0.06, -0.05, -0.01
2021-05-09 16:32:31.071142, 1620567151.0711427, 3.13, 0.99, 9.21, -0.04, -0.07, -0.03, 0.02, 0.62, 8.68, -0.06, -0.06, -0.01
2021-05-09 16:32:31.180564, 1620567151.1805642, 3.21, 1.0, 9.13, -0.04, -0.1, -0.03, 0.0, 0.59, 8.61, -0.06, -0.09, -0.02
2021-05-09 16:32:31.290332, 1620567151.2903326, 3.2, 1.01, 9.13, -0.05, -0.08, -0.03, 0.06, 0.62, 8.63, -0.07, -0.08, -0.02
2021-05-09 16:32:31.399546, 1620567151.3995469, 3.24, 0.89, 9.16, -0.02, -0.07, -0.01, 0.08, 0.55, 8.64, -0.06, -0.09, -0.0
2021-05-09 16:32:31.509156, 1620567151.509156, 3.26, 0.98, 9.14, -0.02, -0.08, -0.01, 0.02, 0.61, 8.65, -0.05, -0.06, 0.01
2021-05-09 16:32:31.618849, 1620567151.6188495, 3.2, 0.98, 9.14, -0.03, -0.05, -0.01, 0.02, 0.57, 8.66, -0.06, -0.08, -0.0
2021-05-09 16:32:31.728562, 1620567151.7285619, 3.17, 0.97, 9.2, -0.07, -0.06, -0.04, 0.07, 0.56, 8.72, -0.09, -0.09, -0.04
2021-05-09 16:32:31.838135, 1620567151.8381352, 3.21, 0.95, 9.14, -0.08, -0.06, -0.04, 0.12, 0.57, 8.64, -0.08, -0.1, -0.05
2021-05-09 16:32:31.947562, 1620567151.947562, 3.21, 0.93, 9.15, -0.07, -0.07, -0.04, 0.14, 0.56, 8.65, -0.07, -0.11, -0.04
2021-05-09 16:32:32.057084, 1620567152.057084, 3.2, 0.93, 9.12, -0.07, -0.07, -0.03, 0.17, 0.57, 8.64, -0.07, -0.1, -0.04
2021-05-09 16:32:32.166068, 1620567152.1660688, 3.22, 0.87, 9.11, -0.05, -0.07, -0.02, 0.23, 0.58, 8.62, -0.07, -0.09, -0.01
2021-05-09 16:32:32.276200, 1620567152.2762003, 3.17, 0.87, 9.12, -0.04, -0.05, -0.03, 0.2, 0.57, 8.62, -0.06, -0.09, 0.0
2021-05-09 16:32:32.385925, 1620567152.385925, 3.23, 0.89, 9.15, -0.04, -0.06, -0.02, 0.26, 0.54, 8.62, -0.07, -0.08, 0.0
2021-05-09 16:32:32.495467, 1620567152.4954672, 3.21, 0.93, 9.18, -0.03, -0.08, -0.02, 0.28, 0.58, 8.66, -0.05, -0.06, -0.0
2021-05-09 16:32:32.605279, 1620567152.6052794, 3.23, 0.89, 9.14, -0.04, -0.08, -0.01, 0.28, 0.55, 8.65, -0.07, -0.08, -0.0
2021-05-09 16:32:32.714970, 1620567152.7149704, 3.2, 0.86, 9.16, -0.05, -0.07, -0.02, 0.26, 0.55, 8.66, -0.07, -0.07, -0.01
2021-05-09 16:32:32.823498, 1620567152.8234982, 3.19, 0.91, 9.13, -0.05, -0.08, -0.02, 0.23, 0.57, 8.68, -0.07, -0.08, -0.01
2021-05-09 16:32:32.934254, 1620567152.934255, 3.23, 0.85, 9.13, -0.05, -0.08, -0.03, 0.27, 0.54, 8.62, -0.07, -0.07, -0.02
2021-05-09 16:32:33.043607, 1620567153.0436077, 3.34, 0.88, 9.14, -0.05, -0.08, -0.03, 0.35, 0.54, 8.65, -0.07, -0.07, -0.03
2021-05-09 16:32:33.153007, 1620567153.153007, 3.25, 0.87, 9.15, -0.04, -0.07, -0.02, 0.24, 0.52, 8.7, -0.07, -0.07, -0.02
2021-05-09 16:32:33.262629, 1620567153.2626293, 3.29, 0.85, 9.15, -0.04, -0.06, -0.04, 0.26, 0.56, 8.68, -0.06, -0.06, -0.03
2021-05-09 16:32:33.372149, 1620567153.3721497, 3.15, 0.86, 9.21, -0.09, -0.06, -0.06, 0.17, 0.44, 8.75, -0.09, -0.11, -0.03
2021-05-09 16:32:33.481374, 1620567153.4813745, 3.34, 0.82, 9.09, -0.1, -0.07, -0.06, 0.37, 0.57, 8.6, -0.09, -0.11, -0.06
2021-05-09 16:32:33.591643, 1620567153.5916433, 3.4, 0.79, 9.07, -0.06, -0.06, -0.0, 0.41, 0.5, 8.62, -0.08, -0.06, -0.01
2021-05-09 16:32:33.700579, 1620567153.70058, 3.22, 0.8, 9.11, -0.06, 0.04, 0.0, 0.29, 0.45, 8.66, -0.09, -0.03, 0.01
2021-05-09 16:32:33.810745, 1620567153.8107457, 3.17, 0.67, 9.11, -0.09, 0.05, -0.0, 0.27, 0.48, 8.57, -0.11, -0.02, -0.02
2021-05-09 16:32:33.919838, 1620567153.9198382, 2.99, 0.6, 9.23, -0.02, 0.01, -0.01, 0.27, 0.37, 8.65, -0.06, -0.01, 0.01
2021-05-09 16:32:34.028960, 1620567154.0289605, 2.97, 0.63, 9.27, -0.04, -0.05, -0.06, 0.2, 0.39, 8.71, -0.06, -0.04, -0.04
2021-05-09 16:32:34.139393, 1620567154.1393933, 3.04, 0.75, 9.19, -0.06, -0.05, -0.1, 0.2, 0.52, 8.62, -0.03, -0.04, -0.07
2021-05-09 16:32:34.248719, 1620567154.24872, 2.93, 0.72, 9.21, -0.04, -0.04, -0.03, 0.12, 0.46, 8.63, -0.04, -0.01, -0.02
2021-05-09 16:32:34.358484, 1620567154.3584843, 2.93, 0.76, 9.25, -0.03, -0.05, -0.01, 0.09, 0.53, 8.66, -0.05, -0.02, 0.0
2021-05-09 16:32:34.467792, 1620567154.467792, 2.94, 0.74, 9.26, -0.04, -0.04, 0.02, 0.04, 0.51, 8.67, -0.06, -0.02, 0.02
2021-05-09 16:32:34.577356, 1620567154.5773563, 2.93, 0.68, 9.31, -0.04, -0.07, 0.03, 0.04, 0.51, 8.7, -0.08, -0.07, 0.03
2021-05-09 16:32:34.686402, 1620567154.6864028, 3.01, 0.6, 9.2, -0.04, -0.07, 0.01, 0.09, 0.41, 8.62, -0.08, -0.08, 0.01
2021-05-09 16:32:34.796521, 1620567154.7965217, 2.92, 0.61, 9.29, -0.04, -0.08, -0.0, 0.09, 0.42, 8.7, -0.07, -0.1, 0.01
2021-05-09 16:32:34.905472, 1620567154.9064698, 3.01, 0.61, 9.19, -0.05, -0.08, -0.01, 0.13, 0.37, 8.65, -0.07, -0.11, -0.01
2021-05-09 16:32:35.015120, 1620567155.01512, 3.0, 0.6, 9.23, -0.05, -0.07, -0.02, 0.16, 0.39, 8.66, -0.08, -0.1, -0.03
2021-05-09 16:32:35.125387, 1620567155.1253874, 3.04, 0.58, 9.22, -0.05, -0.08, -0.03, 0.2, 0.38, 8.66, -0.07, -0.11, -0.03
2021-05-09 16:32:35.234975, 1620567155.2349753, 3.08, 0.6, 9.21, -0.04, -0.09, -0.0, 0.29, 0.39, 8.66, -0.07, -0.1, 0.01
2021-05-09 16:32:35.344572, 1620567155.3445728, 3.1, 0.52, 9.15, -0.04, -0.07, 0.0, 0.31, 0.34, 8.62, -0.07, -0.09, 0.01
2021-05-09 16:32:35.454379, 1620567155.4543793, 3.11, 0.52, 9.18, -0.04, -0.05, -0.02, 0.33, 0.26, 8.64, -0.07, -0.07, -0.01
2021-05-09 16:32:35.563956, 1620567155.563957, 3.04, 0.53, 9.22, -0.06, -0.08, -0.07, 0.26, 0.26, 8.64, -0.07, -0.08, -0.06
2021-05-09 16:32:35.673526, 1620567155.673526, 3.02, 0.58, 9.19, -0.07, -0.07, -0.1, 0.24, 0.44, 8.66, -0.07, -0.07, -0.08
2021-05-09 16:32:35.782779, 1620567155.7827792, 3.06, 0.64, 9.23, -0.04, -0.08, 0.01, 0.34, 0.47, 8.69, -0.08, -0.1, 0.01
2021-05-09 16:32:35.891690, 1620567155.892689, 3.16, 0.65, 9.17, -0.01, -0.08, 0.02, 0.35, 0.43, 8.65, -0.05, -0.07, 0.04
2021-05-09 16:32:36.001344, 1620567156.0013444, 3.16, 0.54, 9.16, -0.02, -0.07, -0.03, 0.4, 0.31, 8.65, -0.05, -0.08, -0.01
2021-05-09 16:32:36.111759, 1620567156.1117597, 3.21, 0.73, 9.22, -0.02, -0.08, -0.09, 0.38, 0.52, 8.73, -0.02, -0.06, -0.07
2021-05-09 16:32:36.221342, 1620567156.2213423, 3.16, 0.74, 9.19, -0.05, -0.1, -0.09, 0.39, 0.49, 8.69, -0.05, -0.11, -0.09
2021-05-09 16:32:36.330742, 1620567156.3307424, 3.34, 0.64, 9.12, -0.05, -0.09, -0.09, 0.5, 0.48, 8.66, -0.05, -0.09, -0.08
2021-05-09 16:32:36.440479, 1620567156.4404793, 3.24, 0.75, 9.1, -0.02, -0.09, -0.04, 0.44, 0.54, 8.59, -0.04, -0.09, -0.02
2021-05-09 16:32:36.549364, 1620567156.5493648, 3.29, 0.76, 9.13, -0.03, -0.08, -0.01, 0.46, 0.55, 8.67, -0.06, -0.06, 0.01
2021-05-09 16:32:36.659627, 1620567156.6596272, 3.32, 0.67, 9.09, -0.05, -0.07, -0.01, 0.48, 0.44, 8.62, -0.07, -0.06, -0.01
2021-05-09 16:32:36.769200, 1620567156.7692, 3.4, 0.7, 9.11, -0.06, -0.07, -0.03, 0.47, 0.53, 8.62, -0.08, -0.06, -0.02
2021-05-09 16:32:36.879038, 1620567156.8790388, 3.36, 0.72, 9.1, 0.0, 0.01, 0.01, 0.39, 0.62, 8.61, -0.05, 0.01, 0.01
2021-05-09 16:32:36.988213, 1620567156.988213, 3.18, 0.74, 9.17, 0.05, 0.02, 0.04, 0.35, 0.46, 8.67, -0.0, -0.0, 0.07
2021-05-09 16:32:37.097696, 1620567157.0976965, 3.14, 0.76, 9.17, 0.0, -0.0, 0.05, 0.31, 0.57, 8.65, -0.05, -0.03, 0.06
2021-05-09 16:32:37.207383, 1620567157.2073834, 3.04, 0.86, 9.2, -0.0, -0.01, 0.01, 0.26, 0.58, 8.66, -0.04, -0.04, 0.04
2021-05-09 16:32:37.316847, 1620567157.3168476, 2.97, 0.84, 9.29, -0.04, -0.01, -0.01, 0.2, 0.58, 8.72, -0.07, -0.08, -0.01
2021-05-09 16:32:37.426518, 1620567157.4265187, 3.02, 0.84, 9.2, -0.05, -0.05, -0.01, 0.29, 0.66, 8.61, -0.07, -0.09, -0.01
2021-05-09 16:32:37.536210, 1620567157.5362105, 2.97, 0.83, 9.26, -0.04, -0.07, 0.01, 0.29, 0.61, 8.67, -0.07, -0.08, 0.01
2021-05-09 16:32:37.642626, 1620567157.6426265, 2.99, 0.81, 9.21, -0.04, -0.11, 0.0, 0.35, 0.6, 8.64, -0.06, -0.09, 0.04
2021-05-09 16:32:37.753541, 1620567157.7535415, 3.09, 0.82, 9.2, -0.04, -0.1, 0.03, 0.34, 0.55, 8.68, -0.07, -0.08, 0.04
2021-05-09 16:32:37.863116, 1620567157.8631163, 3.13, 0.8, 9.17, -0.04, -0.08, 0.04, 0.35, 0.61, 8.63, -0.08, -0.06, 0.03
2021-05-09 16:32:37.974103, 1620567157.9741037, 3.01, 0.81, 9.21, -0.04, -0.05, 0.02, 0.31, 0.51, 8.68, -0.07, -0.07, 0.01
2021-05-09 16:32:38.083907, 1620567158.0839076, 3.0, 0.81, 9.19, -0.05, -0.06, 0.02, 0.3, 0.6, 8.65, -0.1, -0.09, 0.07
2021-05-09 16:32:38.191774, 1620567158.1917746, 2.96, 0.76, 9.35, -0.04, -0.16, 0.01, 0.36, 0.52, 8.75, -0.08, -0.1, 0.03
2021-05-09 16:32:38.301375, 1620567158.3013752, 3.37, 0.78, 9.05, 0.03, -0.11, 0.05, 0.42, 0.56, 8.61, -0.04, -0.07, 0.08
2021-05-09 16:32:38.412721, 1620567158.4127212, 3.26, 0.73, 9.11, -0.02, -0.07, -0.01, 0.47, 0.43, 8.61, -0.06, -0.06, -0.0
2021-05-09 16:32:38.520380, 1620567158.520381, 3.13, 0.76, 9.15, -0.08, -0.12, -0.06, 0.39, 0.56, 8.67, -0.08, -0.02, -0.06
2021-05-09 16:32:38.631779, 1620567158.6317794, 3.46, 0.85, 9.13, -0.05, -0.14, -0.07, 0.51, 0.55, 8.74, -0.08, -0.13, -0.02
2021-05-09 16:32:38.739921, 1620567158.7399213, 3.41, 0.77, 9.17, -0.03, -0.15, -0.03, 0.49, 0.55, 8.75, -0.05, -0.08, -0.01
2021-05-09 16:32:38.850937, 1620567158.8509378, 3.41, 0.77, 9.08, -0.03, -0.11, -0.04, 0.42, 0.5, 8.61, -0.05, -0.08, -0.03
2021-05-09 16:32:38.960643, 1620567158.9606435, 3.54, 0.8, 8.99, -0.05, -0.06, -0.06, 0.47, 0.52, 8.57, -0.07, -0.06, -0.06
2021-05-09 16:32:39.069067, 1620567159.0690675, 3.61, 0.86, 8.93, -0.05, -0.01, -0.06, 0.44, 0.54, 8.5, -0.07, -0.03, -0.05
2021-05-09 16:32:39.177925, 1620567159.1779253, 3.34, 0.83, 9.13, -0.06, 0.01, -0.03, 0.41, 0.62, 8.71, -0.08, 0.03, -0.02
2021-05-09 16:32:39.288699, 1620567159.2886994, 3.31, 0.72, 9.1, -0.04, -0.01, -0.0, 0.31, 0.45, 8.64, -0.07, 0.0, 0.01
2021-05-09 16:32:39.397557, 1620567159.3975575, 3.31, 0.81, 9.19, -0.03, -0.02, 0.01, 0.25, 0.53, 8.73, -0.06, -0.04, 0.02
2021-05-09 16:32:39.507483, 1620567159.5074832, 3.23, 0.79, 9.11, -0.04, 0.03, 0.01, 0.25, 0.42, 8.63, -0.07, -0.03, -0.01
2021-05-09 16:32:39.613935, 1620567159.6139355, 3.04, 0.76, 9.22, -0.04, 0.04, 0.02, 0.11, 0.51, 8.67, -0.08, -0.04, 0.02
2021-05-09 16:32:39.727410, 1620567159.7274103, 2.98, 0.75, 9.22, -0.05, -0.02, 0.04, 0.1, 0.44, 8.67, -0.08, -0.05, 0.04
2021-05-09 16:32:39.837093, 1620567159.837093, 3.03, 0.7, 9.21, -0.05, -0.05, 0.02, 0.14, 0.43, 8.64, -0.08, -0.07, 0.02
2021-05-09 16:32:39.946559, 1620567159.9465592, 3.0, 0.73, 9.2, -0.05, -0.05, -0.0, 0.15, 0.47, 8.66, -0.08, -0.06, 0.0
2021-05-09 16:32:40.056248, 1620567160.0562484, 2.99, 0.69, 9.23, -0.04, -0.06, 0.0, 0.13, 0.46, 8.66, -0.07, -0.07, 0.01
2021-05-09 16:32:40.162990, 1620567160.1629906, 3.0, 0.72, 9.26, -0.03, -0.09, 0.01, 0.16, 0.44, 8.7, -0.07, -0.09, 0.03
2021-05-09 16:32:40.275220, 1620567160.2752204, 3.08, 0.69, 9.19, -0.04, -0.09, -0.0, 0.23, 0.41, 8.66, -0.06, -0.1, 0.01
2021-05-09 16:32:40.383088, 1620567160.383088, 3.1, 0.7, 9.21, -0.04, -0.08, 0.0, 0.24, 0.46, 8.68, -0.07, -0.08, 0.01
2021-05-09 16:32:40.494559, 1620567160.49456, 3.14, 0.67, 9.15, -0.04, -0.07, 0.02, 0.26, 0.44, 8.63, -0.07, -0.07, 0.04
2021-05-09 16:32:40.602349, 1620567160.6023498, 3.11, 0.65, 9.17, -0.04, -0.07, 0.02, 0.2, 0.38, 8.66, -0.07, -0.06, 0.03
2021-05-09 16:32:40.713721, 1620567160.713721, 3.11, 0.62, 9.2, -0.03, -0.04, -0.0, 0.22, 0.37, 8.65, -0.07, -0.05, 0.01
2021-05-09 16:32:40.823028, 1620567160.8230286, 3.09, 0.65, 9.23, -0.04, -0.06, -0.0, 0.19, 0.34, 8.69, -0.07, -0.05, 0.0
2021-05-09 16:32:40.932839, 1620567160.9328394, 3.0, 0.63, 9.26, -0.05, -0.08, -0.02, 0.14, 0.35, 8.71, -0.07, -0.06, -0.01
2021-05-09 16:32:41.042534, 1620567161.0425344, 3.05, 0.57, 9.21, -0.05, -0.13, -0.04, 0.15, 0.32, 8.69, -0.06, -0.1, -0.03
2021-05-09 16:32:41.151306, 1620567161.1523044, 3.27, 0.61, 9.09, -0.05, -0.1, -0.05, 0.28, 0.38, 8.61, -0.06, -0.09, -0.05
2021-05-09 16:32:41.261571, 1620567161.2615712, 3.25, 0.7, 9.13, -0.05, -0.1, -0.04, 0.24, 0.4, 8.65, -0.07, -0.09, -0.04
2021-05-09 16:32:41.371286, 1620567161.3712869, 3.35, 0.57, 9.08, -0.05, -0.08, -0.03, 0.29, 0.35, 8.64, -0.07, -0.08, -0.02
2021-05-09 16:32:41.480661, 1620567161.480661, 3.22, 0.61, 9.19, -0.04, -0.11, -0.03, 0.21, 0.33, 8.68, -0.07, -0.07, -0.01
2021-05-09 16:32:41.590349, 1620567161.59035, 3.35, 0.65, 9.1, -0.05, -0.11, -0.02, 0.3, 0.41, 8.66, -0.07, -0.08, -0.02
2021-05-09 16:32:41.699799, 1620567161.6997993, 3.47, 0.59, 9.05, -0.06, -0.05, -0.04, 0.36, 0.36, 8.65, -0.08, -0.05, -0.03
2021-05-09 16:32:41.807969, 1620567161.8079698, 3.27, 0.57, 9.17, -0.05, -0.05, -0.02, 0.23, 0.37, 8.72, -0.07, -0.05, -0.03
2021-05-09 16:32:41.919143, 1620567161.9191434, 3.15, 0.57, 9.22, -0.06, -0.09, -0.05, 0.12, 0.34, 8.76, -0.07, -0.08, -0.04
2021-05-09 16:32:42.026779, 1620567162.0267792, 3.47, 0.56, 9.03, -0.02, -0.1, 0.0, 0.33, 0.33, 8.59, -0.04, -0.11, 0.01
2021-05-09 16:32:42.136373, 1620567162.136374, 3.44, 0.62, 9.08, -0.05, -0.07, -0.05, 0.3, 0.35, 8.67, -0.06, -0.05, -0.05
2021-05-09 16:32:42.247770, 1620567162.2477703, 3.32, 0.59, 9.13, -0.05, -0.08, -0.06, 0.23, 0.36, 8.68, -0.06, -0.07, -0.03
2021-05-09 16:32:42.357453, 1620567162.357453, 3.39, 0.73, 9.11, -0.04, -0.12, -0.02, 0.27, 0.48, 8.7, -0.06, -0.09, -0.0
2021-05-09 16:32:42.467204, 1620567162.4672043, 3.53, 0.55, 9.03, -0.06, -0.1, -0.03, 0.37, 0.32, 8.61, -0.08, -0.09, -0.03
2021-05-09 16:32:42.576724, 1620567162.5767248, 3.64, 0.53, 9.0, -0.05, -0.09, -0.05, 0.41, 0.35, 8.61, -0.07, -0.07, -0.05
2021-05-09 16:32:42.686139, 1620567162.686139, 3.6, 0.59, 9.01, -0.02, -0.03, -0.09, 0.39, 0.43, 8.63, -0.04, -0.02, -0.05
2021-05-09 16:32:42.795663, 1620567162.7956638, 3.32, 0.75, 9.16, 0.03, -0.03, -0.0, 0.2, 0.47, 8.76, -0.04, -0.06, 0.03
2021-05-09 16:32:42.905243, 1620567162.9052434, 3.47, 0.71, 9.08, -0.01, -0.05, 0.0, 0.28, 0.38, 8.67, -0.06, -0.06, 0.03
2021-05-09 16:32:43.014174, 1620567163.014174, 3.53, 0.72, 9.07, -0.03, -0.13, 0.02, 0.34, 0.43, 8.67, -0.06, -0.07, 0.04
2021-05-09 16:32:43.124391, 1620567163.124391, 3.58, 0.58, 9.01, -0.04, -0.06, -0.05, 0.34, 0.33, 8.66, -0.05, -0.05, -0.01
2021-05-09 16:32:43.233944, 1620567163.2339444, 3.42, 0.79, 9.17, -0.02, -0.09, -0.02, 0.22, 0.53, 8.74, -0.04, -0.07, 0.01
2021-05-09 16:32:43.343565, 1620567163.343566, 3.61, 0.79, 8.97, -0.02, -0.12, -0.01, 0.3, 0.44, 8.61, -0.05, -0.12, 0.0
2021-05-09 16:32:43.453066, 1620567163.4530659, 3.79, 0.76, 8.88, -0.04, -0.05, 0.02, 0.46, 0.52, 8.56, -0.08, -0.07, 0.01
2021-05-09 16:32:43.562727, 1620567163.5627275, 3.6, 0.73, 9.08, -0.03, -0.03, 0.01, 0.35, 0.45, 8.67, -0.06, -0.04, 0.01
2021-05-09 16:32:43.672036, 1620567163.672037, 3.46, 0.73, 9.1, -0.05, -0.05, 0.02, 0.25, 0.47, 8.72, -0.08, -0.07, 0.02
2021-05-09 16:32:43.780142, 1620567163.7801428, 3.59, 0.75, 9.05, -0.04, -0.06, 0.0, 0.34, 0.48, 8.68, -0.07, -0.09, 0.01
2021-05-09 16:32:43.891166, 1620567163.891167, 3.54, 0.72, 9.02, -0.02, -0.07, 0.02, 0.37, 0.46, 8.63, -0.06, -0.08, 0.02
2021-05-09 16:32:43.999571, 1620567163.999571, 3.56, 0.78, 9.04, -0.03, -0.08, -0.0, 0.3, 0.49, 8.65, -0.06, -0.1, 0.02
2021-05-09 16:32:44.110649, 1620567164.1106496, 3.6, 0.96, 8.96, -0.07, -0.03, -0.04, 0.37, 0.59, 8.58, -0.09, -0.07, -0.04
2021-05-09 16:32:44.218273, 1620567164.2182739, 3.47, 1.0, 9.11, -0.1, -0.05, -0.13, 0.36, 0.8, 8.68, -0.08, -0.08, -0.15
2021-05-09 16:32:44.327873, 1620567164.3278735, 3.53, 1.1, 9.0, -0.08, -0.06, -0.14, 0.3, 0.89, 8.59, -0.06, -0.05, -0.14
2021-05-09 16:32:44.437480, 1620567164.43748, 3.41, 1.06, 9.07, -0.05, -0.05, -0.1, 0.28, 0.79, 8.65, -0.05, -0.03, -0.08
2021-05-09 16:32:44.548880, 1620567164.5488803, 3.48, 0.81, 9.08, -0.08, -0.06, -0.1, 0.29, 0.46, 8.69, -0.08, -0.05, -0.1
2021-05-09 16:32:44.658392, 1620567164.658392, 3.28, 0.48, 9.14, -0.11, -0.1, -0.11, 0.2, 0.18, 8.68, -0.12, -0.11, -0.11
2021-05-09 16:32:44.768352, 1620567164.7683525, 3.39, -0.01, 9.37, -0.13, -0.13, -0.06, 0.15, -0.35, 8.96, -0.12, -0.13, -0.1
2021-05-09 16:32:44.878049, 1620567164.8780491, 3.15, 0.2, 9.01, -0.13, -0.11, -0.13, 0.03, -0.12, 8.45, -0.11, -0.11, -0.15
2021-05-09 16:32:44.987598, 1620567164.9875982, 3.26, 0.09, 8.9, -0.14, -0.09, -0.2, 0.01, -0.21, 8.39, -0.09, -0.08, -0.24
2021-05-09 16:32:45.097240, 1620567165.0972402, 3.32, 0.07, 9.03, -0.18, 0.02, -0.39, -0.09, -0.26, 8.48, -0.1, 0.05, -0.41
2021-05-09 16:32:45.206454, 1620567165.2064548, 3.34, 0.65, 9.38, -0.12, 0.07, -0.39, 0.11, 0.37, 8.95, -0.05, 0.02, -0.41
2021-05-09 16:32:45.316184, 1620567165.3161845, 3.66, 0.25, 8.91, -0.15, 0.02, -0.36, 0.7, -0.05, 8.66, -0.07, 0.0, -0.39
2021-05-09 16:32:45.425128, 1620567165.4251285, 4.1, 0.85, 9.27, -0.13, -0.19, -0.36, 0.91, 0.91, 9.08, 0.04, -0.22, -0.43
2021-05-09 16:32:45.535570, 1620567165.5355706, 3.88, 1.08, 8.85, -0.03, -0.17, -0.19, 0.69, 0.88, 8.51, 0.04, -0.21, -0.19
2021-05-09 16:32:45.644315, 1620567165.6443148, 3.8, 1.52, 8.74, 0.02, -0.14, 0.0, 0.57, 1.5, 8.41, 0.01, -0.14, 0.05
2021-05-09 16:32:45.753895, 1620567165.753896, 3.97, 1.74, 8.77, 0.12, -0.08, 0.17, 0.65, 1.53, 8.51, 0.03, -0.09, 0.24
2021-05-09 16:32:45.864257, 1620567165.8642578, 3.7, 1.92, 8.74, 0.08, -0.03, 0.36, 0.51, 1.72, 8.39, -0.09, -0.01, 0.39
2021-05-09 16:32:45.973777, 1620567165.973778, 3.62, 2.04, 8.85, 0.14, -0.06, 0.49, 0.51, 1.94, 8.52, -0.07, -0.01, 0.53
2021-05-09 16:32:46.083462, 1620567166.0834622, 3.97, 1.91, 8.69, 0.17, -0.14, 0.59, 0.79, 1.85, 8.41, -0.06, -0.11, 0.63
2021-05-09 16:32:46.193045, 1620567166.1930451, 4.25, 0.9, 9.23, 0.17, -0.23, 0.61, 1.24, 0.62, 9.24, -0.05, -0.22, 0.67
2021-05-09 16:32:46.302616, 1620567166.3026161, 4.5, 0.09, 8.88, 0.2, -0.35, 0.53, 1.3, 0.12, 8.84, 0.03, -0.37, 0.66
2021-05-09 16:32:46.412349, 1620567166.4123495, 4.24, -0.88, 8.96, 0.1, -0.32, 0.58, 0.99, -1.34, 8.84, -0.12, -0.27, 0.68
2021-05-09 16:32:46.521925, 1620567166.5219254, 4.19, -0.65, 8.4, 0.02, -0.15, 0.31, 1.03, -1.0, 8.22, -0.16, -0.16, 0.36
2021-05-09 16:32:46.631186, 1620567166.6311862, 4.24, -0.69, 7.94, -0.12, -0.04, 0.08, 1.35, -1.0, 7.79, -0.21, -0.05, 0.05
2021-05-09 16:32:46.741046, 1620567166.7410462, 4.21, -0.24, 8.18, -0.09, 0.01, 0.01, 1.27, -0.39, 7.99, -0.12, 0.04, -0.02
2021-05-09 16:32:46.850985, 1620567166.850986, 4.11, -0.33, 8.56, -0.07, -0.08, -0.05, 1.18, -0.61, 8.41, -0.08, -0.07, -0.08
2021-05-09 16:32:46.960187, 1620567166.9601872, 4.3, -0.07, 8.36, -0.06, -0.15, -0.2, 1.28, -0.17, 8.22, 0.01, -0.17, -0.21
2021-05-09 16:32:47.070053, 1620567167.0700538, 4.81, 0.27, 8.5, -0.01, -0.15, -0.07, 1.84, 0.0, 8.62, -0.02, -0.18, -0.05
2021-05-09 16:32:47.179643, 1620567167.1796439, 4.82, -0.05, 8.9, -0.04, -0.12, -0.05, 1.87, -0.25, 9.17, -0.05, -0.15, -0.04
2021-05-09 16:32:47.289341, 1620567167.289342, 4.87, 0.61, 8.42, -0.01, -0.13, -0.06, 2.02, 0.4, 8.49, -0.02, -0.26, -0.05
2021-05-09 16:32:47.398921, 1620567167.3989217, 5.48, 0.53, 8.54, -0.03, -0.2, -0.04, 2.49, 0.42, 8.69, -0.06, -0.31, -0.04
2021-05-09 16:32:47.508298, 1620567167.5082984, 5.18, 0.64, 8.39, -0.0, -0.08, 0.0, 2.39, 0.44, 8.53, -0.09, -0.16, 0.01
2021-05-09 16:32:47.617830, 1620567167.61783, 5.14, 0.62, 8.65, -0.07, -0.04, -0.05, 2.43, 0.29, 8.76, -0.16, -0.19, -0.06
2021-05-09 16:32:47.727616, 1620567167.7276165, 5.26, 0.48, 9.46, -0.18, 0.02, -0.11, 2.73, -0.08, 9.73, -0.29, -0.28, -0.15
2021-05-09 16:32:47.837256, 1620567167.8372567, 5.23, 0.1, 6.81, -0.1, -0.02, -0.07, 3.32, 0.17, 6.49, -0.12, -0.19, -0.08
2021-05-09 16:32:47.946213, 1620567167.946214, 5.7, 0.2, 8.4, -0.0, 0.1, -0.05, 3.4, -0.03, 8.61, -0.01, 0.17, 0.01
2021-05-09 16:32:48.056166, 1620567168.056167, 5.02, 0.2, 8.76, 0.02, 0.09, 0.07, 2.57, -0.16, 8.66, -0.06, 0.11, 0.13
2021-05-09 16:32:48.165710, 1620567168.1657107, 4.63, 0.22, 8.75, 0.05, 0.16, -0.01, 2.21, -0.17, 8.62, -0.02, 0.2, 0.06
2021-05-09 16:32:48.275309, 1620567168.2753098, 3.91, 0.5, 9.08, 0.05, 0.27, -0.03, 1.51, -0.08, 8.88, -0.02, 0.32, 0.03
2021-05-09 16:32:48.384886, 1620567168.3848867, 3.7, 0.58, 9.11, 0.0, 0.21, -0.08, 1.37, 0.05, 8.72, -0.05, 0.23, -0.03
2021-05-09 16:32:48.494483, 1620567168.4944837, 3.47, 0.71, 9.23, -0.01, 0.14, -0.09, 1.07, 0.12, 8.81, -0.03, 0.18, -0.05
2021-05-09 16:32:48.604002, 1620567168.6040022, 3.28, 0.75, 9.04, -0.03, 0.06, -0.04, 0.88, 0.23, 8.61, -0.01, 0.11, -0.04
2021-05-09 16:32:48.713452, 1620567168.7134528, 3.17, 0.7, 9.18, -0.0, 0.05, -0.03, 0.72, 0.08, 8.71, -0.04, 0.05, 0.01
2021-05-09 16:32:48.823434, 1620567168.8234346, 3.19, 0.66, 9.26, -0.05, -0.04, -0.05, 0.6, 0.19, 8.73, -0.04, -0.02, -0.04
2021-05-09 16:32:48.932661, 1620567168.9326613, 3.17, 0.8, 9.22, -0.06, 0.0, -0.04, 0.52, 0.28, 8.75, -0.03, 0.03, -0.05
2021-05-09 16:32:49.042369, 1620567169.0423691, 3.11, 0.7, 9.29, -0.03, -0.02, -0.01, 0.56, 0.3, 8.76, -0.03, -0.02, -0.03
2021-05-09 16:32:49.151822, 1620567169.1518223, 3.24, 0.76, 9.23, -0.02, -0.05, -0.03, 0.6, 0.37, 8.71, -0.02, -0.04, -0.04
2021-05-09 16:32:49.260943, 1620567169.2609434, 3.11, 0.79, 9.21, -0.03, -0.1, -0.05, 0.61, 0.4, 8.69, -0.04, -0.1, -0.05
2021-05-09 16:32:49.371518, 1620567169.3715184, 3.37, 0.86, 8.98, -0.01, -0.07, -0.09, 0.64, 0.55, 8.54, -0.01, -0.06, -0.06
2021-05-09 16:32:49.480214, 1620567169.480214, 3.21, 0.97, 9.16, 0.02, -0.04, -0.01, 0.56, 0.64, 8.7, -0.02, -0.01, -0.01
2021-05-09 16:32:49.591294, 1620567169.5912943, 3.24, 0.95, 9.23, -0.01, -0.06, -0.01, 0.51, 0.51, 8.73, -0.04, -0.03, 0.01
2021-05-09 16:32:49.699913, 1620567169.6999137, 3.25, 0.8, 9.19, -0.06, -0.05, -0.01, 0.49, 0.36, 8.7, -0.08, -0.04, -0.03
2021-05-09 16:32:49.809423, 1620567169.8094237, 3.29, 0.8, 9.13, -0.08, -0.05, -0.02, 0.56, 0.43, 8.63, -0.09, -0.04, -0.04
2021-05-09 16:32:49.918704, 1620567169.9187043, 3.21, 0.67, 9.09, -0.07, -0.05, 0.02, 0.46, 0.39, 8.57, -0.09, -0.07, 0.01
2021-05-09 16:32:50.028682, 1620567170.0286825, 3.29, 0.75, 9.12, -0.04, -0.03, -0.02, 0.53, 0.44, 8.62, -0.07, -0.05, -0.0
2021-05-09 16:32:50.137582, 1620567170.1375823, 3.2, 0.91, 9.21, -0.03, -0.04, -0.01, 0.48, 0.56, 8.74, -0.06, -0.05, 0.02
2021-05-09 16:32:50.247597, 1620567170.247597, 3.19, 0.66, 9.06, -0.04, -0.06, -0.0, 0.48, 0.32, 8.56, -0.08, -0.06, 0.02
2021-05-09 16:32:50.357330, 1620567170.357331, 3.15, 0.72, 9.19, -0.06, -0.04, -0.04, 0.41, 0.38, 8.65, -0.08, -0.06, -0.02
2021-05-09 16:32:50.467157, 1620567170.4671574, 3.15, 0.76, 9.18, -0.05, -0.05, -0.03, 0.47, 0.47, 8.67, -0.07, -0.04, -0.01
2021-05-09 16:32:50.576478, 1620567170.5764787, 3.1, 0.72, 9.21, -0.04, -0.06, -0.01, 0.41, 0.38, 8.69, -0.07, -0.06, 0.01
2021-05-09 16:32:50.686183, 1620567170.6861837, 3.12, 0.7, 9.19, -0.04, -0.05, -0.01, 0.39, 0.38, 8.67, -0.07, -0.07, -0.0
2021-05-09 16:32:50.795585, 1620567170.795585, 3.07, 0.72, 9.19, -0.04, -0.05, -0.02, 0.38, 0.37, 8.68, -0.06, -0.06, -0.01
2021-05-09 16:32:50.905255, 1620567170.9052548, 3.13, 0.74, 9.17, -0.03, -0.05, -0.01, 0.41, 0.37, 8.65, -0.06, -0.05, -0.0
2021-05-09 16:32:51.014645, 1620567171.0146456, 3.07, 0.74, 9.19, -0.04, -0.04, -0.0, 0.37, 0.38, 8.67, -0.07, -0.05, -0.0
2021-05-09 16:32:51.124585, 1620567171.1245854, 3.05, 0.72, 9.22, -0.03, -0.04, -0.01, 0.31, 0.38, 8.66, -0.06, -0.05, -0.01
2021-05-09 16:32:51.234060, 1620567171.2340608, 3.01, 0.78, 9.23, -0.03, -0.04, -0.02, 0.31, 0.38, 8.65, -0.06, -0.05, -0.01
2021-05-09 16:32:51.343789, 1620567171.3437893, 3.04, 0.75, 9.17, -0.02, -0.04, -0.01, 0.31, 0.44, 8.61, -0.06, -0.04, 0.0
2021-05-09 16:32:51.453094, 1620567171.4530942, 2.97, 0.75, 9.24, -0.01, -0.03, -0.01, 0.32, 0.41, 8.68, -0.04, -0.03, 0.02
2021-05-09 16:32:51.562754, 1620567171.5627546, 2.96, 0.75, 9.2, -0.02, -0.04, -0.02, 0.32, 0.35, 8.63, -0.05, -0.05, -0.0
2021-05-09 16:32:51.672235, 1620567171.6722357, 2.92, 0.77, 9.25, -0.04, -0.05, -0.03, 0.26, 0.39, 8.68, -0.06, -0.05, -0.02
2021-05-09 16:32:51.781147, 1620567171.7821043, 2.92, 0.8, 9.23, -0.03, -0.04, -0.01, 0.21, 0.46, 8.62, -0.05, -0.05, 0.0
2021-05-09 16:32:51.891403, 1620567171.8914037, 2.83, 0.85, 9.27, -0.03, -0.06, -0.02, 0.18, 0.49, 8.67, -0.05, -0.06, 0.01
2021-05-09 16:32:52.000518, 1620567172.0005178, 2.88, 0.85, 9.24, -0.03, -0.06, -0.02, 0.22, 0.46, 8.65, -0.06, -0.07, -0.0
2021-05-09 16:32:52.110689, 1620567172.1106899, 2.91, 0.84, 9.24, -0.03, -0.06, -0.01, 0.22, 0.48, 8.64, -0.06, -0.07, 0.0
2021-05-09 16:32:52.220131, 1620567172.2201316, 2.89, 0.79, 9.25, -0.04, -0.07, -0.01, 0.21, 0.43, 8.64, -0.07, -0.07, -0.0
2021-05-09 16:32:52.329707, 1620567172.3297079, 2.88, 0.81, 9.25, -0.04, -0.06, -0.02, 0.22, 0.44, 8.65, -0.07, -0.07, -0.01
2021-05-09 16:32:52.439372, 1620567172.439372, 2.92, 0.79, 9.24, -0.05, -0.07, -0.01, 0.26, 0.43, 8.67, -0.07, -0.07, -0.01
2021-05-09 16:32:52.548863, 1620567172.5488634, 2.92, 0.79, 9.27, -0.05, -0.06, -0.02, 0.24, 0.42, 8.66, -0.07, -0.05, -0.03
2021-05-09 16:32:52.658424, 1620567172.6584244, 2.92, 0.81, 9.22, -0.04, -0.03, -0.03, 0.23, 0.45, 8.64, -0.06, -0.04, -0.03
2021-05-09 16:32:52.768031, 1620567172.7680316, 2.91, 0.82, 9.21, -0.04, -0.04, -0.03, 0.21, 0.47, 8.63, -0.06, -0.03, -0.02
2021-05-09 16:32:52.877604, 1620567172.877605, 2.81, 0.85, 9.31, -0.05, -0.04, -0.02, 0.11, 0.47, 8.71, -0.09, -0.02, -0.0
2021-05-09 16:32:52.987185, 1620567172.9871852, 2.81, 0.86, 9.28, -0.05, -0.04, 0.01, 0.06, 0.48, 8.71, -0.09, -0.03, 0.03
2021-05-09 16:32:53.096755, 1620567173.0967555, 2.73, 0.7, 9.25, -0.05, -0.06, 0.01, 0.06, 0.34, 8.61, -0.08, -0.07, 0.03
2021-05-09 16:32:53.206439, 1620567173.2064397, 2.83, 0.72, 9.3, -0.04, -0.06, -0.02, 0.04, 0.33, 8.7, -0.07, -0.06, -0.0
2021-05-09 16:32:53.316022, 1620567173.3160229, 2.72, 0.73, 9.32, -0.04, -0.05, -0.03, -0.01, 0.31, 8.68, -0.06, -0.05, -0.02
2021-05-09 16:32:53.425594, 1620567173.4255946, 2.73, 0.77, 9.3, -0.05, -0.06, -0.03, -0.0, 0.38, 8.69, -0.06, -0.08, -0.02
2021-05-09 16:32:53.535288, 1620567173.5352886, 2.79, 0.77, 9.21, -0.05, -0.05, -0.01, 0.05, 0.42, 8.57, -0.07, -0.06, -0.0
2021-05-09 16:32:53.644001, 1620567173.6440015, 2.77, 0.68, 9.24, -0.05, -0.06, -0.0, 0.02, 0.3, 8.61, -0.08, -0.06, 0.0
2021-05-09 16:32:53.754316, 1620567173.7543163, 2.64, 0.65, 9.33, -0.05, -0.05, -0.03, -0.04, 0.32, 8.66, -0.07, -0.06, -0.02
2021-05-09 16:32:53.863808, 1620567173.863809, 2.73, 0.72, 9.38, -0.06, -0.09, -0.05, 0.01, 0.44, 8.73, -0.07, -0.1, -0.05
2021-05-09 16:32:53.973372, 1620567173.9733725, 2.77, 0.77, 9.26, -0.06, -0.1, -0.06, 0.01, 0.36, 8.63, -0.07, -0.12, -0.06
2021-05-09 16:32:54.082957, 1620567174.0829573, 2.67, 0.78, 9.39, -0.06, -0.12, -0.04, 0.01, 0.39, 8.76, -0.08, -0.15, -0.04
2021-05-09 16:32:54.192926, 1620567174.1929262, 2.71, 0.68, 9.39, -0.1, -0.18, -0.03, 0.1, 0.25, 8.77, -0.11, -0.17, -0.03
2021-05-09 16:32:54.301513, 1620567174.3015134, 2.79, 0.48, 9.37, -0.09, -0.25, -0.04, 0.14, 0.18, 8.77, -0.09, -0.19, -0.03
2021-05-09 16:32:54.411097, 1620567174.411097, 3.04, 0.6, 9.25, -0.07, -0.23, -0.03, 0.25, 0.23, 8.73, -0.08, -0.22, -0.01
2021-05-09 16:32:54.521655, 1620567174.5216558, 3.24, 0.59, 9.17, -0.05, -0.23, -0.02, 0.52, 0.33, 8.67, -0.07, -0.23, -0.01
2021-05-09 16:32:54.630303, 1620567174.630304, 3.35, 0.59, 9.22, 0.01, -0.26, 0.05, 0.62, 0.23, 8.81, -0.03, -0.27, 0.08
2021-05-09 16:32:54.740629, 1620567174.740629, 3.57, 0.43, 9.04, -0.04, -0.29, 0.02, 0.9, 0.01, 8.71, -0.07, -0.27, 0.04
2021-05-09 16:32:54.849929, 1620567174.8499298, 3.63, 0.77, 9.08, -0.14, -0.45, -0.01, 1.22, 0.26, 8.82, -0.12, -0.46, -0.03
2021-05-09 16:32:54.959678, 1620567174.9596786, 4.42, 0.28, 8.78, -0.05, -0.4, 0.04, 1.65, 0.22, 8.66, -0.08, -0.48, 0.02
2021-05-09 16:32:55.069450, 1620567175.0694501, 5.16, 0.25, 8.8, -0.01, -0.24, -0.02, 2.17, 0.06, 8.8, -0.03, -0.28, -0.01
2021-05-09 16:32:55.179044, 1620567175.1790447, 5.36, 0.43, 8.85, -0.04, -0.1, -0.09, 2.69, 0.06, 8.93, -0.03, -0.1, -0.11
2021-05-09 16:32:55.288586, 1620567175.288586, 5.72, 0.32, 8.86, -0.07, -0.06, -0.12, 2.9, 0.27, 9.03, -0.03, -0.01, -0.16
2021-05-09 16:32:55.397447, 1620567175.397447, 5.6, 0.63, 8.73, -0.01, 0.03, -0.02, 2.73, 0.54, 8.92, -0.04, 0.11, -0.01
2021-05-09 16:32:55.507599, 1620567175.5075996, 5.12, 0.48, 9.13, 0.01, 0.05, 0.02, 2.34, 0.33, 9.29, -0.01, 0.12, 0.05
2021-05-09 16:32:55.616564, 1620567175.6165648, 4.8, 0.69, 8.74, -0.01, 0.08, 0.01, 1.95, 0.53, 8.75, -0.04, 0.13, 0.05
2021-05-09 16:32:55.726641, 1620567175.7266417, 4.53, 0.65, 8.34, 0.0, 0.1, 0.1, 1.65, 0.45, 8.23, -0.08, 0.14, 0.15
2021-05-09 16:32:55.836412, 1620567175.8364127, 4.01, 0.51, 8.23, 0.02, 0.16, 0.17, 1.19, 0.3, 8.04, -0.1, 0.21, 0.2
2021-05-09 16:32:55.946008, 1620567175.9460087, 3.72, 0.57, 8.1, 0.07, 0.17, 0.16, 0.91, 0.31, 7.78, -0.05, 0.21, 0.22
2021-05-09 16:32:56.055586, 1620567176.0555868, 3.48, 0.49, 8.03, 0.05, 0.15, 0.16, 0.78, 0.17, 7.61, -0.07, 0.19, 0.19
2021-05-09 16:32:56.165162, 1620567176.165163, 3.32, 0.35, 8.19, -0.0, 0.11, 0.09, 0.53, -0.03, 7.81, -0.07, 0.09, 0.13
2021-05-09 16:32:56.274581, 1620567176.2745817, 3.24, 0.54, 8.93, -0.04, 0.03, -0.02, 0.37, 0.28, 8.57, -0.06, 0.05, -0.01
2021-05-09 16:32:56.383627, 1620567176.383627, 3.41, 0.52, 9.11, -0.03, -0.01, 0.01, 0.24, 0.24, 8.67, -0.06, -0.02, 0.02
2021-05-09 16:32:56.493177, 1620567176.4931774, 3.33, 0.66, 9.06, 0.01, -0.05, 0.04, 0.23, 0.36, 8.59, -0.04, -0.03, 0.08
2021-05-09 16:32:56.603258, 1620567176.6032581, 3.36, 0.44, 9.26, -0.0, -0.07, 0.16, 0.12, 0.14, 8.85, -0.09, -0.06, 0.18
2021-05-09 16:32:56.712364, 1620567176.7123642, 3.31, 0.4, 9.31, 0.02, -0.11, 0.14, 0.07, 0.19, 8.86, -0.06, -0.1, 0.17
2021-05-09 16:32:56.822107, 1620567176.822107, 3.09, 0.1, 9.24, 0.02, -0.17, 0.11, 0.01, -0.24, 8.74, -0.04, -0.16, 0.12
2021-05-09 16:32:56.931482, 1620567176.9314826, 3.57, 0.26, 9.0, 0.05, -0.19, 0.12, 0.34, 0.03, 8.64, 0.04, -0.2, 0.16
2021-05-09 16:32:57.041586, 1620567177.0415864, 3.66, 0.03, 8.78, 0.03, -0.12, 0.05, 0.43, -0.29, 8.36, 0.01, -0.11, 0.06
2021-05-09 16:32:57.151595, 1620567177.1515956, 3.48, 0.19, 9.11, -0.01, -0.03, -0.06, 0.25, 0.01, 8.72, -0.01, -0.05, -0.05
2021-05-09 16:32:57.260861, 1620567177.2608612, 3.18, -0.11, 9.01, -0.06, 0.01, -0.07, 0.01, -0.43, 8.5, -0.06, -0.02, -0.08
2021-05-09 16:32:57.370572, 1620567177.370572, 3.26, -0.17, 9.05, -0.16, 0.06, -0.17, 0.1, -0.58, 8.52, -0.16, 0.03, -0.18
2021-05-09 16:32:57.480074, 1620567177.4800742, 3.46, 0.51, 9.27, -0.17, 0.04, -0.06, 0.29, 0.45, 8.85, -0.18, -0.04, -0.09
2021-05-09 16:32:57.589615, 1620567177.589615, 3.42, 0.46, 8.98, -0.15, 0.05, -0.05, 0.45, 0.29, 8.57, -0.15, -0.01, -0.09
2021-05-09 16:32:57.699152, 1620567177.699153, 3.76, 0.47, 9.53, -0.09, -0.04, -0.07, 0.55, 0.43, 9.23, -0.08, -0.06, -0.09
2021-05-09 16:32:57.808218, 1620567177.808218, 3.49, 0.6, 9.16, -0.06, -0.14, -0.15, 0.48, 0.42, 8.69, -0.02, -0.19, -0.13
2021-05-09 16:32:57.918502, 1620567177.9185019, 3.53, 0.9, 8.85, -0.05, -0.13, -0.32, 0.37, 0.89, 8.4, 0.04, -0.13, -0.33
2021-05-09 16:32:58.028062, 1620567178.0280628, 3.42, 1.45, 9.12, -0.04, -0.08, -0.44, 0.24, 1.28, 8.77, 0.08, -0.05, -0.41
2021-05-09 16:32:58.137582, 1620567178.1375825, 3.46, 1.52, 9.01, -0.01, -0.07, -0.27, 0.41, 1.44, 8.56, 0.04, -0.05, -0.23
2021-05-09 16:32:58.246466, 1620567178.2464662, 3.52, 1.39, 8.92, 0.01, -0.07, -0.17, 0.33, 1.24, 8.45, 0.03, -0.05, -0.13
2021-05-09 16:32:58.356649, 1620567178.3566492, 3.4, 1.32, 9.11, -0.02, -0.05, -0.17, 0.16, 1.11, 8.64, -0.0, -0.03, -0.13
2021-05-09 16:32:58.466541, 1620567178.4665418, 3.21, 1.25, 9.08, -0.07, -0.1, -0.11, -0.02, 1.09, 8.4, -0.08, -0.07, -0.08
2021-05-09 16:32:58.576257, 1620567178.5762577, 3.79, 1.06, 9.08, -0.12, -0.2, -0.08, 0.33, 0.89, 8.65, -0.11, -0.21, -0.08
2021-05-09 16:32:58.685792, 1620567178.6857924, 3.68, 0.74, 8.75, -0.13, -0.08, -0.13, 0.41, 0.67, 8.29, -0.11, -0.09, -0.14
2021-05-09 16:32:58.795355, 1620567178.795355, 3.63, 1.05, 8.93, -0.05, -0.02, -0.05, 0.32, 1.02, 8.47, -0.07, 0.0, -0.03
2021-05-09 16:32:58.904961, 1620567178.904961, 3.54, 0.81, 9.21, -0.0, -0.04, -0.02, 0.27, 0.65, 8.76, -0.04, -0.03, 0.0
2021-05-09 16:32:59.014611, 1620567179.0146117, 3.59, 0.82, 9.02, -0.02, -0.03, -0.05, 0.3, 0.68, 8.63, -0.06, -0.03, -0.02
2021-05-09 16:32:59.123912, 1620567179.123913, 3.49, 0.81, 9.06, -0.02, -0.04, -0.02, 0.25, 0.62, 8.66, -0.06, -0.06, 0.0
2021-05-09 16:32:59.233783, 1620567179.2337837, 3.49, 0.8, 9.03, -0.04, -0.03, 0.0, 0.27, 0.62, 8.61, -0.06, -0.05, -0.0
2021-05-09 16:32:59.343376, 1620567179.3433769, 3.43, 0.78, 9.08, -0.05, -0.04, -0.0, 0.24, 0.61, 8.64, -0.07, -0.08, -0.02
2021-05-09 16:32:59.452153, 1620567179.4521532, 3.44, 0.76, 9.11, -0.04, -0.05, -0.02, 0.28, 0.58, 8.67, -0.07, -0.09, -0.02
2021-05-09 16:32:59.561833, 1620567179.5618331, 3.43, 0.74, 9.07, -0.04, -0.04, -0.03, 0.3, 0.61, 8.6, -0.07, -0.08, -0.02
2021-05-09 16:32:59.671939, 1620567179.6719394, 3.28, 0.79, 9.16, -0.04, -0.05, -0.03, 0.16, 0.66, 8.7, -0.06, -0.06, -0.02
2021-05-09 16:32:59.781676, 1620567179.7816763, 3.43, 0.8, 9.06, -0.04, -0.05, -0.06, 0.32, 0.66, 8.6, -0.05, -0.09, -0.04
2021-05-09 16:32:59.891124, 1620567179.891124, 3.34, 0.82, 9.18, -0.07, -0.07, -0.13, 0.24, 0.65, 8.68, -0.05, -0.09, -0.14
2021-05-09 16:33:00.000741, 1620567180.0007415, 3.39, 0.96, 9.16, -0.1, -0.11, -0.22, 0.29, 0.78, 8.69, -0.06, -0.13, -0.22
2021-05-09 16:33:00.110037, 1620567180.1100376, 3.38, 0.99, 9.04, -0.09, -0.06, -0.17, 0.25, 0.96, 8.56, -0.06, -0.09, -0.17
2021-05-09 16:33:00.220236, 1620567180.2202368, 3.35, 1.25, 9.06, -0.05, -0.07, -0.11, 0.29, 1.18, 8.59, -0.03, -0.08, -0.09
2021-05-09 16:33:00.329603, 1620567180.3296037, 3.42, 1.47, 8.98, -0.06, -0.05, -0.03, 0.32, 1.38, 8.5, -0.1, -0.06, -0.01
2021-05-09 16:33:00.439235, 1620567180.439235, 3.13, 1.52, 9.32, -0.02, -0.09, 0.02, 0.25, 1.36, 8.79, -0.1, -0.02, 0.07
2021-05-09 16:33:00.548608, 1620567180.5486083, 3.51, 1.54, 8.95, -0.12, -0.12, 0.08, 0.3, 1.39, 8.53, -0.18, -0.07, 0.08
2021-05-09 16:33:00.658171, 1620567180.6581714, 3.32, 1.41, 9.07, -0.09, -0.08, 0.07, 0.14, 1.3, 8.59, -0.14, -0.02, 0.07
2021-05-09 16:33:00.767750, 1620567180.7677507, 3.49, 0.97, 9.19, -0.08, -0.18, 0.01, 0.43, 0.81, 8.83, -0.11, -0.11, 0.01
2021-05-09 16:33:00.877498, 1620567180.8774981, 3.82, 0.98, 8.72, -0.01, -0.11, -0.01, 0.43, 0.98, 8.35, -0.02, -0.09, 0.01
2021-05-09 16:33:00.986851, 1620567180.9868517, 3.91, 1.1, 8.92, 0.03, -0.04, -0.01, 0.58, 0.98, 8.63, -0.0, -0.03, 0.02
2021-05-09 16:33:01.095988, 1620567181.095988, 4.19, 0.83, 9.17, -0.0, -0.0, 0.02, 0.79, 0.59, 9.09, -0.05, -0.07, 0.04
2021-05-09 16:33:01.206281, 1620567181.2062817, 3.8, 0.63, 9.24, -0.05, 0.01, 0.16, 0.74, 0.55, 8.91, -0.15, -0.06, 0.14
2021-05-09 16:33:01.316009, 1620567181.3160095, 3.68, 0.12, 8.9, -0.02, -0.1, 0.24, 0.76, -0.01, 8.52, -0.11, -0.16, 0.24
2021-05-09 16:33:01.425457, 1620567181.4254575, 3.6, -0.37, 8.87, 0.02, -0.1, 0.29, 0.64, -0.58, 8.49, -0.12, -0.15, 0.32
2021-05-09 16:33:01.534382, 1620567181.5343826, 3.38, -0.2, 9.13, 0.01, -0.06, 0.27, 0.41, -0.31, 8.73, -0.13, -0.09, 0.28
2021-05-09 16:33:01.644569, 1620567181.6445699, 3.36, -0.22, 9.1, -0.03, -0.11, 0.22, 0.64, -0.45, 8.71, -0.12, -0.14, 0.22
2021-05-09 16:33:01.754322, 1620567181.7543223, 3.73, -0.38, 8.97, -0.05, -0.15, 0.11, 0.75, -0.48, 8.66, -0.1, -0.15, 0.11
2021-05-09 16:33:01.863873, 1620567181.8638732, 3.64, 0.0, 9.04, -0.05, -0.06, -0.01, 0.67, -0.01, 8.71, -0.06, -0.04, 0.01
2021-05-09 16:33:01.973260, 1620567181.9732604, 3.58, 0.18, 9.08, -0.01, -0.08, -0.01, 0.69, 0.1, 8.75, -0.02, -0.07, 0.02
2021-05-09 16:33:02.082979, 1620567182.0829797, 3.73, 0.37, 8.88, 0.03, -0.1, 0.04, 0.88, 0.26, 8.59, -0.02, -0.12, 0.08
2021-05-09 16:33:02.192411, 1620567182.1924117, 3.81, 0.03, 8.83, 0.0, -0.13, 0.07, 0.93, -0.03, 8.55, -0.03, -0.1, 0.1
2021-05-09 16:33:02.302067, 1620567182.3020675, 3.91, 0.24, 8.98, 0.07, -0.13, 0.1, 0.87, 0.18, 8.69, 0.02, -0.09, 0.13
2021-05-09 16:33:02.411593, 1620567182.411594, 3.76, 0.13, 8.84, 0.04, -0.14, 0.02, 0.84, -0.05, 8.58, 0.01, -0.1, 0.05
2021-05-09 16:33:02.520546, 1620567182.520547, 3.56, 0.38, 8.45, 0.06, -0.29, -0.06, 1.07, 0.58, 8.09, 0.09, -0.36, -0.05
2021-05-09 16:33:02.630232, 1620567182.630232, 4.49, 1.02, 7.84, -0.02, -0.25, -0.03, 1.49, 0.73, 7.73, -0.05, -0.27, -0.03
2021-05-09 16:33:02.740732, 1620567182.740733, 4.86, 0.51, 8.71, -0.09, -0.21, -0.04, 1.75, 0.55, 8.66, -0.09, -0.19, -0.06
2021-05-09 16:33:02.850447, 1620567182.8504472, 4.5, 0.81, 8.49, -0.08, -0.06, -0.1, 1.5, 0.75, 8.36, -0.07, -0.06, -0.13
2021-05-09 16:33:02.959649, 1620567182.9596498, 4.3, 0.89, 8.53, -0.1, -0.14, -0.16, 1.51, 0.88, 8.5, -0.06, -0.13, -0.16
2021-05-09 16:33:03.069058, 1620567183.0690584, 4.7, 0.86, 8.57, -0.06, -0.14, -0.04, 1.69, 0.95, 8.56, -0.06, -0.28, -0.03
2021-05-09 16:33:03.178403, 1620567183.1794016, 4.68, 0.63, 8.85, -0.07, -0.11, -0.08, 1.8, 0.57, 8.83, -0.08, -0.16, -0.06
2021-05-09 16:33:03.288593, 1620567183.2885933, 4.62, 0.64, 8.46, -0.12, -0.2, -0.09, 2.03, 0.64, 8.36, -0.11, -0.35, -0.08
2021-05-09 16:33:03.398245, 1620567183.3982458, 4.95, 0.7, 7.94, -0.06, -0.2, -0.05, 2.41, 0.81, 7.91, -0.07, -0.35, -0.05
2021-05-09 16:33:03.507842, 1620567183.5078428, 5.15, 0.48, 8.18, -0.02, -0.16, -0.04, 2.81, 0.51, 8.23, -0.08, -0.32, -0.03
2021-05-09 16:33:03.616903, 1620567183.6169038, 5.52, 0.55, 8.36, -0.04, -0.06, -0.1, 3.18, 0.6, 8.36, -0.05, -0.24, -0.08
2021-05-09 16:33:03.727276, 1620567183.7272763, 5.93, 0.6, 8.28, -0.04, -0.03, -0.06, 3.56, 0.74, 8.37, -0.05, -0.2, -0.03
2021-05-09 16:33:03.836620, 1620567183.83662, 5.52, 0.66, 8.54, 0.0, 0.03, 0.02, 3.43, 0.82, 8.52, -0.02, -0.07, 0.07
2021-05-09 16:33:03.945486, 1620567183.9454865, 5.67, 0.72, 8.2, 0.04, 0.1, 0.05, 3.53, 0.73, 8.18, -0.01, 0.05, 0.08
2021-05-09 16:33:04.055598, 1620567184.0555987, 5.17, 0.74, 8.45, -0.01, 0.16, -0.04, 3.13, 0.83, 8.36, -0.06, 0.19, -0.03
2021-05-09 16:33:04.165236, 1620567184.1652367, 5.02, 0.75, 8.66, -0.0, 0.17, -0.02, 3.01, 0.74, 8.59, -0.07, 0.18, -0.01
2021-05-09 16:33:04.274210, 1620567184.2742102, 4.52, 0.78, 8.69, -0.01, 0.16, 0.02, 2.43, 0.71, 8.46, -0.08, 0.2, 0.04
2021-05-09 16:33:04.383702, 1620567184.383702, 4.18, 0.78, 8.69, -0.02, 0.23, -0.0, 1.86, 0.53, 8.44, -0.12, 0.24, 0.04
2021-05-09 16:33:04.493374, 1620567184.493374, 3.72, 0.92, 9.03, -0.03, 0.29, -0.0, 1.39, 0.75, 8.69, -0.11, 0.39, 0.06
2021-05-09 16:33:04.602934, 1620567184.6029348, 2.96, 0.76, 9.51, -0.01, 0.2, 0.01, 0.79, 0.53, 8.99, -0.07, 0.29, 0.06
2021-05-09 16:33:04.712452, 1620567184.7124527, 2.95, 0.98, 9.16, -0.02, 0.08, -0.02, 0.46, 0.63, 8.56, -0.06, 0.11, 0.02
2021-05-09 16:33:04.822651, 1620567184.8226511, 2.72, 0.86, 9.4, -0.04, 0.04, -0.04, 0.34, 0.6, 8.81, -0.07, 0.06, -0.01
2021-05-09 16:33:04.932128, 1620567184.9321282, 2.78, 0.73, 9.41, 0.0, -0.02, 0.08, 0.31, 0.45, 8.77, -0.05, -0.02, 0.1
2021-05-09 16:33:05.041874, 1620567185.0418746, 2.96, 0.76, 9.21, -0.03, -0.01, -0.01, 0.26, 0.53, 8.61, -0.05, -0.0, -0.01
2021-05-09 16:33:05.151507, 1620567185.1515074, 2.71, 0.93, 9.41, -0.03, -0.04, -0.05, 0.21, 0.75, 8.76, -0.04, -0.04, -0.05
2021-05-09 16:33:05.260979, 1620567185.2609794, 2.98, 0.88, 9.21, 0.0, -0.09, -0.01, 0.4, 0.62, 8.61, -0.01, -0.14, -0.03
2021-05-09 16:33:05.370568, 1620567185.3705685, 3.11, 0.94, 9.08, -0.05, -0.03, -0.03, 0.54, 0.74, 8.55, -0.07, -0.05, -0.04
2021-05-09 16:33:05.480490, 1620567185.4804904, 2.99, 1.14, 9.21, -0.02, -0.05, -0.03, 0.44, 1.05, 8.63, -0.03, -0.03, -0.01
2021-05-09 16:33:05.589678, 1620567185.5896785, 3.0, 1.16, 9.23, -0.0, 0.0, 0.01, 0.32, 0.86, 8.67, -0.06, 0.07, 0.05
2021-05-09 16:33:05.699422, 1620567185.6994221, 2.78, 0.87, 9.38, -0.08, -0.02, -0.02, 0.25, 0.56, 8.81, -0.11, 0.01, -0.02
2021-05-09 16:33:05.808870, 1620567185.8088706, 2.77, 0.89, 9.34, -0.1, -0.07, -0.03, 0.22, 0.68, 8.69, -0.12, -0.08, -0.03
2021-05-09 16:33:05.918142, 1620567185.9181423, 2.98, 0.79, 9.15, -0.06, -0.06, 0.02, 0.27, 0.64, 8.56, -0.09, -0.05, 0.03
2021-05-09 16:33:06.027426, 1620567186.0274265, 2.84, 0.79, 9.31, -0.05, -0.05, 0.02, 0.22, 0.52, 8.74, -0.08, -0.07, 0.01
2021-05-09 16:33:06.136995, 1620567186.1369956, 2.88, 0.76, 9.29, -0.07, -0.06, -0.02, 0.24, 0.59, 8.69, -0.09, -0.07, -0.01
2021-05-09 16:33:06.247436, 1620567186.2474365, 2.84, 0.81, 9.27, -0.04, -0.05, -0.02, 0.21, 0.57, 8.63, -0.07, -0.03, 0.01
2021-05-09 16:33:06.357041, 1620567186.3570418, 3.1, 0.63, 9.09, -0.07, -0.22, -0.05, 0.28, 0.5, 8.55, -0.07, -0.13, -0.04
2021-05-09 16:33:06.466433, 1620567186.4664338, 2.75, 0.9, 9.26, -0.04, -0.12, -0.04, 0.04, 0.54, 8.74, -0.07, -0.06, -0.04
2021-05-09 16:33:06.575916, 1620567186.5759163, 3.19, 0.67, 9.22, -0.07, -0.08, -0.09, 0.28, 0.39, 8.76, -0.07, -0.04, -0.1
2021-05-09 16:33:06.685494, 1620567186.685495, 3.19, 0.85, 9.12, -0.05, -0.08, -0.03, 0.12, 0.57, 8.63, -0.09, -0.06, -0.05
2021-05-09 16:33:06.795427, 1620567186.7954278, 3.0, 0.83, 9.23, -0.03, -0.16, -0.02, 0.34, 0.51, 8.72, -0.04, -0.11, -0.02
2021-05-09 16:33:06.904776, 1620567186.9047768, 3.23, 0.69, 9.17, -0.04, -0.04, -0.02, 0.23, 0.49, 8.63, -0.06, -0.06, -0.0
2021-05-09 16:33:07.014223, 1620567187.014223, 3.15, 0.83, 9.25, -0.01, -0.15, -0.01, 0.08, 0.55, 8.77, -0.03, -0.1, 0.03
2021-05-09 16:33:07.123973, 1620567187.1239738, 3.16, 0.72, 9.17, -0.04, -0.11, -0.03, 0.23, 0.39, 8.68, -0.06, -0.09, -0.01
2021-05-09 16:33:07.233662, 1620567187.233662, 3.33, 0.79, 9.19, -0.05, -0.09, -0.05, 0.44, 0.51, 8.73, -0.06, -0.12, -0.05
2021-05-09 16:33:07.343308, 1620567187.3433082, 3.56, 0.84, 8.96, -0.06, -0.07, -0.04, 0.37, 0.65, 8.58, -0.07, -0.08, -0.02
2021-05-09 16:33:07.452663, 1620567187.4526637, 3.18, 1.02, 9.14, -0.09, -0.04, -0.0, 0.38, 0.7, 8.73, -0.11, 0.01, -0.01
2021-05-09 16:33:07.561593, 1620567187.5615935, 3.29, 0.7, 9.16, -0.03, 0.01, 0.03, 0.21, 0.51, 8.72, -0.08, 0.01, 0.02
2021-05-09 16:33:07.671064, 1620567187.6710649, 3.16, 0.91, 9.16, -0.02, 0.02, 0.01, 0.14, 0.55, 8.63, -0.08, -0.04, 0.04
2021-05-09 16:33:07.781443, 1620567187.7814434, 3.03, 0.66, 9.33, -0.1, -0.04, -0.05, 0.05, 0.28, 8.75, -0.13, -0.11, -0.02
2021-05-09 16:33:07.890847, 1620567187.8908472, 3.04, 0.7, 9.23, -0.09, -0.06, 0.03, 0.21, 0.46, 8.67, -0.13, -0.13, 0.04
2021-05-09 16:33:07.999938, 1620567187.9999387, 3.22, 0.54, 9.1, -0.06, -0.11, 0.05, 0.35, 0.29, 8.57, -0.09, -0.16, 0.05
2021-05-09 16:33:08.109480, 1620567188.1094809, 3.13, 0.6, 9.26, -0.04, -0.07, 0.02, 0.26, 0.34, 8.72, -0.08, -0.1, 0.03
2021-05-09 16:33:08.219739, 1620567188.2197397, 3.16, 0.57, 9.2, -0.03, -0.1, 0.0, 0.39, 0.29, 8.67, -0.05, -0.1, 0.0
2021-05-09 16:33:08.329426, 1620567188.3294263, 3.07, 0.6, 9.18, -0.05, -0.11, -0.07, 0.28, 0.24, 8.64, -0.06, -0.11, -0.06
2021-05-09 16:33:08.438914, 1620567188.4389145, 3.1, 0.63, 9.19, -0.09, -0.09, -0.06, 0.31, 0.32, 8.68, -0.1, -0.11, -0.07
2021-05-09 16:33:08.548599, 1620567188.5485997, 2.98, 0.52, 9.22, -0.09, -0.12, -0.08, 0.37, 0.23, 8.79, -0.1, -0.13, -0.1
2021-05-09 16:33:08.658488, 1620567188.6584883, 2.99, 0.47, 9.45, -0.09, -0.2, -0.1, 0.41, 0.21, 8.96, -0.07, -0.23, -0.12
2021-05-09 16:33:08.767815, 1620567188.7678156, 3.02, 0.46, 9.23, -0.04, -0.34, -0.06, 0.53, 0.29, 8.74, -0.01, -0.38, -0.07
2021-05-09 16:33:08.877417, 1620567188.8774176, 3.65, 0.4, 9.12, -0.03, -0.4, -0.07, 0.95, 0.18, 8.76, -0.01, -0.53, -0.03
2021-05-09 16:33:08.986962, 1620567188.986962, 4.37, 0.63, 9.44, -0.08, -0.21, -0.12, 1.6, 0.32, 9.23, -0.07, -0.31, -0.1
2021-05-09 16:33:09.096827, 1620567189.096827, 4.88, 0.53, 9.01, -0.07, -0.11, -0.07, 2.22, 0.51, 8.87, -0.08, -0.08, -0.04
2021-05-09 16:33:09.206141, 1620567189.2061417, 5.19, 0.4, 9.17, -0.01, -0.11, 0.02, 2.61, 0.4, 9.15, -0.0, -0.03, 0.05
2021-05-09 16:33:09.315702, 1620567189.3157022, 4.82, 0.51, 9.36, 0.02, -0.05, 0.01, 2.06, 0.35, 9.35, -0.01, 0.1, 0.05
2021-05-09 16:33:09.425013, 1620567189.425014, 4.71, 0.66, 9.24, 0.0, 0.01, -0.04, 1.91, 0.73, 9.23, 0.0, 0.07, -0.01
2021-05-09 16:33:09.534688, 1620567189.534688, 4.61, 0.98, 8.61, 0.03, 0.09, -0.04, 1.63, 0.87, 8.48, 0.01, 0.16, 0.02
2021-05-09 16:33:09.644302, 1620567189.6443021, 3.73, 1.02, 8.45, 0.0, 0.14, 0.04, 1.02, 0.8, 8.16, -0.07, 0.21, 0.07
2021-05-09 16:33:09.753482, 1620567189.7534828, 3.49, 0.78, 8.18, 0.0, 0.1, 0.16, 0.85, 0.66, 7.76, -0.1, 0.13, 0.18
2021-05-09 16:33:09.862985, 1620567189.8629856, 3.34, 0.71, 8.01, 0.05, 0.08, 0.24, 0.72, 0.59, 7.7, -0.12, 0.11, 0.26
2021-05-09 16:33:09.972529, 1620567189.97253, 3.19, 0.67, 7.78, 0.04, 0.11, 0.22, 0.64, 0.45, 7.17, -0.13, 0.14, 0.24
2021-05-09 16:33:10.082561, 1620567190.082561, 3.38, 0.45, 9.02, 0.05, 0.01, 0.36, 0.64, 0.2, 8.64, -0.12, 0.02, 0.39
2021-05-09 16:33:10.192315, 1620567190.1923149, 3.55, 0.2, 9.43, 0.07, -0.08, 0.39, 0.48, 0.01, 9.07, -0.08, -0.11, 0.4
2021-05-09 16:33:10.302108, 1620567190.302108, 3.38, 0.16, 8.95, 0.06, -0.04, 0.32, 0.37, -0.18, 8.48, -0.06, -0.06, 0.32
2021-05-09 16:33:10.411491, 1620567190.4114914, 3.18, -0.48, 8.82, 0.02, 0.01, 0.15, 0.33, -0.7, 8.29, -0.05, -0.02, 0.16
2021-05-09 16:33:10.521577, 1620567190.5215778, 3.08, -0.52, 9.04, -0.06, 0.03, -0.14, 0.07, -0.91, 8.47, -0.04, -0.0, -0.16
2021-05-09 16:33:10.631078, 1620567190.6310787, 2.73, -0.45, 9.11, -0.12, 0.09, -0.4, -0.23, -0.8, 8.45, -0.03, 0.08, -0.42
2021-05-09 16:33:10.740481, 1620567190.7404814, 2.54, -0.44, 9.3, -0.22, 0.07, -0.38, -0.14, -0.79, 8.66, -0.13, 0.06, -0.41
2021-05-09 16:33:10.849944, 1620567190.849944, 3.13, 0.16, 9.13, -0.19, 0.02, -0.15, 0.14, 0.12, 8.6, -0.16, 0.0, -0.19
2021-05-09 16:33:10.959686, 1620567190.9596858, 3.11, 0.71, 9.8, -0.07, -0.06, -0.02, 0.3, 0.76, 9.3, -0.08, -0.1, -0.04
2021-05-09 16:33:11.069389, 1620567191.0693898, 3.23, 0.58, 9.54, -0.18, -0.15, -0.16, 0.21, 0.21, 9.21, -0.17, -0.19, -0.14
2021-05-09 16:33:11.179008, 1620567191.179008, 3.18, 1.12, 9.08, -0.14, -0.2, -0.19, 0.0, 1.16, 8.43, -0.1, -0.21, -0.21
2021-05-09 16:33:11.288292, 1620567191.2882926, 3.01, 1.43, 9.28, -0.02, -0.12, -0.31, -0.1, 1.21, 8.77, 0.05, -0.14, -0.27
2021-05-09 16:33:11.398234, 1620567191.3982344, 2.97, 1.21, 9.05, 0.02, -0.06, -0.29, -0.01, 1.19, 8.35, 0.09, -0.07, -0.24
2021-05-09 16:33:11.507617, 1620567191.5076172, 2.89, 1.34, 9.19, 0.07, -0.04, -0.22, -0.09, 1.16, 8.62, 0.1, -0.01, -0.16
2021-05-09 16:33:11.617292, 1620567191.6172924, 2.87, 1.37, 9.12, 0.07, -0.05, -0.14, -0.07, 1.03, 8.54, 0.07, -0.04, -0.04
2021-05-09 16:33:11.726103, 1620567191.726103, 2.88, 1.25, 9.13, 0.04, -0.02, -0.05, -0.1, 1.06, 8.46, 0.02, -0.02, 0.02
2021-05-09 16:33:11.836493, 1620567191.8364933, 2.93, 1.13, 9.46, 0.02, -0.03, -0.09, -0.07, 0.8, 8.9, -0.02, -0.01, -0.04
2021-05-09 16:33:11.945904, 1620567191.945904, 3.1, 1.26, 9.02, -0.01, -0.1, -0.1, 0.2, 1.07, 8.46, -0.01, -0.13, -0.07
2021-05-09 16:33:12.055563, 1620567192.0555637, 3.27, 1.15, 9.19, -0.01, -0.11, -0.08, 0.29, 0.88, 8.71, -0.02, -0.12, -0.01
2021-05-09 16:33:12.165453, 1620567192.1654537, 3.27, 1.13, 9.13, -0.03, -0.09, -0.04, 0.28, 0.91, 8.62, -0.05, -0.09, -0.02
2021-05-09 16:33:12.274158, 1620567192.274159, 3.19, 1.12, 9.17, -0.03, -0.06, 0.0, 0.26, 0.85, 8.71, -0.06, -0.06, 0.0
