human_time, computer_time, x_acc_1, y_acc_1, z_acc_1, x_gyro_1, y_gyro_1, z_gyro_1, x_acc_2, y_acc_2, z_acc_2, x_gyro_2, y_gyro_2, z_gyro_2
2021-05-09 16:35:15.222613, 1620567315.222614, 2.48, 0.84, 9.02, -0.07, -0.14, 0.07, -0.37, 0.62, 8.39, -0.08, -0.19, 0.03
2021-05-09 16:35:15.330325, 1620567315.3303254, 2.67, 0.71, 9.22, -0.1, -0.1, 0.03, -0.31, 0.42, 8.55, -0.11, -0.16, -0.01
2021-05-09 16:35:15.441786, 1620567315.4417863, 2.8, 0.66, 9.22, -0.11, -0.1, -0.05, -0.17, 0.5, 8.58, -0.1, -0.14, -0.06
2021-05-09 16:35:15.551447, 1620567315.5514479, 2.79, 0.82, 9.18, -0.06, -0.02, -0.05, -0.17, 0.67, 8.54, -0.09, -0.09, -0.02
2021-05-09 16:35:15.658961, 1620567315.658962, 2.6, 0.92, 9.36, -0.02, -0.08, 0.02, -0.14, 0.77, 8.67, -0.07, -0.12, 0.04
2021-05-09 16:35:15.770735, 1620567315.770736, 2.79, 0.88, 9.25, 0.04, -0.07, 0.1, -0.1, 0.67, 8.59, -0.04, -0.12, 0.15
2021-05-09 16:35:15.878279, 1620567315.8782794, 2.8, 0.92, 9.29, 0.0, -0.06, 0.11, 0.05, 0.65, 8.65, -0.06, -0.1, 0.13
2021-05-09 16:35:15.987929, 1620567315.987929, 2.82, 0.99, 9.22, -0.03, -0.05, 0.05, 0.02, 0.7, 8.61, -0.08, -0.07, 0.08
2021-05-09 16:35:16.097607, 1620567316.0976076, 2.81, 0.88, 9.21, -0.04, -0.02, 0.0, 0.05, 0.68, 8.57, -0.07, -0.03, 0.01
2021-05-09 16:35:16.207193, 1620567316.2071936, 2.66, 0.93, 9.3, -0.03, -0.02, -0.04, -0.06, 0.69, 8.62, -0.06, -0.03, -0.02
2021-05-09 16:35:16.317346, 1620567316.317346, 2.6, 0.93, 9.34, -0.04, -0.04, -0.05, -0.12, 0.7, 8.66, -0.06, -0.03, -0.04
2021-05-09 16:35:16.426172, 1620567316.4261725, 2.61, 0.94, 9.3, -0.03, -0.05, -0.06, -0.14, 0.72, 8.61, -0.05, -0.04, -0.04
2021-05-09 16:35:16.535848, 1620567316.5358481, 2.61, 0.95, 9.31, -0.02, -0.03, -0.02, -0.19, 0.72, 8.6, -0.05, -0.02, 0.01
2021-05-09 16:35:16.647157, 1620567316.6471574, 2.59, 0.98, 9.34, -0.03, -0.05, -0.02, -0.18, 0.72, 8.64, -0.06, -0.06, -0.01
2021-05-09 16:35:16.756742, 1620567316.756743, 2.58, 0.99, 9.37, -0.04, -0.06, -0.02, -0.17, 0.76, 8.71, -0.07, -0.06, -0.01
2021-05-09 16:35:16.866204, 1620567316.8662047, 2.6, 0.99, 9.28, -0.03, -0.08, 0.04, -0.15, 0.76, 8.6, -0.07, -0.09, 0.04
2021-05-09 16:35:16.974266, 1620567316.974266, 2.65, 0.97, 9.34, -0.02, -0.07, 0.05, -0.1, 0.7, 8.66, -0.07, -0.09, 0.05
2021-05-09 16:35:17.084089, 1620567317.0840893, 2.71, 1.05, 9.27, -0.03, -0.08, 0.07, -0.07, 0.79, 8.58, -0.08, -0.09, 0.08
2021-05-09 16:35:17.195057, 1620567317.1950572, 2.68, 1.0, 9.31, -0.02, -0.07, 0.13, -0.07, 0.69, 8.68, -0.09, -0.08, 0.14
2021-05-09 16:35:17.301946, 1620567317.3019462, 2.7, 0.88, 9.28, -0.03, -0.06, 0.13, -0.07, 0.63, 8.63, -0.09, -0.06, 0.14
2021-05-09 16:35:17.414192, 1620567317.4141927, 2.69, 0.92, 9.29, -0.02, -0.05, 0.13, -0.04, 0.73, 8.63, -0.09, -0.06, 0.14
2021-05-09 16:35:17.520468, 1620567317.5204687, 2.67, 1.05, 9.24, 0.02, -0.02, 0.23, -0.11, 0.82, 8.57, -0.08, -0.03, 0.25
2021-05-09 16:35:17.629685, 1620567317.629685, 2.58, 0.94, 9.31, 0.03, -0.03, 0.3, -0.16, 0.67, 8.64, -0.09, -0.03, 0.31
2021-05-09 16:35:17.742787, 1620567317.7427876, 2.5, 0.76, 9.37, 0.01, -0.04, 0.23, -0.19, 0.42, 8.69, -0.1, -0.05, 0.24
2021-05-09 16:35:17.851799, 1620567317.8517992, 2.56, 0.67, 9.35, -0.04, -0.07, 0.05, -0.14, 0.33, 8.67, -0.08, -0.09, 0.05
2021-05-09 16:35:17.962243, 1620567317.962243, 2.68, 0.62, 9.31, -0.07, -0.08, -0.14, -0.06, 0.36, 8.65, -0.06, -0.1, -0.14
2021-05-09 16:35:18.071403, 1620567318.0714037, 2.67, 0.64, 9.34, -0.08, -0.09, -0.32, -0.07, 0.37, 8.67, -0.02, -0.09, -0.32
2021-05-09 16:35:18.181457, 1620567318.1814578, 2.62, 0.76, 9.29, -0.12, -0.09, -0.49, -0.08, 0.42, 8.63, -0.01, -0.1, -0.49
2021-05-09 16:35:18.291421, 1620567318.2914212, 2.65, 0.88, 9.29, -0.14, -0.08, -0.59, -0.09, 0.64, 8.63, -0.0, -0.09, -0.58
2021-05-09 16:35:18.400942, 1620567318.400942, 2.65, 1.05, 9.32, -0.14, -0.08, -0.56, -0.1, 0.82, 8.66, -0.01, -0.08, -0.56
2021-05-09 16:35:18.510424, 1620567318.5104244, 2.7, 1.22, 9.26, -0.11, -0.07, -0.41, -0.05, 1.06, 8.6, -0.02, -0.07, -0.38
2021-05-09 16:35:18.620481, 1620567318.6204815, 2.7, 1.19, 9.31, -0.08, -0.06, -0.2, -0.05, 0.99, 8.64, -0.05, -0.06, -0.18
2021-05-09 16:35:18.727696, 1620567318.7276962, 2.64, 1.15, 9.33, -0.03, -0.07, -0.0, -0.11, 0.96, 8.65, -0.06, -0.07, 0.02
2021-05-09 16:35:18.839197, 1620567318.8391979, 2.65, 1.09, 9.29, -0.0, -0.06, 0.14, -0.14, 0.88, 8.61, -0.08, -0.06, 0.16
2021-05-09 16:35:18.948615, 1620567318.948615, 2.65, 1.08, 9.28, 0.03, -0.06, 0.22, -0.15, 0.9, 8.58, -0.08, -0.03, 0.24
2021-05-09 16:35:19.056376, 1620567319.0563765, 2.59, 1.05, 9.41, 0.04, -0.05, 0.28, -0.14, 0.73, 8.74, -0.09, -0.03, 0.31
2021-05-09 16:35:19.167974, 1620567319.1679747, 2.76, 0.95, 9.22, 0.02, -0.1, 0.26, -0.11, 0.63, 8.56, -0.11, -0.07, 0.27
2021-05-09 16:35:19.275873, 1620567319.275873, 2.79, 0.89, 9.26, 0.01, -0.12, 0.23, -0.13, 0.56, 8.63, -0.13, -0.04, 0.16
2021-05-09 16:35:19.385402, 1620567319.3854024, 2.84, 0.73, 9.22, -0.07, -0.08, 0.07, -0.11, 0.4, 8.6, -0.11, -0.06, 0.05
2021-05-09 16:35:19.494821, 1620567319.4948218, 2.8, 0.79, 9.28, -0.09, -0.05, -0.04, -0.15, 0.49, 8.66, -0.09, -0.07, -0.04
2021-05-09 16:35:19.604793, 1620567319.6047938, 2.78, 0.88, 9.31, -0.07, -0.06, -0.05, -0.13, 0.57, 8.65, -0.07, -0.09, -0.05
2021-05-09 16:35:19.715763, 1620567319.7157638, 2.82, 0.86, 9.21, -0.06, -0.04, -0.07, -0.09, 0.6, 8.59, -0.06, -0.08, -0.06
2021-05-09 16:35:19.823724, 1620567319.823724, 2.74, 0.89, 9.27, -0.05, -0.04, -0.06, -0.1, 0.61, 8.59, -0.06, -0.08, -0.05
2021-05-09 16:35:19.934949, 1620567319.9349494, 2.71, 0.84, 9.27, -0.04, -0.03, -0.05, -0.1, 0.6, 8.6, -0.05, -0.07, -0.04
2021-05-09 16:35:20.042770, 1620567320.04277, 2.64, 0.89, 9.3, -0.03, -0.03, -0.04, -0.16, 0.66, 8.63, -0.05, -0.05, -0.02
2021-05-09 16:35:20.152322, 1620567320.1523223, 2.62, 0.94, 9.31, 0.01, -0.05, -0.04, -0.17, 0.65, 8.61, -0.02, -0.05, 0.01
2021-05-09 16:35:20.261952, 1620567320.2619524, 2.61, 0.89, 9.32, -0.01, -0.05, 0.01, -0.18, 0.59, 8.66, -0.05, -0.06, 0.04
2021-05-09 16:35:20.368862, 1620567320.3688629, 2.64, 0.85, 9.34, -0.03, -0.07, 0.02, -0.16, 0.59, 8.67, -0.05, -0.06, 0.02
2021-05-09 16:35:20.482958, 1620567320.482958, 2.62, 0.89, 9.34, -0.03, -0.08, -0.01, -0.16, 0.65, 8.66, -0.05, -0.06, 0.01
2021-05-09 16:35:20.592872, 1620567320.5928721, 2.7, 0.91, 9.29, -0.06, -0.08, -0.03, -0.15, 0.64, 8.63, -0.07, -0.07, -0.02
2021-05-09 16:35:20.702402, 1620567320.7024028, 2.69, 0.89, 9.28, -0.06, -0.07, -0.04, -0.16, 0.68, 8.61, -0.07, -0.06, -0.03
2021-05-09 16:35:20.810296, 1620567320.8102968, 2.74, 0.9, 9.3, -0.05, -0.08, -0.03, -0.13, 0.65, 8.62, -0.07, -0.07, -0.03
2021-05-09 16:35:20.918986, 1620567320.9189868, 2.77, 0.85, 9.28, -0.05, -0.08, -0.04, -0.09, 0.64, 8.62, -0.07, -0.07, -0.02
2021-05-09 16:35:21.029123, 1620567321.0291238, 2.79, 0.88, 9.24, -0.04, -0.07, -0.02, -0.1, 0.67, 8.59, -0.06, -0.06, -0.01
2021-05-09 16:35:21.138994, 1620567321.1389947, 2.65, 0.91, 9.32, -0.02, -0.07, -0.01, -0.21, 0.65, 8.66, -0.05, -0.06, 0.01
2021-05-09 16:35:21.250171, 1620567321.250172, 2.71, 0.89, 9.32, -0.01, -0.1, 0.0, -0.18, 0.67, 8.66, -0.04, -0.09, 0.02
2021-05-09 16:35:21.359740, 1620567321.35974, 2.94, 0.82, 9.2, 0.01, -0.11, 0.0, -0.02, 0.62, 8.56, -0.01, -0.08, 0.02
2021-05-09 16:35:21.467329, 1620567321.4673293, 2.92, 1.03, 9.22, -0.01, -0.09, -0.01, -0.03, 0.81, 8.63, -0.03, -0.06, -0.01
2021-05-09 16:35:21.577325, 1620567321.5773258, 2.87, 1.03, 9.28, -0.01, -0.08, -0.02, -0.16, 0.81, 8.66, -0.04, -0.07, 0.0
2021-05-09 16:35:21.683924, 1620567321.6839244, 2.84, 1.14, 9.28, -0.02, -0.09, -0.01, -0.18, 0.84, 8.68, -0.05, -0.09, 0.01
2021-05-09 16:35:21.797302, 1620567321.7973022, 3.0, 1.18, 9.17, -0.06, -0.09, -0.01, -0.05, 0.92, 8.58, -0.1, -0.11, 0.01
2021-05-09 16:35:21.905913, 1620567321.9059138, 3.09, 0.99, 9.13, -0.08, -0.05, 0.01, 0.06, 0.72, 8.58, -0.13, -0.09, 0.02
2021-05-09 16:35:22.015339, 1620567322.0153396, 2.89, 0.72, 9.28, -0.07, -0.02, 0.0, -0.02, 0.55, 8.65, -0.11, -0.06, 0.01
2021-05-09 16:35:22.124544, 1620567322.1245446, 2.76, 0.76, 9.27, -0.06, -0.04, 0.0, -0.09, 0.51, 8.63, -0.07, -0.11, 0.01
2021-05-09 16:35:22.234094, 1620567322.2340944, 2.86, 0.98, 9.24, -0.05, -0.08, 0.0, 0.03, 0.77, 8.6, -0.05, -0.11, -0.02
2021-05-09 16:35:22.343966, 1620567322.343967, 2.99, 0.92, 9.16, -0.07, -0.08, -0.0, 0.12, 0.7, 8.58, -0.09, -0.08, -0.03
2021-05-09 16:35:22.454808, 1620567322.454808, 2.84, 0.91, 9.24, -0.11, -0.04, -0.0, 0.04, 0.68, 8.66, -0.12, -0.04, -0.04
2021-05-09 16:35:22.563129, 1620567322.5631297, 2.84, 0.68, 9.28, -0.1, -0.05, 0.07, 0.04, 0.66, 8.63, -0.15, -0.09, 0.02
2021-05-09 16:35:22.674262, 1620567322.6742623, 2.91, 0.52, 9.27, -0.04, -0.07, 0.04, 0.09, 0.47, 8.66, -0.08, -0.07, 0.05
2021-05-09 16:35:22.780471, 1620567322.7804718, 2.91, 0.58, 9.22, 0.0, -0.07, 0.03, 0.11, 0.47, 8.62, -0.05, -0.05, 0.06
2021-05-09 16:35:22.891791, 1620567322.8917916, 2.9, 0.6, 9.27, 0.01, -0.05, -0.02, 0.08, 0.4, 8.67, -0.03, -0.04, 0.03
2021-05-09 16:35:22.999703, 1620567322.999703, 2.81, 0.69, 9.27, 0.01, -0.03, -0.08, 0.02, 0.46, 8.67, -0.01, -0.06, -0.03
2021-05-09 16:35:23.110911, 1620567323.1109111, 2.78, 0.79, 9.31, -0.01, -0.06, -0.08, 0.04, 0.55, 8.67, -0.02, -0.08, -0.05
2021-05-09 16:35:23.220130, 1620567323.22013, 2.84, 0.85, 9.3, -0.03, -0.08, -0.09, 0.13, 0.66, 8.67, -0.03, -0.08, -0.06
2021-05-09 16:35:23.330236, 1620567323.330237, 2.95, 0.92, 9.19, -0.03, -0.08, -0.05, 0.14, 0.7, 8.57, -0.04, -0.06, -0.04
2021-05-09 16:35:23.439971, 1620567323.439972, 2.87, 0.95, 9.24, -0.04, -0.06, -0.01, 0.1, 0.74, 8.62, -0.06, -0.05, -0.0
2021-05-09 16:35:23.549144, 1620567323.5491445, 2.75, 0.91, 9.31, -0.03, -0.09, 0.01, -0.05, 0.7, 8.69, -0.07, -0.07, 0.02
2021-05-09 16:35:23.659962, 1620567323.6599622, 2.89, 0.85, 9.22, -0.04, -0.09, 0.02, 0.08, 0.68, 8.63, -0.07, -0.1, 0.03
2021-05-09 16:35:23.770363, 1620567323.7703633, 2.99, 0.81, 9.2, -0.02, -0.09, 0.02, 0.15, 0.64, 8.63, -0.06, -0.09, 0.04
2021-05-09 16:35:23.879089, 1620567323.8790896, 3.0, 0.83, 9.22, -0.03, -0.06, -0.01, 0.14, 0.65, 8.63, -0.07, -0.06, 0.01
2021-05-09 16:35:23.988947, 1620567323.9889476, 2.94, 0.83, 9.26, -0.03, -0.06, -0.03, 0.1, 0.65, 8.66, -0.06, -0.06, -0.01
2021-05-09 16:35:24.098249, 1620567324.0992074, 2.92, 0.91, 9.26, -0.04, -0.1, -0.02, 0.08, 0.71, 8.66, -0.06, -0.08, -0.01
2021-05-09 16:35:24.208683, 1620567324.2086835, 3.03, 0.87, 9.19, -0.03, -0.08, -0.02, 0.16, 0.68, 8.63, -0.06, -0.08, -0.0
2021-05-09 16:35:24.317970, 1620567324.3179708, 3.09, 0.9, 9.15, -0.04, -0.07, -0.02, 0.18, 0.73, 8.6, -0.06, -0.06, -0.01
2021-05-09 16:35:24.427551, 1620567324.4275517, 2.98, 0.9, 9.23, -0.04, -0.07, -0.02, 0.1, 0.7, 8.67, -0.06, -0.06, -0.0
2021-05-09 16:35:24.537483, 1620567324.5374837, 3.03, 0.88, 9.18, -0.04, -0.07, -0.01, 0.11, 0.67, 8.61, -0.06, -0.06, 0.01
2021-05-09 16:35:24.646099, 1620567324.6460989, 3.04, 0.89, 9.21, -0.05, -0.07, -0.01, 0.13, 0.69, 8.65, -0.07, -0.06, 0.01
2021-05-09 16:35:24.754592, 1620567324.7545922, 3.06, 0.86, 9.19, -0.04, -0.06, -0.01, 0.09, 0.67, 8.63, -0.07, -0.05, 0.01
2021-05-09 16:35:24.862624, 1620567324.862625, 2.93, 0.79, 9.25, -0.02, -0.17, -0.04, 0.08, 0.62, 8.71, -0.06, -0.07, 0.01
2021-05-09 16:35:24.975462, 1620567324.9754624, 3.18, 0.95, 9.16, -0.05, -0.05, -0.11, 0.01, 0.66, 8.63, -0.09, -0.02, -0.03
2021-05-09 16:35:25.082005, 1620567325.0820055, 3.22, 0.97, 9.08, -0.05, -0.08, -0.03, 0.13, 0.72, 8.54, -0.08, -0.08, -0.01
2021-05-09 16:35:25.192912, 1620567325.1929123, 3.11, 0.88, 9.22, -0.05, 0.0, 0.03, 0.15, 0.68, 8.65, -0.1, -0.02, 0.02
2021-05-09 16:35:25.302417, 1620567325.3024175, 3.14, 0.87, 9.15, -0.01, -0.04, 0.01, 0.04, 0.62, 8.62, -0.05, -0.06, 0.03
2021-05-09 16:35:25.411794, 1620567325.411795, 2.97, 0.92, 9.22, -0.03, -0.02, 0.0, 0.02, 0.64, 8.65, -0.07, -0.02, 0.02
2021-05-09 16:35:25.520608, 1620567325.5206091, 2.95, 0.9, 9.21, -0.02, -0.05, -0.01, -0.11, 0.6, 8.61, -0.05, -0.06, -0.0
2021-05-09 16:35:25.631262, 1620567325.6312623, 3.05, 0.88, 9.23, -0.02, -0.12, -0.0, 0.0, 0.56, 8.67, -0.05, -0.1, 0.01
2021-05-09 16:35:25.740547, 1620567325.7405472, 3.16, 0.95, 9.14, -0.02, -0.06, -0.01, 0.09, 0.72, 8.59, -0.05, -0.06, 0.01
2021-05-09 16:35:25.848491, 1620567325.8484917, 3.01, 0.93, 9.21, -0.04, -0.05, 0.0, -0.05, 0.61, 8.67, -0.07, -0.06, 0.01
2021-05-09 16:35:25.957344, 1620567325.9573443, 3.01, 0.91, 9.2, -0.05, -0.08, -0.01, -0.02, 0.65, 8.64, -0.07, -0.08, -0.01
2021-05-09 16:35:26.069576, 1620567326.0695763, 3.15, 0.92, 9.13, -0.04, -0.06, -0.02, 0.05, 0.65, 8.59, -0.06, -0.05, -0.03
2021-05-09 16:35:26.177524, 1620567326.1775243, 3.01, 0.98, 9.25, -0.04, -0.05, -0.02, -0.05, 0.67, 8.7, -0.06, -0.06, -0.01
2021-05-09 16:35:26.290338, 1620567326.2903385, 3.03, 0.97, 9.22, -0.05, -0.07, 0.05, -0.03, 0.73, 8.65, -0.09, -0.1, 0.03
2021-05-09 16:35:26.400118, 1620567326.400118, 3.05, 0.93, 9.22, -0.05, -0.05, 0.12, 0.05, 0.67, 8.67, -0.11, -0.11, 0.07
2021-05-09 16:35:26.509420, 1620567326.5094209, 3.11, 0.79, 9.12, -0.02, -0.05, 0.17, 0.13, 0.59, 8.58, -0.1, -0.1, 0.11
2021-05-09 16:35:26.618429, 1620567326.6184294, 3.14, 0.72, 9.11, 0.0, 0.0, 0.17, 0.24, 0.51, 8.59, -0.11, -0.08, 0.14
2021-05-09 16:35:26.726815, 1620567326.7268155, 2.96, 0.63, 9.25, -0.02, -0.01, 0.06, 0.11, 0.33, 8.68, -0.09, -0.05, 0.08
2021-05-09 16:35:26.838225, 1620567326.8382254, 2.91, 0.71, 9.26, -0.04, -0.03, -0.0, 0.13, 0.41, 8.68, -0.08, -0.05, 0.0
2021-05-09 16:35:26.947646, 1620567326.9476466, 2.94, 0.74, 9.21, -0.03, -0.09, -0.03, 0.12, 0.4, 8.63, -0.07, -0.05, 0.01
2021-05-09 16:35:27.057562, 1620567327.057562, 3.08, 0.67, 9.13, -0.07, -0.1, -0.09, 0.14, 0.37, 8.57, -0.08, -0.03, -0.03
2021-05-09 16:35:27.167188, 1620567327.1671882, 3.07, 0.67, 9.19, -0.05, -0.11, -0.1, 0.09, 0.39, 8.64, -0.05, -0.04, -0.05
2021-05-09 16:35:27.274641, 1620567327.2746418, 2.94, 0.7, 9.31, -0.06, -0.06, -0.15, -0.05, 0.34, 8.76, -0.04, -0.02, -0.1
2021-05-09 16:35:27.384889, 1620567327.3848896, 3.08, 0.89, 9.19, -0.08, -0.09, -0.17, 0.0, 0.54, 8.65, -0.05, -0.07, -0.14
2021-05-09 16:35:27.493813, 1620567327.4938135, 2.92, 0.87, 9.24, -0.08, -0.06, -0.1, -0.12, 0.58, 8.66, -0.07, -0.1, -0.09
2021-05-09 16:35:27.605296, 1620567327.6052961, 2.93, 0.8, 9.28, -0.04, -0.15, -0.05, -0.07, 0.58, 8.73, -0.05, -0.15, -0.02
2021-05-09 16:35:27.714894, 1620567327.7148945, 3.28, 0.85, 9.08, -0.08, -0.15, -0.01, 0.06, 0.56, 8.56, -0.06, -0.11, 0.06
2021-05-09 16:35:27.824385, 1620567327.8243852, 3.59, 0.68, 8.94, -0.11, -0.09, -0.02, 0.29, 0.49, 8.43, -0.13, -0.09, -0.03
2021-05-09 16:35:27.932540, 1620567327.932541, 3.19, 0.68, 9.2, -0.02, -0.02, -0.03, 0.1, 0.56, 8.71, -0.06, -0.08, -0.01
2021-05-09 16:35:28.042119, 1620567328.0421195, 3.12, 0.68, 9.2, -0.02, -0.02, 0.0, 0.09, 0.41, 8.69, -0.07, -0.11, -0.03
2021-05-09 16:35:28.153479, 1620567328.1534793, 3.16, 0.67, 9.1, -0.01, 0.01, 0.04, 0.21, 0.41, 8.58, -0.06, -0.07, -0.02
2021-05-09 16:35:28.262821, 1620567328.2628212, 2.96, 0.65, 9.26, -0.08, -0.04, -0.04, 0.19, 0.42, 8.68, -0.07, -0.04, -0.04
2021-05-09 16:35:28.372487, 1620567328.3724878, 3.06, 0.75, 9.2, -0.07, -0.07, -0.03, 0.14, 0.56, 8.64, -0.08, -0.06, -0.01
2021-05-09 16:35:28.481741, 1620567328.481741, 3.11, 0.62, 9.19, -0.04, -0.07, -0.04, 0.2, 0.47, 8.63, -0.06, -0.08, 0.01
2021-05-09 16:35:28.589951, 1620567328.5899513, 3.1, 0.71, 9.19, -0.03, -0.04, -0.0, 0.17, 0.45, 8.64, -0.06, -0.07, -0.01
2021-05-09 16:35:28.699550, 1620567328.6995506, 3.06, 0.67, 9.23, -0.05, -0.08, -0.02, 0.19, 0.47, 8.65, -0.07, -0.07, -0.02
2021-05-09 16:35:28.810679, 1620567328.810679, 3.15, 0.73, 9.17, -0.05, -0.08, -0.0, 0.22, 0.42, 8.66, -0.07, -0.08, -0.02
2021-05-09 16:35:28.918596, 1620567328.9185963, 3.15, 0.63, 9.16, -0.07, -0.07, 0.02, 0.26, 0.45, 8.66, -0.1, -0.08, -0.02
2021-05-09 16:35:29.028175, 1620567329.0281758, 3.14, 0.56, 9.17, -0.05, -0.06, 0.01, 0.25, 0.35, 8.62, -0.07, -0.09, 0.0
2021-05-09 16:35:29.139197, 1620567329.1391973, 3.1, 0.56, 9.15, -0.02, -0.04, 0.0, 0.24, 0.4, 8.61, -0.06, -0.07, 0.01
2021-05-09 16:35:29.247236, 1620567329.2472365, 3.03, 0.6, 9.2, -0.03, -0.02, -0.0, 0.18, 0.39, 8.67, -0.06, -0.05, -0.0
2021-05-09 16:35:29.358374, 1620567329.3583748, 3.02, 0.65, 9.22, -0.02, -0.01, -0.0, 0.17, 0.4, 8.65, -0.05, -0.04, 0.02
2021-05-09 16:35:29.467916, 1620567329.4679165, 2.9, 0.49, 9.29, -0.04, -0.04, -0.03, 0.17, 0.27, 8.71, -0.08, -0.06, -0.02
2021-05-09 16:35:29.574876, 1620567329.5748763, 2.93, 0.62, 9.26, -0.02, -0.07, -0.06, 0.18, 0.42, 8.65, -0.03, -0.1, -0.05
2021-05-09 16:35:29.687131, 1620567329.6871314, 3.18, 0.75, 9.13, -0.01, -0.09, 0.0, 0.39, 0.48, 8.59, -0.04, -0.1, 0.01
2021-05-09 16:35:29.796763, 1620567329.7967632, 3.14, 0.69, 9.11, -0.01, -0.04, -0.0, 0.32, 0.42, 8.58, -0.05, -0.04, 0.01
2021-05-09 16:35:29.906309, 1620567329.9063096, 2.92, 0.73, 9.24, -0.03, 0.02, -0.02, 0.17, 0.44, 8.65, -0.05, -0.02, 0.01
2021-05-09 16:35:30.016038, 1620567330.0160382, 2.83, 0.7, 9.26, -0.03, -0.01, -0.03, 0.11, 0.39, 8.62, -0.06, -0.01, -0.02
2021-05-09 16:35:30.125416, 1620567330.1254165, 2.77, 0.74, 9.33, -0.05, -0.05, -0.05, 0.06, 0.48, 8.7, -0.07, -0.04, -0.03
2021-05-09 16:35:30.234975, 1620567330.2349756, 2.85, 0.75, 9.28, -0.05, -0.09, -0.04, 0.12, 0.49, 8.67, -0.06, -0.07, -0.03
2021-05-09 16:35:30.344784, 1620567330.3447845, 2.89, 0.76, 9.27, -0.03, -0.09, -0.02, 0.12, 0.48, 8.67, -0.06, -0.08, -0.01
2021-05-09 16:35:30.454331, 1620567330.4543312, 2.95, 0.75, 9.25, -0.03, -0.12, 0.0, 0.19, 0.47, 8.66, -0.06, -0.11, 0.01
2021-05-09 16:35:30.563701, 1620567330.5637012, 2.98, 0.75, 9.24, -0.02, -0.13, 0.02, 0.19, 0.49, 8.66, -0.05, -0.13, 0.03
2021-05-09 16:35:30.672599, 1620567330.6725998, 2.97, 0.74, 9.28, -0.02, -0.14, 0.02, 0.17, 0.49, 8.7, -0.05, -0.14, 0.03
2021-05-09 16:35:30.782907, 1620567330.7829075, 3.09, 0.67, 9.2, -0.03, -0.18, 0.01, 0.37, 0.45, 8.68, -0.04, -0.21, 0.01
2021-05-09 16:35:30.892116, 1620567330.8921163, 3.19, 0.73, 9.18, -0.02, -0.21, -0.0, 0.51, 0.54, 8.7, -0.03, -0.24, 0.01
2021-05-09 16:35:31.000318, 1620567331.0003185, 3.35, 0.73, 9.16, -0.02, -0.27, -0.0, 0.75, 0.57, 8.72, -0.03, -0.31, 0.01
2021-05-09 16:35:31.107860, 1620567331.1078606, 3.61, 0.82, 8.97, -0.01, -0.33, 0.01, 1.13, 0.64, 8.65, -0.02, -0.42, 0.02
2021-05-09 16:35:31.219818, 1620567331.2198179, 3.93, 0.83, 8.86, -0.02, -0.36, 0.03, 1.43, 0.67, 8.58, -0.05, -0.43, 0.01
2021-05-09 16:35:31.331051, 1620567331.3310513, 4.11, 0.78, 8.84, -0.03, -0.43, 0.05, 1.8, 0.61, 8.63, -0.06, -0.47, 0.03
2021-05-09 16:35:31.438657, 1620567331.4386575, 4.53, 0.81, 8.6, -0.04, -0.52, 0.04, 2.31, 0.69, 8.52, -0.06, -0.53, -0.03
2021-05-09 16:35:31.548209, 1620567331.5482094, 5.07, 0.72, 8.25, -0.05, -0.61, 0.04, 2.73, 0.69, 8.29, -0.06, -0.57, -0.04
2021-05-09 16:35:31.659676, 1620567331.6596763, 5.7, 0.74, 7.93, -0.02, -0.59, -0.03, 3.28, 0.69, 8.16, -0.06, -0.56, -0.05
2021-05-09 16:35:31.769237, 1620567331.7692375, 6.02, 0.72, 7.64, -0.04, -0.58, -0.01, 3.83, 0.66, 8.05, -0.06, -0.55, -0.05
2021-05-09 16:35:31.878823, 1620567331.8788233, 6.46, 0.75, 7.28, -0.07, -0.6, 0.02, 4.4, 0.74, 7.85, -0.07, -0.61, -0.03
2021-05-09 16:35:31.988453, 1620567331.9884531, 7.02, 0.62, 6.72, -0.1, -0.7, 0.07, 4.93, 0.77, 7.4, -0.03, -0.72, -0.03
2021-05-09 16:35:32.098209, 1620567332.0982099, 7.64, 0.43, 6.32, -0.07, -0.62, 0.07, 5.53, 0.8, 7.15, -0.01, -0.67, -0.0
2021-05-09 16:35:32.207734, 1620567332.2077343, 8.13, 0.48, 5.85, -0.03, -0.5, 0.06, 6.02, 0.85, 6.73, -0.01, -0.56, -0.01
2021-05-09 16:35:32.315419, 1620567332.31542, 8.32, 0.34, 5.54, -0.05, -0.41, 0.04, 6.51, 0.83, 6.43, -0.03, -0.48, -0.01
2021-05-09 16:35:32.425039, 1620567332.4250398, 8.37, 0.33, 5.21, -0.04, -0.41, 0.05, 6.93, 0.99, 6.13, -0.03, -0.5, 0.04
2021-05-09 16:35:32.534841, 1620567332.5348418, 8.47, 0.34, 4.89, -0.06, -0.5, 0.11, 7.22, 0.94, 5.82, -0.04, -0.58, 0.12
2021-05-09 16:35:32.644225, 1620567332.6442251, 8.86, -0.06, 4.52, -0.05, -0.49, 0.13, 7.52, 0.67, 5.39, -0.05, -0.55, 0.07
2021-05-09 16:35:32.755712, 1620567332.7557125, 9.19, -0.01, 4.15, -0.04, -0.41, 0.02, 7.92, 0.73, 5.03, -0.04, -0.45, -0.0
2021-05-09 16:35:32.865218, 1620567332.8652184, 9.45, -0.1, 3.81, -0.06, -0.34, -0.0, 8.25, 0.72, 4.74, -0.06, -0.37, -0.03
2021-05-09 16:35:32.974776, 1620567332.9747763, 9.59, -0.02, 3.57, -0.05, -0.26, -0.04, 8.43, 0.92, 4.46, -0.04, -0.27, -0.04
2021-05-09 16:35:33.084368, 1620567333.084368, 9.5, -0.01, 3.42, -0.03, -0.16, 0.0, 8.51, 0.9, 4.32, -0.06, -0.2, -0.0
2021-05-09 16:35:33.193928, 1620567333.1939285, 9.47, -0.01, 3.39, -0.03, -0.12, 0.01, 8.53, 0.9, 4.3, -0.06, -0.17, 0.02
2021-05-09 16:35:33.303817, 1620567333.3038173, 9.56, -0.1, 3.32, -0.04, -0.07, 0.01, 8.67, 0.83, 4.18, -0.07, -0.14, 0.01
2021-05-09 16:35:33.412225, 1620567333.412225, 9.68, -0.19, 3.27, -0.05, -0.07, -0.02, 8.72, 0.8, 4.11, -0.08, -0.06, -0.02
2021-05-09 16:35:33.518734, 1620567333.518734, 9.74, -0.14, 3.33, -0.02, 0.06, -0.03, 8.68, 0.84, 4.15, -0.07, 0.06, -0.01
2021-05-09 16:35:33.632232, 1620567333.6322322, 9.55, -0.12, 3.47, -0.01, 0.18, -0.04, 8.54, 0.82, 4.32, -0.08, 0.19, -0.02
2021-05-09 16:35:33.737651, 1620567333.7376518, 9.38, -0.03, 3.76, -0.02, 0.27, -0.07, 8.3, 0.84, 4.6, -0.1, 0.28, -0.03
2021-05-09 16:35:33.851556, 1620567333.8515568, 9.19, 0.05, 4.14, -0.04, 0.32, -0.06, 8.0, 0.88, 4.95, -0.13, 0.35, -0.02
2021-05-09 16:35:33.957996, 1620567333.9579964, 8.87, 0.07, 4.53, -0.03, 0.38, -0.07, 7.62, 0.8, 5.34, -0.13, 0.42, -0.03
2021-05-09 16:35:34.070682, 1620567334.070682, 8.6, 0.08, 5.0, -0.04, 0.41, -0.06, 7.22, 0.73, 5.77, -0.14, 0.46, -0.02
2021-05-09 16:35:34.180081, 1620567334.1800816, 8.28, 0.15, 5.42, -0.02, 0.48, -0.09, 6.74, 0.69, 6.16, -0.13, 0.52, -0.02
2021-05-09 16:35:34.286628, 1620567334.286628, 7.84, 0.31, 5.91, -0.03, 0.52, -0.08, 6.24, 0.73, 6.6, -0.14, 0.55, 0.0
2021-05-09 16:35:34.396901, 1620567334.3969011, 7.42, 0.29, 6.38, -0.02, 0.52, -0.05, 5.71, 0.61, 7.01, -0.13, 0.57, 0.01
2021-05-09 16:35:34.508264, 1620567334.5082638, 6.81, 0.39, 6.97, 0.04, 0.52, -0.03, 4.97, 0.57, 7.47, -0.09, 0.54, 0.03
2021-05-09 16:35:34.617004, 1620567334.6170044, 6.5, 0.49, 7.35, 0.04, 0.51, -0.04, 4.44, 0.51, 7.69, -0.1, 0.53, 0.03
2021-05-09 16:35:34.726355, 1620567334.7263553, 5.95, 0.56, 7.69, 0.04, 0.47, -0.01, 3.91, 0.53, 7.99, -0.08, 0.52, 0.09
2021-05-09 16:35:34.835950, 1620567334.8359501, 5.56, 0.64, 8.03, 0.04, 0.42, 0.0, 3.39, 0.51, 8.2, -0.08, 0.49, 0.13
2021-05-09 16:35:34.945611, 1620567334.9456115, 5.14, 0.63, 8.22, 0.02, 0.43, -0.04, 2.78, 0.29, 8.32, -0.08, 0.48, 0.11
2021-05-09 16:35:35.053152, 1620567335.0531523, 4.58, 0.76, 8.56, -0.01, 0.39, -0.04, 2.24, 0.32, 8.54, -0.09, 0.47, 0.11
2021-05-09 16:35:35.163909, 1620567335.1639092, 4.12, 0.71, 8.74, -0.01, 0.25, -0.06, 1.77, 0.15, 8.62, -0.05, 0.36, 0.07
2021-05-09 16:35:35.274308, 1620567335.2743082, 4.02, 0.87, 8.87, -0.03, 0.26, -0.04, 1.38, 0.37, 8.64, -0.05, 0.26, 0.02
2021-05-09 16:35:35.384294, 1620567335.3842947, 3.67, 0.72, 9.06, -0.02, 0.22, -0.12, 1.01, 0.13, 8.77, -0.02, 0.27, -0.06
2021-05-09 16:35:35.493439, 1620567335.493439, 3.39, 0.93, 9.09, -0.02, 0.2, -0.13, 0.65, 0.44, 8.65, -0.02, 0.22, -0.07
2021-05-09 16:35:35.602551, 1620567335.6025515, 3.16, 0.94, 9.25, 0.03, 0.03, -0.1, 0.43, 0.53, 8.73, -0.01, 0.13, -0.02
2021-05-09 16:35:35.712709, 1620567335.7127097, 3.14, 1.04, 9.2, -0.04, 0.03, -0.12, 0.16, 0.41, 8.7, -0.05, 0.1, -0.05
2021-05-09 16:35:35.822361, 1620567335.822362, 3.02, 1.03, 9.27, -0.06, -0.01, -0.07, 0.09, 0.5, 8.74, -0.05, -0.0, -0.05
2021-05-09 16:35:35.931835, 1620567335.931836, 3.07, 1.03, 9.24, -0.07, -0.04, -0.03, 0.04, 0.49, 8.68, -0.08, -0.05, -0.03
2021-05-09 16:35:36.043149, 1620567336.0431497, 3.06, 0.92, 9.2, -0.04, -0.06, -0.02, 0.05, 0.46, 8.68, -0.06, -0.07, -0.02
2021-05-09 16:35:36.151598, 1620567336.151599, 3.06, 0.96, 9.19, -0.04, -0.04, -0.01, 0.07, 0.45, 8.62, -0.06, -0.08, -0.0
2021-05-09 16:35:36.262122, 1620567336.262122, 3.02, 0.99, 9.17, -0.04, -0.03, -0.0, 0.06, 0.49, 8.64, -0.06, -0.07, 0.0
2021-05-09 16:35:36.371960, 1620567336.3719604, 2.98, 0.98, 9.2, -0.05, -0.04, 0.02, 0.05, 0.45, 8.63, -0.07, -0.08, 0.01
2021-05-09 16:35:36.479740, 1620567336.4797404, 3.0, 0.94, 9.2, -0.04, -0.05, 0.02, 0.03, 0.5, 8.61, -0.07, -0.07, 0.02
2021-05-09 16:35:36.590865, 1620567336.5908659, 2.88, 0.92, 9.24, -0.04, -0.05, 0.0, 0.02, 0.44, 8.65, -0.07, -0.05, 0.01
2021-05-09 16:35:36.700531, 1620567336.700532, 2.94, 0.89, 9.21, -0.03, -0.04, -0.01, 0.04, 0.42, 8.62, -0.07, -0.04, 0.01
2021-05-09 16:35:36.808348, 1620567336.808349, 2.91, 0.92, 9.22, -0.04, -0.05, -0.01, 0.01, 0.46, 8.66, -0.07, -0.05, 0.01
2021-05-09 16:35:36.918291, 1620567336.918291, 2.92, 0.92, 9.24, -0.03, -0.04, -0.02, 0.01, 0.45, 8.66, -0.06, -0.04, 0.0
2021-05-09 16:35:37.027255, 1620567337.0272553, 2.89, 0.91, 9.23, -0.04, -0.05, -0.02, -0.02, 0.4, 8.63, -0.06, -0.06, 0.0
2021-05-09 16:35:37.136880, 1620567337.1368802, 2.87, 0.93, 9.25, -0.04, -0.06, -0.01, -0.03, 0.44, 8.66, -0.07, -0.06, 0.0
2021-05-09 16:35:37.248167, 1620567337.2481678, 2.91, 0.91, 9.2, -0.04, -0.07, 0.0, -0.01, 0.45, 8.62, -0.07, -0.08, 0.01
2021-05-09 16:35:37.356224, 1620567337.3562245, 2.92, 0.92, 9.23, -0.04, -0.07, 0.0, 0.01, 0.42, 8.64, -0.07, -0.08, 0.01
2021-05-09 16:35:37.467320, 1620567337.4673207, 2.89, 0.9, 9.23, -0.04, -0.07, -0.01, -0.03, 0.45, 8.66, -0.07, -0.08, 0.01
2021-05-09 16:35:37.576979, 1620567337.5769796, 2.92, 0.91, 9.23, -0.04, -0.07, -0.01, 0.01, 0.4, 8.66, -0.07, -0.08, 0.01
2021-05-09 16:35:37.686582, 1620567337.6865828, 2.95, 0.86, 9.23, -0.04, -0.07, -0.01, 0.05, 0.38, 8.66, -0.07, -0.08, 0.0
2021-05-09 16:35:37.794484, 1620567337.7944841, 2.96, 0.87, 9.23, -0.04, -0.07, -0.03, 0.04, 0.4, 8.64, -0.07, -0.08, -0.01
2021-05-09 16:35:37.904266, 1620567337.9042666, 3.0, 0.88, 9.2, -0.05, -0.06, -0.05, 0.08, 0.38, 8.64, -0.06, -0.07, -0.04
2021-05-09 16:35:38.013410, 1620567338.0134108, 2.96, 0.88, 9.23, -0.04, -0.05, -0.05, 0.04, 0.4, 8.64, -0.06, -0.05, -0.03
2021-05-09 16:35:38.123065, 1620567338.123065, 2.93, 0.92, 9.25, -0.03, -0.06, -0.03, 0.02, 0.42, 8.65, -0.05, -0.06, -0.01
2021-05-09 16:35:38.234405, 1620567338.234405, 2.92, 0.94, 9.24, -0.03, -0.07, -0.01, 0.02, 0.45, 8.65, -0.06, -0.07, 0.0
2021-05-09 16:35:38.340397, 1620567338.3403976, 2.95, 0.95, 9.26, -0.03, -0.08, -0.01, 0.03, 0.45, 8.66, -0.06, -0.08, 0.0
2021-05-09 16:35:38.451741, 1620567338.451741, 3.01, 0.95, 9.22, -0.02, -0.07, 0.0, 0.06, 0.46, 8.63, -0.06, -0.07, 0.02
2021-05-09 16:35:38.561417, 1620567338.561417, 2.94, 0.93, 9.25, -0.03, -0.06, 0.0, 0.03, 0.44, 8.66, -0.06, -0.07, 0.01
2021-05-09 16:35:38.669039, 1620567338.6690397, 2.96, 0.92, 9.24, -0.03, -0.06, -0.01, 0.05, 0.42, 8.65, -0.06, -0.08, -0.0
2021-05-09 16:35:38.782091, 1620567338.7820919, 2.95, 0.96, 9.21, -0.03, -0.06, -0.01, 0.08, 0.44, 8.63, -0.05, -0.08, 0.0
2021-05-09 16:35:38.890142, 1620567338.8901427, 2.92, 0.96, 9.23, -0.04, -0.06, -0.01, 0.06, 0.47, 8.65, -0.06, -0.08, -0.0
2021-05-09 16:35:39.001246, 1620567339.0012465, 2.97, 0.96, 9.2, -0.03, -0.06, -0.01, 0.13, 0.46, 8.65, -0.06, -0.08, -0.01
2021-05-09 16:35:39.110819, 1620567339.1108196, 2.97, 0.95, 9.21, -0.04, -0.06, -0.01, 0.11, 0.48, 8.63, -0.06, -0.07, -0.0
2021-05-09 16:35:39.218825, 1620567339.2188256, 2.94, 0.95, 9.2, -0.04, -0.06, -0.01, 0.1, 0.47, 8.64, -0.06, -0.07, 0.01
2021-05-09 16:35:39.328166, 1620567339.328167, 2.96, 0.94, 9.22, -0.04, -0.06, -0.0, 0.12, 0.46, 8.65, -0.07, -0.07, 0.01
2021-05-09 16:35:39.436440, 1620567339.436441, 2.97, 0.94, 9.23, -0.04, -0.07, -0.01, 0.14, 0.48, 8.65, -0.07, -0.07, 0.0
2021-05-09 16:35:39.547239, 1620567339.5472395, 2.97, 0.92, 9.2, -0.04, -0.07, -0.01, 0.14, 0.48, 8.64, -0.06, -0.08, 0.0
2021-05-09 16:35:39.658557, 1620567339.6585574, 3.0, 0.94, 9.22, -0.04, -0.06, -0.01, 0.17, 0.48, 8.65, -0.06, -0.07, 0.01
2021-05-09 16:35:39.769262, 1620567339.7692626, 2.96, 0.95, 9.23, -0.03, -0.07, -0.0, 0.15, 0.49, 8.66, -0.06, -0.07, 0.01
2021-05-09 16:35:39.877730, 1620567339.8777308, 3.0, 0.96, 9.2, -0.03, -0.07, -0.0, 0.18, 0.5, 8.64, -0.06, -0.07, 0.01
2021-05-09 16:35:39.986716, 1620567339.9867165, 2.98, 0.96, 9.23, -0.03, -0.08, -0.0, 0.18, 0.46, 8.66, -0.06, -0.08, 0.01
2021-05-09 16:35:40.096879, 1620567340.0968797, 2.98, 0.94, 9.25, -0.03, -0.09, 0.02, 0.19, 0.45, 8.7, -0.06, -0.08, 0.03
2021-05-09 16:35:40.206453, 1620567340.206454, 3.05, 0.95, 9.17, -0.03, -0.09, -0.0, 0.21, 0.45, 8.64, -0.06, -0.08, 0.02
2021-05-09 16:35:40.316029, 1620567340.3160298, 3.05, 0.91, 9.19, -0.03, -0.07, -0.01, 0.21, 0.46, 8.67, -0.06, -0.06, 0.01
2021-05-09 16:35:40.425058, 1620567340.4250586, 3.06, 0.98, 9.21, -0.03, -0.06, -0.01, 0.2, 0.48, 8.66, -0.06, -0.06, 0.0
2021-05-09 16:35:40.535158, 1620567340.5351586, 3.1, 0.99, 9.17, -0.04, -0.07, -0.0, 0.25, 0.55, 8.61, -0.06, -0.07, 0.04
2021-05-09 16:35:40.643640, 1620567340.6436408, 3.13, 0.96, 9.16, -0.04, -0.06, 0.04, 0.22, 0.44, 8.66, -0.07, -0.05, 0.04
2021-05-09 16:35:40.750774, 1620567340.7507744, 3.1, 0.87, 9.21, -0.06, -0.07, -0.02, 0.19, 0.41, 8.69, -0.07, -0.07, -0.02
2021-05-09 16:35:40.863909, 1620567340.863909, 3.12, 0.95, 9.18, -0.06, -0.08, -0.03, 0.21, 0.49, 8.66, -0.08, -0.08, -0.03
2021-05-09 16:35:40.971923, 1620567340.9719238, 3.14, 0.92, 9.15, -0.06, -0.07, -0.02, 0.22, 0.48, 8.63, -0.09, -0.07, -0.03
2021-05-09 16:35:41.083363, 1620567341.0833633, 3.11, 0.89, 9.19, -0.07, -0.06, -0.06, 0.2, 0.4, 8.67, -0.08, -0.06, -0.06
2021-05-09 16:35:41.190971, 1620567341.1909711, 3.13, 0.89, 9.2, -0.06, -0.07, -0.05, 0.21, 0.49, 8.67, -0.08, -0.06, -0.02
2021-05-09 16:35:41.300456, 1620567341.300457, 3.13, 0.85, 9.15, -0.04, -0.07, -0.01, 0.22, 0.42, 8.63, -0.07, -0.07, 0.02
2021-05-09 16:35:41.411278, 1620567341.4112782, 3.17, 0.85, 9.19, -0.03, -0.09, 0.02, 0.21, 0.44, 8.65, -0.07, -0.08, 0.03
2021-05-09 16:35:41.518861, 1620567341.5188613, 3.2, 0.79, 9.18, -0.03, -0.09, 0.0, 0.22, 0.31, 8.69, -0.07, -0.08, 0.01
2021-05-09 16:35:41.629232, 1620567341.6292322, 3.22, 0.81, 9.14, -0.03, -0.08, -0.0, 0.26, 0.38, 8.63, -0.06, -0.07, 0.02
2021-05-09 16:35:41.740923, 1620567341.7409232, 3.27, 0.85, 9.11, -0.04, -0.06, 0.01, 0.27, 0.37, 8.62, -0.08, -0.06, -0.0
2021-05-09 16:35:41.850343, 1620567341.8503435, 3.17, 0.75, 9.21, -0.04, -0.05, -0.05, 0.21, 0.31, 8.7, -0.05, -0.07, -0.03
2021-05-09 16:35:41.959522, 1620567341.9595222, 3.18, 0.82, 9.16, -0.04, -0.08, -0.04, 0.24, 0.39, 8.65, -0.06, -0.08, -0.02
2021-05-09 16:35:42.069437, 1620567342.0694375, 3.2, 0.84, 9.19, -0.05, -0.09, -0.0, 0.25, 0.44, 8.71, -0.08, -0.11, -0.0
2021-05-09 16:35:42.178783, 1620567342.178783, 3.25, 0.84, 9.2, -0.03, -0.11, 0.04, 0.38, 0.43, 8.71, -0.07, -0.14, 0.04
2021-05-09 16:35:42.287891, 1620567342.2878919, 3.3, 0.76, 9.17, -0.04, -0.15, 0.06, 0.5, 0.27, 8.72, -0.07, -0.23, 0.05
2021-05-09 16:35:42.398165, 1620567342.3981655, 3.38, 0.75, 9.12, -0.06, -0.18, 0.0, 0.61, 0.3, 8.69, -0.06, -0.24, -0.03
2021-05-09 16:35:42.507755, 1620567342.5077555, 3.52, 0.73, 9.09, -0.07, -0.22, -0.06, 0.79, 0.36, 8.69, -0.04, -0.27, -0.09
2021-05-09 16:35:42.617294, 1620567342.617294, 3.56, 0.8, 9.05, -0.06, -0.26, -0.07, 0.98, 0.48, 8.7, -0.05, -0.32, -0.09
2021-05-09 16:35:42.726885, 1620567342.726885, 3.86, 0.82, 8.89, -0.05, -0.29, -0.04, 1.26, 0.57, 8.6, -0.05, -0.35, -0.05
2021-05-09 16:35:42.831957, 1620567342.831957, 4.12, 0.78, 8.8, -0.03, -0.31, 0.02, 1.58, 0.46, 8.59, -0.05, -0.36, 0.02
2021-05-09 16:35:42.944452, 1620567342.9444523, 4.29, 0.77, 8.7, -0.03, -0.35, 0.03, 1.87, 0.52, 8.54, -0.05, -0.38, 0.03
2021-05-09 16:35:43.055325, 1620567343.0553253, 4.55, 0.74, 8.55, -0.05, -0.39, 0.04, 2.21, 0.46, 8.46, -0.06, -0.44, 0.04
2021-05-09 16:35:43.163407, 1620567343.1634073, 4.91, 0.68, 8.34, -0.06, -0.46, 0.03, 2.67, 0.43, 8.35, -0.06, -0.51, 0.02
2021-05-09 16:35:43.273051, 1620567343.2730515, 5.35, 0.62, 8.08, -0.09, -0.51, 0.02, 3.23, 0.49, 8.18, -0.06, -0.58, -0.0
2021-05-09 16:35:43.384411, 1620567343.3844113, 5.97, 0.58, 7.71, -0.07, -0.5, 0.03, 3.81, 0.57, 7.93, -0.06, -0.57, 0.0
2021-05-09 16:35:43.492320, 1620567343.4923205, 6.24, 0.51, 7.49, -0.05, -0.48, 0.08, 4.31, 0.45, 7.8, -0.05, -0.54, 0.03
2021-05-09 16:35:43.601006, 1620567343.6010063, 6.58, 0.35, 7.21, -0.05, -0.47, 0.06, 4.78, 0.42, 7.56, -0.04, -0.57, -0.01
2021-05-09 16:35:43.713112, 1620567343.713112, 6.9, 0.41, 6.87, -0.07, -0.47, 0.03, 5.25, 0.54, 7.27, -0.04, -0.58, -0.04
2021-05-09 16:35:43.823013, 1620567343.823013, 7.33, 0.29, 6.57, -0.06, -0.44, 0.05, 5.79, 0.55, 6.94, -0.04, -0.56, -0.01
2021-05-09 16:35:43.932528, 1620567343.932528, 7.62, 0.11, 6.27, -0.06, -0.43, 0.02, 6.14, 0.46, 6.61, -0.05, -0.5, -0.01
2021-05-09 16:35:44.042105, 1620567344.0421057, 7.84, 0.1, 6.01, -0.03, -0.41, -0.04, 6.58, 0.48, 6.41, -0.02, -0.45, -0.02
2021-05-09 16:35:44.150676, 1620567344.1506763, 8.12, 0.26, 5.72, -0.02, -0.33, -0.03, 6.79, 0.69, 6.11, -0.03, -0.38, 0.02
2021-05-09 16:35:44.259303, 1620567344.2593033, 8.34, 0.22, 5.55, -0.01, -0.27, 0.04, 7.23, 0.64, 5.95, -0.03, -0.32, 0.08
2021-05-09 16:35:44.368070, 1620567344.3680704, 8.49, 0.19, 5.43, -0.01, -0.22, 0.0, 7.38, 0.52, 5.82, -0.02, -0.27, 0.05
2021-05-09 16:35:44.478909, 1620567344.4789093, 8.5, 0.21, 5.27, -0.02, -0.22, -0.01, 7.48, 0.61, 5.6, -0.02, -0.25, 0.01
2021-05-09 16:35:44.590121, 1620567344.5901215, 8.49, 0.32, 5.14, -0.02, -0.2, -0.03, 7.51, 0.69, 5.5, -0.02, -0.23, 0.0
2021-05-09 16:35:44.699684, 1620567344.6996844, 8.59, 0.35, 5.06, -0.02, -0.15, -0.0, 7.7, 0.74, 5.37, -0.04, -0.24, 0.01
2021-05-09 16:35:44.809271, 1620567344.8092713, 8.67, 0.35, 4.98, -0.03, -0.2, 0.0, 7.92, 0.74, 5.27, -0.04, -0.26, 0.03
2021-05-09 16:35:44.918679, 1620567344.9186792, 8.7, 0.29, 4.88, -0.03, -0.23, 0.03, 8.01, 0.72, 5.14, -0.04, -0.26, 0.03
2021-05-09 16:35:45.028234, 1620567345.0282345, 8.92, 0.25, 4.66, -0.04, -0.23, 0.02, 8.2, 0.65, 4.9, -0.06, -0.25, 0.03
2021-05-09 16:35:45.137866, 1620567345.1378665, 8.91, 0.19, 4.48, -0.05, -0.22, 0.03, 8.24, 0.66, 4.77, -0.06, -0.24, 0.03
2021-05-09 16:35:45.247408, 1620567345.2474086, 9.06, 0.13, 4.33, -0.04, -0.2, 0.02, 8.42, 0.59, 4.56, -0.05, -0.23, 0.03
2021-05-09 16:35:45.356961, 1620567345.3569617, 9.23, 0.08, 4.22, -0.03, -0.18, 0.01, 8.57, 0.58, 4.45, -0.05, -0.19, 0.02
2021-05-09 16:35:45.466528, 1620567345.4665282, 9.23, 0.06, 4.14, -0.03, -0.13, 0.0, 8.59, 0.53, 4.35, -0.05, -0.15, 0.01
2021-05-09 16:35:45.575824, 1620567345.5758247, 9.33, 0.03, 4.1, -0.03, -0.08, -0.0, 8.67, 0.54, 4.3, -0.06, -0.1, 0.0
2021-05-09 16:35:45.685135, 1620567345.6851356, 9.37, 0.03, 4.11, -0.03, -0.03, -0.02, 8.71, 0.54, 4.3, -0.05, -0.03, -0.01
2021-05-09 16:35:45.794688, 1620567345.7946885, 9.28, 0.04, 4.16, -0.03, 0.02, -0.03, 8.61, 0.58, 4.38, -0.06, 0.05, -0.02
2021-05-09 16:35:45.904839, 1620567345.9048398, 9.34, 0.12, 4.27, -0.02, 0.08, -0.05, 8.52, 0.62, 4.49, -0.05, 0.14, -0.04
2021-05-09 16:35:46.014494, 1620567346.0144942, 9.26, 0.17, 4.32, -0.02, 0.12, -0.05, 8.34, 0.6, 4.64, -0.07, 0.23, -0.0
2021-05-09 16:35:46.123986, 1620567346.1239865, 8.96, 0.2, 4.61, -0.02, 0.19, -0.07, 8.04, 0.62, 5.08, -0.08, 0.31, -0.01
2021-05-09 16:35:46.233573, 1620567346.2335732, 8.77, 0.33, 4.83, -0.02, 0.24, -0.07, 7.75, 0.63, 5.33, -0.09, 0.34, 0.0
2021-05-09 16:35:46.343158, 1620567346.3431587, 8.64, 0.38, 5.09, -0.02, 0.26, -0.07, 7.5, 0.62, 5.68, -0.09, 0.37, -0.01
2021-05-09 16:35:46.452739, 1620567346.4527395, 8.34, 0.39, 5.35, -0.02, 0.33, -0.07, 7.02, 0.55, 5.94, -0.09, 0.41, -0.03
2021-05-09 16:35:46.562311, 1620567346.5623114, 8.08, 0.45, 5.71, -0.01, 0.37, -0.07, 6.67, 0.57, 6.33, -0.08, 0.45, -0.04
2021-05-09 16:35:46.671882, 1620567346.6718829, 7.69, 0.51, 6.06, -0.02, 0.39, -0.09, 6.16, 0.56, 6.66, -0.08, 0.48, -0.06
2021-05-09 16:35:46.780950, 1620567346.7809503, 7.34, 0.57, 6.41, -0.02, 0.42, -0.09, 5.63, 0.57, 6.95, -0.07, 0.51, -0.06
2021-05-09 16:35:46.891031, 1620567346.8910315, 6.89, 0.65, 6.86, -0.03, 0.44, -0.11, 5.03, 0.62, 7.38, -0.07, 0.52, -0.08
2021-05-09 16:35:47.000158, 1620567347.0001588, 6.43, 0.68, 7.2, -0.06, 0.47, -0.09, 4.4, 0.58, 7.65, -0.09, 0.53, -0.04
2021-05-09 16:35:47.110408, 1620567347.110409, 5.98, 0.72, 7.63, -0.07, 0.45, -0.06, 3.85, 0.68, 7.97, -0.08, 0.5, -0.04
2021-05-09 16:35:47.219920, 1620567347.2199206, 5.5, 0.72, 7.99, -0.04, 0.42, -0.04, 3.27, 0.63, 8.2, -0.08, 0.47, -0.01
2021-05-09 16:35:47.329536, 1620567347.3295364, 5.09, 0.78, 8.26, -0.01, 0.38, -0.03, 2.7, 0.62, 8.31, -0.08, 0.39, -0.0
2021-05-09 16:35:47.439196, 1620567347.4391963, 4.67, 0.73, 8.46, -0.04, 0.35, -0.04, 2.21, 0.52, 8.39, -0.09, 0.38, -0.02
2021-05-09 16:35:47.548681, 1620567347.5486813, 4.26, 0.86, 8.7, -0.04, 0.3, -0.08, 1.75, 0.56, 8.55, -0.08, 0.32, -0.06
2021-05-09 16:35:47.658301, 1620567347.6583016, 3.93, 0.87, 8.89, -0.03, 0.24, -0.07, 1.42, 0.68, 8.65, -0.06, 0.28, -0.04
2021-05-09 16:35:47.767011, 1620567347.7670112, 3.74, 0.92, 8.91, -0.02, 0.19, -0.08, 1.14, 0.66, 8.59, -0.05, 0.22, -0.06
2021-05-09 16:35:47.877476, 1620567347.877476, 3.48, 1.02, 9.04, -0.02, 0.16, -0.09, 0.81, 0.73, 8.66, -0.03, 0.19, -0.06
2021-05-09 16:35:47.987027, 1620567347.9870272, 3.27, 1.06, 9.17, -0.02, 0.13, -0.08, 0.57, 0.65, 8.74, -0.04, 0.14, -0.05
2021-05-09 16:35:48.096571, 1620567348.0965714, 3.05, 1.05, 9.27, -0.06, 0.06, -0.11, 0.38, 0.72, 8.75, -0.09, 0.06, -0.04
2021-05-09 16:35:48.206155, 1620567348.2061553, 2.95, 1.11, 9.37, -0.04, -0.02, -0.08, 0.2, 0.68, 8.81, -0.05, -0.01, -0.06
2021-05-09 16:35:48.315907, 1620567348.3159072, 3.07, 1.05, 9.17, -0.06, -0.05, -0.03, 0.3, 0.81, 8.63, -0.07, -0.06, -0.03
2021-05-09 16:35:48.425301, 1620567348.4253016, 3.08, 1.05, 9.17, -0.02, -0.04, 0.02, 0.26, 0.71, 8.61, -0.06, -0.05, 0.02
2021-05-09 16:35:48.535119, 1620567348.535119, 3.04, 0.92, 9.2, -0.05, -0.04, 0.01, 0.24, 0.62, 8.63, -0.08, -0.04, 0.01
2021-05-09 16:35:48.644460, 1620567348.64446, 3.03, 0.95, 9.2, -0.05, -0.04, -0.01, 0.23, 0.67, 8.67, -0.07, -0.04, 0.0
2021-05-09 16:35:48.754068, 1620567348.7540681, 3.05, 0.95, 9.19, -0.05, -0.04, -0.02, 0.24, 0.66, 8.66, -0.08, -0.04, -0.0
2021-05-09 16:35:48.863631, 1620567348.863632, 2.99, 0.91, 9.25, -0.05, -0.06, -0.0, 0.2, 0.68, 8.66, -0.08, -0.05, 0.01
2021-05-09 16:35:48.973206, 1620567348.9732065, 3.0, 0.98, 9.21, -0.04, -0.06, -0.01, 0.2, 0.68, 8.65, -0.08, -0.06, 0.0
2021-05-09 16:35:49.082790, 1620567349.0827906, 3.0, 0.96, 9.2, -0.04, -0.07, -0.01, 0.2, 0.66, 8.65, -0.07, -0.08, 0.0
2021-05-09 16:35:49.192417, 1620567349.1924174, 3.06, 0.94, 9.21, -0.03, -0.07, -0.01, 0.24, 0.63, 8.65, -0.06, -0.09, 0.0
2021-05-09 16:35:49.302325, 1620567349.3023257, 3.13, 0.93, 9.18, -0.03, -0.06, -0.01, 0.28, 0.65, 8.62, -0.06, -0.07, -0.0
2021-05-09 16:35:49.411503, 1620567349.4115038, 3.02, 0.97, 9.21, -0.03, -0.04, -0.01, 0.26, 0.65, 8.64, -0.06, -0.06, 0.0
2021-05-09 16:35:49.520807, 1620567349.5208077, 2.94, 0.99, 9.25, -0.05, -0.06, -0.02, 0.17, 0.68, 8.69, -0.07, -0.08, -0.01
2021-05-09 16:35:49.630512, 1620567349.6305122, 3.05, 0.94, 9.18, -0.05, -0.07, -0.02, 0.29, 0.63, 8.62, -0.07, -0.09, -0.01
2021-05-09 16:35:49.741769, 1620567349.7417693, 3.01, 0.94, 9.2, -0.05, -0.08, -0.01, 0.24, 0.64, 8.66, -0.07, -0.09, -0.0
2021-05-09 16:35:49.849996, 1620567349.8499968, 3.05, 0.93, 9.2, -0.05, -0.1, -0.01, 0.3, 0.65, 8.64, -0.08, -0.1, -0.01
2021-05-09 16:35:49.959275, 1620567349.9592757, 3.08, 0.86, 9.2, -0.04, -0.08, -0.01, 0.31, 0.6, 8.65, -0.07, -0.09, 0.0
2021-05-09 16:35:50.069169, 1620567350.06917, 3.09, 0.9, 9.23, -0.03, -0.09, -0.01, 0.34, 0.62, 8.69, -0.06, -0.09, 0.01
2021-05-09 16:35:50.177837, 1620567350.1778371, 3.07, 0.93, 9.2, -0.01, -0.1, -0.01, 0.34, 0.67, 8.67, -0.04, -0.09, 0.01
2021-05-09 16:35:50.287981, 1620567350.2879817, 3.18, 0.89, 9.15, -0.03, -0.12, -0.01, 0.45, 0.58, 8.63, -0.05, -0.12, 0.01
2021-05-09 16:35:50.397733, 1620567350.397734, 3.26, 0.91, 9.17, -0.04, -0.12, -0.02, 0.48, 0.64, 8.68, -0.06, -0.12, -0.01
2021-05-09 16:35:50.507465, 1620567350.507465, 3.25, 0.99, 9.18, -0.04, -0.15, -0.0, 0.58, 0.71, 8.71, -0.06, -0.16, -0.0
2021-05-09 16:35:50.617117, 1620567350.6171172, 3.44, 0.91, 9.07, -0.06, -0.18, 0.02, 0.69, 0.68, 8.65, -0.07, -0.19, 0.0
2021-05-09 16:35:50.726452, 1620567350.726452, 3.56, 0.83, 9.02, -0.05, -0.14, 0.03, 0.81, 0.63, 8.62, -0.08, -0.16, 0.02
2021-05-09 16:35:50.836356, 1620567350.8363562, 3.64, 0.84, 8.96, -0.03, -0.09, -0.01, 0.88, 0.63, 8.58, -0.07, -0.1, 0.0
2021-05-09 16:35:50.945845, 1620567350.945845, 3.64, 0.85, 8.97, -0.03, -0.02, -0.02, 0.93, 0.65, 8.56, -0.06, -0.04, -0.02
2021-05-09 16:35:51.055316, 1620567351.055316, 3.56, 0.89, 8.98, -0.02, 0.01, -0.01, 0.84, 0.69, 8.6, -0.05, -0.0, -0.0
2021-05-09 16:35:51.164103, 1620567351.1641037, 3.43, 0.89, 9.05, -0.03, 0.04, -0.01, 0.76, 0.66, 8.64, -0.06, 0.02, 0.0
2021-05-09 16:35:51.274205, 1620567351.2742052, 3.35, 0.88, 9.1, -0.03, 0.05, -0.02, 0.67, 0.68, 8.65, -0.08, 0.04, 0.01
2021-05-09 16:35:51.383755, 1620567351.3837557, 3.22, 0.91, 9.14, -0.03, 0.01, -0.01, 0.59, 0.62, 8.63, -0.07, 0.01, 0.01
2021-05-09 16:35:51.493331, 1620567351.4933314, 3.17, 0.87, 9.2, -0.05, -0.01, -0.01, 0.51, 0.62, 8.68, -0.07, -0.01, -0.01
2021-05-09 16:35:51.602903, 1620567351.6029031, 3.14, 0.87, 9.2, -0.03, -0.02, -0.01, 0.46, 0.61, 8.65, -0.07, -0.01, 0.0
2021-05-09 16:35:51.712259, 1620567351.7122595, 3.09, 0.88, 9.18, -0.04, -0.03, -0.01, 0.4, 0.6, 8.64, -0.07, -0.02, 0.01
2021-05-09 16:35:51.822081, 1620567351.822081, 3.05, 0.87, 9.23, -0.03, -0.03, -0.0, 0.35, 0.59, 8.68, -0.07, -0.03, 0.02
2021-05-09 16:35:51.931650, 1620567351.9316509, 3.02, 0.89, 9.23, -0.03, -0.05, -0.02, 0.31, 0.54, 8.68, -0.07, -0.05, 0.0
2021-05-09 16:35:52.041318, 1620567352.0413184, 3.03, 0.9, 9.21, -0.04, -0.05, -0.02, 0.31, 0.57, 8.66, -0.07, -0.05, -0.01
2021-05-09 16:35:52.150809, 1620567352.1508093, 3.04, 0.91, 9.19, -0.03, -0.06, -0.02, 0.31, 0.62, 8.65, -0.06, -0.07, -0.0
2021-05-09 16:35:52.259795, 1620567352.2607923, 3.07, 0.89, 9.18, -0.04, -0.06, -0.03, 0.34, 0.57, 8.66, -0.06, -0.06, -0.02
2021-05-09 16:35:52.370289, 1620567352.370289, 3.01, 0.92, 9.22, -0.03, -0.07, -0.02, 0.3, 0.62, 8.67, -0.06, -0.06, -0.01
2021-05-09 16:35:52.479476, 1620567352.4794762, 3.05, 0.96, 9.19, -0.04, -0.07, -0.01, 0.3, 0.65, 8.64, -0.07, -0.06, 0.01
2021-05-09 16:35:52.588372, 1620567352.5883722, 3.03, 0.94, 9.21, -0.02, -0.07, 0.01, 0.29, 0.59, 8.65, -0.06, -0.06, 0.03
2021-05-09 16:35:52.698008, 1620567352.6980083, 3.06, 0.91, 9.21, -0.04, -0.08, 0.01, 0.27, 0.59, 8.66, -0.07, -0.06, 0.0
2021-05-09 16:35:52.808434, 1620567352.8084347, 3.09, 0.89, 9.18, -0.04, -0.07, 0.01, 0.3, 0.55, 8.64, -0.07, -0.07, 0.01
2021-05-09 16:35:52.917122, 1620567352.9171228, 3.1, 0.91, 9.19, -0.04, -0.07, -0.0, 0.28, 0.62, 8.61, -0.07, -0.06, 0.01
2021-05-09 16:35:53.027374, 1620567353.0273745, 3.08, 0.88, 9.18, -0.03, -0.07, -0.01, 0.28, 0.58, 8.63, -0.06, -0.06, 0.01
2021-05-09 16:35:53.137046, 1620567353.1370468, 3.07, 0.92, 9.2, -0.03, -0.07, -0.03, 0.29, 0.63, 8.65, -0.05, -0.08, -0.01
2021-05-09 16:35:53.246583, 1620567353.2465837, 3.12, 0.96, 9.2, -0.03, -0.08, -0.02, 0.28, 0.66, 8.65, -0.05, -0.08, -0.0
2021-05-09 16:35:53.356383, 1620567353.356383, 3.11, 0.96, 9.18, -0.04, -0.07, -0.02, 0.26, 0.66, 8.64, -0.06, -0.09, -0.01
2021-05-09 16:35:53.465939, 1620567353.4659393, 3.16, 0.93, 9.16, -0.05, -0.07, -0.02, 0.36, 0.64, 8.64, -0.07, -0.09, -0.02
2021-05-09 16:35:53.575446, 1620567353.5754461, 3.15, 0.91, 9.17, -0.04, -0.05, -0.02, 0.36, 0.65, 8.65, -0.06, -0.07, -0.02
2021-05-09 16:35:53.684900, 1620567353.6849005, 3.14, 0.94, 9.17, -0.04, -0.05, -0.02, 0.38, 0.65, 8.63, -0.06, -0.08, -0.02
2021-05-09 16:35:53.794587, 1620567353.7945879, 3.12, 0.93, 9.16, -0.04, -0.05, -0.02, 0.34, 0.65, 8.63, -0.05, -0.07, -0.03
2021-05-09 16:35:53.904154, 1620567353.9041543, 3.05, 0.93, 9.17, -0.04, -0.05, -0.04, 0.35, 0.65, 8.63, -0.06, -0.07, -0.03
2021-05-09 16:35:54.013638, 1620567354.0136385, 3.09, 0.9, 9.19, -0.04, -0.04, -0.05, 0.36, 0.63, 8.66, -0.06, -0.06, -0.05
2021-05-09 16:35:54.123389, 1620567354.1233897, 3.02, 0.96, 9.23, -0.04, -0.06, -0.06, 0.32, 0.71, 8.65, -0.05, -0.06, -0.05
2021-05-09 16:35:54.232885, 1620567354.2328854, 2.99, 1.02, 9.22, -0.04, -0.09, -0.03, 0.34, 0.73, 8.65, -0.07, -0.1, -0.01
2021-05-09 16:35:54.342438, 1620567354.342439, 2.99, 0.94, 9.27, -0.05, -0.14, 0.01, 0.43, 0.64, 8.74, -0.07, -0.16, 0.02
2021-05-09 16:35:54.451775, 1620567354.4517756, 3.16, 0.91, 9.21, -0.07, -0.21, 0.01, 0.56, 0.59, 8.71, -0.09, -0.23, 0.02
2021-05-09 16:35:54.561388, 1620567354.5613883, 3.41, 0.88, 9.1, -0.07, -0.27, 0.02, 0.8, 0.68, 8.64, -0.09, -0.28, 0.02
2021-05-09 16:35:54.670913, 1620567354.6709132, 3.58, 0.82, 9.06, -0.05, -0.27, 0.04, 0.95, 0.58, 8.65, -0.08, -0.28, 0.04
2021-05-09 16:35:54.779999, 1620567354.7799993, 3.68, 0.77, 9.03, -0.05, -0.28, 0.05, 1.21, 0.54, 8.7, -0.08, -0.3, 0.05
2021-05-09 16:35:54.890078, 1620567354.8900783, 4.13, 0.69, 8.8, -0.07, -0.33, 0.04, 1.6, 0.5, 8.55, -0.09, -0.39, 0.02
2021-05-09 16:35:55.000191, 1620567355.0001915, 4.33, 0.69, 8.68, -0.07, -0.36, 0.02, 2.0, 0.51, 8.54, -0.09, -0.39, -0.01
2021-05-09 16:35:55.109506, 1620567355.1095064, 4.83, 0.63, 8.46, -0.06, -0.33, 0.02, 2.21, 0.54, 8.39, -0.08, -0.34, -0.01
2021-05-09 16:35:55.219326, 1620567355.2193267, 4.98, 0.61, 8.41, -0.05, -0.28, 0.0, 2.47, 0.46, 8.36, -0.07, -0.25, -0.01
2021-05-09 16:35:55.328667, 1620567355.3286676, 5.13, 0.6, 8.31, -0.03, -0.24, -0.01, 2.68, 0.5, 8.36, -0.05, -0.2, -0.0
2021-05-09 16:35:55.438324, 1620567355.438324, 5.26, 0.58, 8.23, -0.06, -0.26, -0.01, 2.79, 0.44, 8.36, -0.08, -0.2, -0.02
2021-05-09 16:35:55.548030, 1620567355.5480301, 5.48, 0.57, 8.13, -0.06, -0.27, -0.02, 2.94, 0.48, 8.32, -0.07, -0.22, -0.03
2021-05-09 16:35:55.657464, 1620567355.6574643, 5.7, 0.59, 8.04, -0.05, -0.21, -0.01, 3.06, 0.54, 8.26, -0.07, -0.19, -0.03
2021-05-09 16:35:55.767236, 1620567355.7672367, 5.78, 0.55, 7.93, -0.04, -0.25, -0.01, 3.36, 0.47, 8.22, -0.07, -0.21, -0.02
2021-05-09 16:35:55.876866, 1620567355.8768668, 6.03, 0.54, 7.73, -0.04, -0.23, 0.0, 3.44, 0.48, 8.14, -0.07, -0.23, -0.02
2021-05-09 16:35:55.986348, 1620567355.9863486, 6.08, 0.53, 7.72, -0.06, -0.2, 0.01, 3.54, 0.48, 8.17, -0.07, -0.21, -0.04
2021-05-09 16:35:56.095582, 1620567356.0955827, 6.2, 0.47, 7.62, -0.05, -0.18, 0.01, 3.69, 0.52, 8.08, -0.06, -0.18, -0.02
2021-05-09 16:35:56.205494, 1620567356.205494, 6.31, 0.45, 7.6, -0.05, -0.14, 0.01, 3.75, 0.48, 8.08, -0.06, -0.15, -0.0
2021-05-09 16:35:56.314955, 1620567356.3149555, 6.35, 0.45, 7.51, -0.04, -0.12, -0.0, 3.83, 0.51, 8.03, -0.05, -0.13, -0.02
2021-05-09 16:35:56.424716, 1620567356.4247162, 6.39, 0.4, 7.51, -0.05, -0.08, -0.02, 3.86, 0.48, 8.01, -0.06, -0.09, -0.03
2021-05-09 16:35:56.534189, 1620567356.5341892, 6.43, 0.47, 7.44, -0.05, -0.07, -0.04, 3.95, 0.57, 7.99, -0.06, -0.09, -0.05
2021-05-09 16:35:56.643906, 1620567356.6439064, 6.39, 0.47, 7.48, -0.04, -0.05, -0.03, 3.92, 0.61, 8.01, -0.07, -0.07, -0.03
2021-05-09 16:35:56.753294, 1620567356.7532942, 6.23, 0.46, 7.61, -0.05, -0.07, -0.02, 3.86, 0.58, 8.09, -0.07, -0.08, -0.01
2021-05-09 16:35:56.863063, 1620567356.863063, 6.17, 0.5, 7.64, -0.04, -0.18, 0.0, 3.89, 0.59, 8.12, -0.05, -0.2, -0.01
2021-05-09 16:35:56.972792, 1620567356.9727924, 6.36, 0.49, 7.51, -0.07, -0.27, 0.02, 4.07, 0.59, 8.0, -0.08, -0.3, -0.0
2021-05-09 16:35:57.082058, 1620567357.082059, 6.7, 0.31, 7.22, -0.06, -0.32, 0.01, 4.38, 0.57, 7.79, -0.06, -0.33, 0.0
2021-05-09 16:35:57.191789, 1620567357.1917892, 6.85, 0.34, 7.03, -0.07, -0.34, -0.0, 4.63, 0.54, 7.69, -0.06, -0.34, -0.01
2021-05-09 16:35:57.301451, 1620567357.3014514, 7.06, 0.33, 6.78, -0.08, -0.38, -0.0, 4.9, 0.62, 7.51, -0.06, -0.39, -0.02
2021-05-09 16:35:57.410725, 1620567357.4107254, 7.37, 0.24, 6.55, -0.08, -0.38, 0.01, 5.22, 0.56, 7.34, -0.06, -0.43, -0.02
2021-05-09 16:35:57.520413, 1620567357.5204134, 7.72, 0.18, 6.23, -0.07, -0.38, 0.02, 5.66, 0.66, 7.07, -0.05, -0.43, -0.03
2021-05-09 16:35:57.629876, 1620567357.6298761, 7.71, 0.22, 6.07, -0.07, -0.39, 0.02, 5.88, 0.6, 6.95, -0.06, -0.45, 0.01
2021-05-09 16:35:57.739530, 1620567357.73953, 8.05, 0.01, 5.66, -0.09, -0.42, 0.03, 6.3, 0.56, 6.6, -0.07, -0.48, -0.03
2021-05-09 16:35:57.849265, 1620567357.849265, 8.32, 0.12, 5.38, -0.1, -0.41, -0.01, 6.68, 0.77, 6.31, -0.05, -0.52, -0.02
2021-05-09 16:35:57.958619, 1620567357.9586196, 8.58, 0.01, 5.02, -0.07, -0.39, 0.05, 7.1, 0.68, 5.93, -0.05, -0.51, 0.03
2021-05-09 16:35:58.067736, 1620567358.0677369, 8.77, -0.09, 4.75, -0.07, -0.36, 0.04, 7.39, 0.71, 5.64, -0.05, -0.47, 0.01
2021-05-09 16:35:58.177961, 1620567358.177962, 8.94, -0.18, 4.4, -0.08, -0.35, 0.04, 7.74, 0.61, 5.25, -0.06, -0.44, 0.01
2021-05-09 16:35:58.287712, 1620567358.2877126, 9.11, -0.19, 4.14, -0.07, -0.33, 0.01, 8.01, 0.66, 4.95, -0.05, -0.4, -0.0
2021-05-09 16:35:58.396913, 1620567358.3969133, 9.27, -0.33, 3.87, -0.05, -0.29, 0.01, 8.28, 0.64, 4.66, -0.05, -0.35, 0.01
2021-05-09 16:35:58.506003, 1620567358.5060036, 9.33, -0.34, 3.69, -0.04, -0.25, -0.01, 8.44, 0.66, 4.46, -0.03, -0.3, 0.0
2021-05-09 16:35:58.616095, 1620567358.6160955, 9.43, -0.3, 3.5, -0.02, -0.22, 0.01, 8.62, 0.68, 4.28, -0.03, -0.27, 0.01
2021-05-09 16:35:58.725211, 1620567358.7252116, 9.47, -0.26, 3.41, 0.02, -0.18, 0.03, 8.65, 0.82, 4.12, -0.03, -0.23, 0.04
2021-05-09 16:35:58.834790, 1620567358.8347907, 9.71, -0.55, 3.29, 0.03, -0.14, 0.06, 8.91, 0.47, 3.96, -0.03, -0.17, 0.06
2021-05-09 16:35:58.945092, 1620567358.9450927, 9.78, -0.44, 3.24, 0.01, -0.07, -0.01, 8.94, 0.65, 3.87, -0.02, -0.07, 0.01
2021-05-09 16:35:59.054401, 1620567359.0544014, 9.71, -0.4, 3.29, 0.0, 0.03, -0.03, 8.88, 0.61, 3.96, -0.05, 0.05, -0.01
2021-05-09 16:35:59.164167, 1620567359.1641672, 9.54, -0.29, 3.41, -0.01, 0.11, -0.06, 8.71, 0.67, 4.11, -0.06, 0.13, -0.03
2021-05-09 16:35:59.273719, 1620567359.2737198, 9.42, -0.26, 3.63, -0.01, 0.19, -0.06, 8.55, 0.69, 4.31, -0.08, 0.2, -0.03
2021-05-09 16:35:59.383319, 1620567359.3833191, 9.18, -0.18, 3.92, -0.01, 0.23, -0.05, 8.31, 0.7, 4.62, -0.09, 0.24, -0.02
2021-05-09 16:35:59.493182, 1620567359.4931827, 8.99, -0.18, 4.25, -0.01, 0.22, -0.04, 8.11, 0.66, 4.89, -0.09, 0.24, -0.0
2021-05-09 16:35:59.602227, 1620567359.6022272, 8.92, -0.11, 4.5, -0.01, 0.22, -0.05, 7.85, 0.68, 5.15, -0.09, 0.24, -0.01
2021-05-09 16:35:59.711944, 1620567359.7119448, 8.76, -0.1, 4.79, 0.0, 0.26, -0.05, 7.65, 0.63, 5.42, -0.08, 0.28, -0.01
2021-05-09 16:35:59.821847, 1620567359.821847, 8.57, -0.07, 5.12, 0.01, 0.31, -0.06, 7.35, 0.56, 5.69, -0.09, 0.32, -0.01
2021-05-09 16:35:59.931608, 1620567359.9316084, 8.28, 0.07, 5.47, 0.01, 0.35, -0.07, 7.0, 0.64, 6.02, -0.09, 0.37, -0.02
2021-05-09 16:36:00.040124, 1620567360.0401247, 7.99, 0.18, 5.8, 0.01, 0.37, -0.04, 6.63, 0.66, 6.33, -0.11, 0.39, 0.01
2021-05-09 16:36:00.149832, 1620567360.1498322, 7.7, 0.15, 6.15, 0.02, 0.4, -0.05, 6.23, 0.57, 6.63, -0.1, 0.42, 0.02
2021-05-09 16:36:00.259933, 1620567360.2599332, 7.29, 0.27, 6.56, -0.01, 0.42, -0.08, 5.77, 0.48, 6.99, -0.1, 0.45, 0.0
2021-05-09 16:36:00.369544, 1620567360.3695445, 6.93, 0.35, 6.9, -0.0, 0.42, -0.05, 5.25, 0.55, 7.26, -0.1, 0.45, 0.03
2021-05-09 16:36:00.479091, 1620567360.4790916, 6.52, 0.37, 7.26, 0.02, 0.43, -0.03, 4.8, 0.46, 7.55, -0.09, 0.46, 0.04
2021-05-09 16:36:00.588272, 1620567360.5882723, 6.08, 0.43, 7.59, 0.04, 0.42, -0.03, 4.28, 0.36, 7.82, -0.07, 0.46, 0.06
2021-05-09 16:36:00.697686, 1620567360.6976862, 5.68, 0.53, 7.87, 0.04, 0.39, -0.02, 3.81, 0.39, 8.01, -0.07, 0.44, 0.06
2021-05-09 16:36:00.807275, 1620567360.8072758, 5.33, 0.58, 8.12, 0.02, 0.35, -0.03, 3.3, 0.32, 8.18, -0.08, 0.41, 0.06
2021-05-09 16:36:00.916827, 1620567360.916828, 4.86, 0.63, 8.42, 0.01, 0.31, -0.06, 2.84, 0.3, 8.38, -0.07, 0.36, 0.02
2021-05-09 16:36:01.026834, 1620567361.026835, 4.57, 0.75, 8.56, 0.01, 0.24, -0.07, 2.43, 0.33, 8.46, -0.06, 0.28, 0.01
2021-05-09 16:36:01.135956, 1620567361.1359565, 4.29, 0.82, 8.73, 0.01, 0.23, -0.04, 1.99, 0.38, 8.54, -0.05, 0.27, 0.03
2021-05-09 16:36:01.245668, 1620567361.2456684, 4.05, 0.84, 8.81, -0.0, 0.17, -0.03, 1.69, 0.29, 8.54, -0.04, 0.23, 0.06
2021-05-09 16:36:01.355159, 1620567361.355159, 3.84, 0.91, 8.91, -0.01, 0.14, -0.02, 1.43, 0.32, 8.63, -0.04, 0.21, 0.07
2021-05-09 16:36:01.464584, 1620567361.4645844, 3.68, 0.92, 8.98, -0.03, 0.1, -0.03, 1.2, 0.37, 8.65, -0.06, 0.15, 0.05
2021-05-09 16:36:01.574271, 1620567361.574271, 3.53, 0.92, 9.06, -0.02, 0.06, -0.03, 1.0, 0.37, 8.67, -0.06, 0.1, 0.04
2021-05-09 16:36:01.683782, 1620567361.6837823, 3.46, 0.89, 9.06, -0.02, 0.06, -0.03, 0.83, 0.34, 8.67, -0.06, 0.1, 0.03
2021-05-09 16:36:01.793742, 1620567361.793743, 3.33, 0.88, 9.18, -0.02, -0.0, -0.04, 0.74, 0.32, 8.7, -0.04, 0.04, 0.02
2021-05-09 16:36:01.903819, 1620567361.903819, 3.33, 0.99, 9.06, -0.04, -0.01, -0.04, 0.5, 0.37, 8.65, -0.04, 0.01, -0.01
2021-05-09 16:36:02.013327, 1620567362.0133271, 3.23, 1.0, 9.16, -0.05, -0.0, -0.05, 0.52, 0.49, 8.69, -0.06, 0.01, -0.04
2021-05-09 16:36:02.122302, 1620567362.1223025, 3.13, 0.93, 9.18, -0.03, -0.03, -0.02, 0.38, 0.45, 8.71, -0.05, -0.02, 0.01
2021-05-09 16:36:02.231756, 1620567362.232754, 3.11, 1.02, 9.2, -0.04, -0.05, -0.07, 0.4, 0.44, 8.7, -0.05, -0.11, -0.03
2021-05-09 16:36:02.341923, 1620567362.3419232, 3.24, 0.96, 9.15, -0.05, -0.07, -0.03, 0.52, 0.46, 8.65, -0.06, -0.09, -0.02
2021-05-09 16:36:02.451492, 1620567362.4514923, 3.22, 0.96, 9.12, -0.05, -0.04, -0.03, 0.51, 0.46, 8.63, -0.06, -0.05, -0.02
2021-05-09 16:36:02.561067, 1620567362.561067, 3.1, 1.01, 9.18, -0.05, -0.04, -0.03, 0.41, 0.5, 8.67, -0.07, -0.04, -0.01
2021-05-09 16:36:02.670646, 1620567362.6706467, 3.15, 0.94, 9.16, -0.05, -0.04, 0.01, 0.46, 0.49, 8.63, -0.07, -0.05, 0.0
2021-05-09 16:36:02.780234, 1620567362.7802348, 3.09, 0.91, 9.19, -0.04, -0.04, 0.0, 0.4, 0.47, 8.67, -0.06, -0.06, 0.01
2021-05-09 16:36:02.889812, 1620567362.8898122, 3.03, 0.91, 9.21, -0.04, -0.05, -0.01, 0.38, 0.43, 8.66, -0.06, -0.07, -0.01
2021-05-09 16:36:02.999487, 1620567362.9994874, 3.05, 0.95, 9.2, -0.02, -0.07, -0.0, 0.39, 0.49, 8.66, -0.05, -0.08, 0.01
2021-05-09 16:36:03.108965, 1620567363.1089652, 3.11, 0.89, 9.2, -0.02, -0.07, -0.02, 0.42, 0.42, 8.69, -0.06, -0.08, 0.01
2021-05-09 16:36:03.218537, 1620567363.2185373, 3.13, 0.98, 9.16, -0.03, -0.06, -0.03, 0.47, 0.52, 8.64, -0.05, -0.05, -0.01
2021-05-09 16:36:03.328235, 1620567363.3282356, 3.12, 1.01, 9.21, -0.04, -0.06, 0.0, 0.43, 0.51, 8.68, -0.07, -0.06, 0.01
2021-05-09 16:36:03.437690, 1620567363.437691, 3.09, 0.92, 9.19, -0.03, -0.06, 0.02, 0.36, 0.51, 8.66, -0.07, -0.05, 0.03
2021-05-09 16:36:03.547442, 1620567363.5474422, 3.14, 0.88, 9.19, -0.03, -0.05, 0.01, 0.39, 0.42, 8.66, -0.07, -0.05, 0.03
2021-05-09 16:36:03.656206, 1620567363.6562066, 3.06, 0.93, 9.19, -0.04, -0.05, 0.01, 0.38, 0.47, 8.66, -0.07, -0.06, 0.01
2021-05-09 16:36:03.765760, 1620567363.76576, 3.05, 0.85, 9.2, -0.02, -0.07, 0.01, 0.31, 0.4, 8.64, -0.06, -0.06, 0.03
2021-05-09 16:36:03.875835, 1620567363.8758357, 3.07, 0.89, 9.21, -0.03, -0.05, -0.02, 0.32, 0.4, 8.69, -0.07, -0.07, 0.01
2021-05-09 16:36:03.985792, 1620567363.985793, 3.06, 0.92, 9.19, -0.04, -0.06, -0.01, 0.34, 0.46, 8.63, -0.06, -0.07, -0.01
2021-05-09 16:36:04.095181, 1620567364.095182, 3.06, 0.79, 9.2, -0.04, -0.05, -0.02, 0.35, 0.33, 8.65, -0.07, -0.07, -0.02
2021-05-09 16:36:04.204680, 1620567364.2046807, 3.0, 0.8, 9.21, -0.05, -0.05, -0.06, 0.33, 0.32, 8.63, -0.07, -0.07, -0.05
2021-05-09 16:36:04.314526, 1620567364.3145263, 2.99, 0.88, 9.17, -0.05, -0.06, -0.05, 0.29, 0.41, 8.6, -0.07, -0.08, -0.05
2021-05-09 16:36:04.424155, 1620567364.4241552, 3.03, 0.81, 9.2, -0.06, -0.03, -0.07, 0.34, 0.34, 8.63, -0.09, -0.05, -0.08
2021-05-09 16:36:04.533457, 1620567364.533457, 2.91, 0.93, 9.23, -0.05, -0.04, -0.07, 0.34, 0.51, 8.66, -0.07, -0.04, -0.09
2021-05-09 16:36:04.643320, 1620567364.64332, 2.94, 1.05, 9.18, -0.02, -0.03, -0.04, 0.24, 0.54, 8.62, -0.06, -0.04, -0.03
2021-05-09 16:36:04.752510, 1620567364.7525103, 2.87, 0.95, 9.36, -0.02, -0.04, -0.04, 0.24, 0.48, 8.77, -0.04, -0.04, -0.03
2021-05-09 16:36:04.861892, 1620567364.861892, 2.91, 1.18, 9.26, -0.03, -0.11, -0.11, 0.23, 0.68, 8.65, -0.02, -0.09, -0.11
2021-05-09 16:36:04.971233, 1620567364.9712334, 2.88, 1.37, 9.37, -0.05, -0.1, -0.15, 0.18, 0.79, 8.82, -0.05, -0.11, -0.14
2021-05-09 16:36:05.081513, 1620567365.081513, 2.91, 1.31, 9.12, -0.06, -0.12, -0.09, 0.19, 0.84, 8.52, -0.06, -0.13, -0.08
2021-05-09 16:36:05.191161, 1620567365.1911614, 2.82, 1.4, 9.18, -0.03, -0.08, -0.02, 0.15, 0.85, 8.57, -0.06, -0.08, 0.02
2021-05-09 16:36:05.300572, 1620567365.3005724, 3.02, 1.42, 9.2, -0.03, -0.03, 0.06, 0.2, 0.97, 8.63, -0.07, -0.02, 0.08
2021-05-09 16:36:05.410113, 1620567365.4101138, 2.82, 1.11, 9.45, -0.05, -0.01, 0.1, 0.17, 0.57, 8.86, -0.11, -0.02, 0.11
2021-05-09 16:36:05.519710, 1620567365.5197103, 3.03, 0.99, 9.11, -0.05, -0.05, 0.01, 0.35, 0.5, 8.58, -0.08, -0.05, 0.02
2021-05-09 16:36:05.629268, 1620567365.6292684, 3.11, 0.96, 9.05, -0.02, -0.03, -0.01, 0.46, 0.55, 8.51, -0.05, -0.02, 0.01
2021-05-09 16:36:05.738710, 1620567365.7387106, 3.04, 0.89, 9.19, -0.01, -0.03, 0.03, 0.33, 0.42, 8.67, -0.06, -0.01, 0.05
2021-05-09 16:36:05.848407, 1620567365.8484075, 3.0, 0.62, 9.05, -0.03, -0.03, 0.04, 0.4, 0.07, 8.51, -0.09, -0.03, 0.07
2021-05-09 16:36:05.958014, 1620567365.9580142, 3.22, 0.56, 9.43, -0.06, -0.05, 0.05, 0.48, 0.1, 8.95, -0.1, -0.07, 0.07
2021-05-09 16:36:06.067187, 1620567366.0671878, 3.0, 0.74, 9.15, -0.06, -0.03, -0.01, 0.38, 0.26, 8.59, -0.1, -0.05, -0.01
2021-05-09 16:36:06.177282, 1620567366.1772828, 2.93, 0.6, 9.23, -0.07, -0.04, -0.0, 0.32, 0.2, 8.64, -0.11, -0.07, -0.01
2021-05-09 16:36:06.286868, 1620567366.2868686, 2.79, 0.6, 9.25, -0.06, -0.05, 0.01, 0.16, 0.05, 8.65, -0.1, -0.06, 0.0
2021-05-09 16:36:06.396314, 1620567366.3963141, 2.73, 0.56, 9.18, -0.07, -0.05, -0.06, 0.1, 0.07, 8.52, -0.08, -0.05, -0.07
2021-05-09 16:36:06.506034, 1620567366.5060346, 2.62, 0.66, 9.36, -0.07, -0.05, -0.09, -0.0, 0.19, 8.69, -0.07, -0.05, -0.09
2021-05-09 16:36:06.615462, 1620567366.6154625, 2.62, 0.68, 9.32, -0.04, -0.08, -0.07, -0.01, 0.21, 8.64, -0.05, -0.07, -0.05
2021-05-09 16:36:06.724296, 1620567366.724296, 2.73, 0.82, 9.31, -0.02, -0.1, 0.01, 0.09, 0.36, 8.69, -0.05, -0.1, 0.04
2021-05-09 16:36:06.834007, 1620567366.834007, 2.84, 0.72, 9.16, -0.03, -0.08, 0.06, 0.14, 0.17, 8.55, -0.08, -0.1, 0.07
2021-05-09 16:36:06.944342, 1620567366.9443429, 2.8, 0.62, 9.24, -0.05, -0.04, 0.02, 0.1, 0.17, 8.62, -0.09, -0.04, 0.03
2021-05-09 16:36:07.053967, 1620567367.053967, 2.78, 0.67, 9.3, -0.04, -0.06, 0.01, 0.13, 0.21, 8.66, -0.08, -0.05, 0.01
2021-05-09 16:36:07.163404, 1620567367.1634047, 2.87, 0.59, 9.22, -0.03, -0.05, -0.01, 0.16, 0.12, 8.62, -0.06, -0.04, 0.01
2021-05-09 16:36:07.272932, 1620567367.272932, 2.75, 0.57, 9.25, -0.03, -0.01, -0.06, 0.08, 0.06, 8.61, -0.05, -0.02, -0.04
2021-05-09 16:36:07.382537, 1620567367.382537, 2.69, 0.64, 9.22, -0.06, 0.02, -0.13, -0.0, 0.13, 8.57, -0.06, -0.0, -0.13
2021-05-09 16:36:07.492072, 1620567367.4920728, 2.58, 0.79, 9.24, -0.06, 0.02, -0.12, -0.08, 0.3, 8.55, -0.06, 0.02, -0.12
2021-05-09 16:36:07.601663, 1620567367.601664, 2.5, 0.8, 9.2, -0.04, 0.04, -0.07, -0.15, 0.37, 8.51, -0.06, 0.03, -0.07
2021-05-09 16:36:07.711348, 1620567367.7113485, 2.37, 0.85, 9.34, -0.01, 0.04, -0.03, -0.22, 0.35, 8.61, -0.03, 0.03, -0.0
2021-05-09 16:36:07.820108, 1620567367.820108, 2.37, 0.93, 9.33, -0.02, 0.04, -0.01, -0.29, 0.41, 8.62, -0.06, 0.05, 0.01
2021-05-09 16:36:07.930414, 1620567367.930414, 2.29, 0.85, 9.32, -0.03, -0.03, -0.0, -0.23, 0.31, 8.56, -0.07, -0.03, 0.01
2021-05-09 16:36:08.039864, 1620567368.039864, 2.51, 0.77, 9.39, -0.03, -0.06, -0.02, -0.16, 0.31, 8.63, -0.05, -0.07, -0.01
2021-05-09 16:36:08.149562, 1620567368.1495626, 2.42, 0.91, 9.45, -0.02, -0.04, -0.01, -0.26, 0.47, 8.71, -0.03, -0.04, -0.0
2021-05-09 16:36:08.258986, 1620567368.2589865, 2.37, 0.97, 9.5, -0.01, -0.05, 0.08, -0.31, 0.5, 8.76, -0.06, -0.06, 0.1
2021-05-09 16:36:08.368940, 1620567368.3689404, 2.39, 0.84, 9.5, -0.02, -0.08, 0.14, -0.26, 0.36, 8.76, -0.09, -0.1, 0.11
2021-05-09 16:36:08.478285, 1620567368.4782853, 2.33, 0.77, 9.57, -0.03, -0.09, 0.1, -0.33, 0.28, 8.82, -0.09, -0.1, 0.09
