human_time, computer_time, x_acc_1, y_acc_1, z_acc_1, x_gyro_1, y_gyro_1, z_gyro_1, x_acc_2, y_acc_2, z_acc_2, x_gyro_2, y_gyro_2, z_gyro_2
2021-05-09 16:25:25.254202, 1620566725.2542026, 2.79, 0.78, 8.92, -0.02, -0.09, -0.05, -0.12, 0.53, 8.37, -0.02, -0.1, -0.03
2021-05-09 16:25:25.363779, 1620566725.3637795, 3.0, 0.82, 9.14, -0.03, -0.08, -0.03, -0.06, 0.53, 8.56, -0.04, -0.11, -0.02
2021-05-09 16:25:25.473522, 1620566725.4735227, 3.05, 0.84, 9.13, -0.04, -0.05, -0.02, -0.04, 0.56, 8.55, -0.05, -0.08, -0.01
2021-05-09 16:25:25.582693, 1620566725.582693, 2.92, 0.85, 9.25, -0.04, -0.04, 0.01, -0.11, 0.61, 8.67, -0.08, -0.04, 0.01
2021-05-09 16:25:25.692335, 1620566725.6923356, 2.85, 0.76, 9.25, -0.04, -0.03, 0.02, -0.16, 0.52, 8.67, -0.08, -0.05, 0.02
2021-05-09 16:25:25.802049, 1620566725.8020499, 2.85, 0.74, 9.23, -0.04, -0.04, 0.0, -0.14, 0.5, 8.63, -0.07, -0.04, 0.02
2021-05-09 16:25:25.911010, 1620566725.9110107, 2.81, 0.74, 9.21, -0.03, -0.01, 0.0, -0.18, 0.48, 8.59, -0.07, -0.02, 0.01
2021-05-09 16:25:26.020734, 1620566726.0207348, 2.8, 0.75, 9.3, -0.02, -0.02, -0.0, -0.23, 0.51, 8.65, -0.06, -0.02, 0.0
2021-05-09 16:25:26.130705, 1620566726.1307058, 2.73, 0.77, 9.31, -0.02, -0.03, 0.0, -0.25, 0.53, 8.65, -0.06, -0.02, 0.01
2021-05-09 16:25:26.240343, 1620566726.240343, 2.75, 0.75, 9.27, -0.02, -0.06, 0.0, -0.28, 0.49, 8.65, -0.05, -0.04, 0.02
2021-05-09 16:25:26.349778, 1620566726.3497784, 2.76, 0.81, 9.29, -0.02, -0.06, -0.0, -0.29, 0.51, 8.66, -0.05, -0.05, 0.01
2021-05-09 16:25:26.459653, 1620566726.4596531, 2.78, 0.8, 9.26, -0.03, -0.06, -0.01, -0.29, 0.54, 8.63, -0.06, -0.05, 0.0
2021-05-09 16:25:26.569266, 1620566726.5692668, 2.8, 0.8, 9.28, -0.03, -0.06, -0.02, -0.29, 0.5, 8.66, -0.06, -0.06, -0.01
2021-05-09 16:25:26.678873, 1620566726.6788733, 2.8, 0.84, 9.28, -0.04, -0.07, -0.02, -0.28, 0.56, 8.62, -0.06, -0.07, -0.01
2021-05-09 16:25:26.788444, 1620566726.7884445, 2.74, 0.82, 9.28, -0.03, -0.06, -0.02, -0.31, 0.54, 8.63, -0.06, -0.07, -0.0
2021-05-09 16:25:26.897470, 1620566726.8974702, 2.74, 0.87, 9.29, -0.03, -0.07, -0.01, -0.33, 0.55, 8.64, -0.06, -0.07, 0.0
2021-05-09 16:25:27.007403, 1620566727.007403, 2.79, 0.85, 9.28, -0.04, -0.08, 0.0, -0.3, 0.57, 8.63, -0.07, -0.08, 0.02
2021-05-09 16:25:27.116855, 1620566727.1168559, 2.83, 0.81, 9.24, -0.04, -0.09, 0.0, -0.27, 0.56, 8.61, -0.07, -0.07, 0.02
2021-05-09 16:25:27.226801, 1620566727.2268019, 2.92, 0.84, 9.19, -0.04, -0.06, 0.0, -0.23, 0.54, 8.58, -0.07, -0.04, 0.02
2021-05-09 16:25:27.336013, 1620566727.3360138, 2.81, 0.8, 9.27, -0.04, -0.06, 0.0, -0.31, 0.5, 8.63, -0.08, -0.05, 0.01
2021-05-09 16:25:27.445958, 1620566727.4459589, 2.78, 0.76, 9.27, -0.05, -0.07, -0.02, -0.34, 0.47, 8.66, -0.07, -0.07, -0.01
2021-05-09 16:25:27.555536, 1620566727.5555363, 2.84, 0.8, 9.28, -0.05, -0.09, -0.04, -0.32, 0.51, 8.65, -0.06, -0.08, -0.03
2021-05-09 16:25:27.665071, 1620566727.665071, 2.87, 0.81, 9.23, -0.05, -0.08, -0.04, -0.27, 0.54, 8.6, -0.06, -0.09, -0.03
2021-05-09 16:25:27.774740, 1620566727.7747405, 2.9, 0.83, 9.21, -0.04, -0.07, -0.0, -0.24, 0.57, 8.62, -0.07, -0.08, 0.0
2021-05-09 16:25:27.883354, 1620566727.8843153, 2.89, 0.78, 9.24, -0.04, -0.09, -0.0, -0.26, 0.48, 8.63, -0.07, -0.08, 0.01
2021-05-09 16:25:27.993777, 1620566727.9937775, 2.96, 0.77, 9.21, -0.04, -0.07, -0.0, -0.22, 0.52, 8.61, -0.07, -0.06, 0.01
2021-05-09 16:25:28.103376, 1620566728.1033766, 2.92, 0.77, 9.24, -0.04, -0.06, 0.0, -0.27, 0.5, 8.65, -0.07, -0.05, 0.01
2021-05-09 16:25:28.212391, 1620566728.2123916, 2.92, 0.78, 9.25, -0.04, -0.06, 0.0, -0.26, 0.46, 8.66, -0.07, -0.06, 0.01
2021-05-09 16:25:28.322252, 1620566728.3222523, 2.92, 0.76, 9.22, -0.04, -0.06, 0.0, -0.27, 0.49, 8.62, -0.07, -0.07, 0.0
2021-05-09 16:25:28.432030, 1620566728.4320307, 2.94, 0.73, 9.24, -0.03, -0.05, -0.01, -0.25, 0.49, 8.63, -0.06, -0.06, -0.01
2021-05-09 16:25:28.541747, 1620566728.541747, 2.88, 0.79, 9.26, -0.03, -0.05, 0.01, -0.29, 0.53, 8.65, -0.07, -0.06, 0.01
2021-05-09 16:25:28.652847, 1620566728.652847, 2.9, 0.73, 9.25, -0.03, -0.06, 0.01, -0.24, 0.44, 8.63, -0.08, -0.08, 0.01
2021-05-09 16:25:28.760825, 1620566728.7608256, 2.91, 0.72, 9.25, -0.04, -0.05, -0.01, -0.23, 0.43, 8.62, -0.07, -0.07, -0.01
2021-05-09 16:25:28.870397, 1620566728.8703978, 2.84, 0.7, 9.3, -0.05, -0.06, -0.01, -0.23, 0.41, 8.67, -0.07, -0.08, -0.0
2021-05-09 16:25:28.979512, 1620566728.979513, 2.89, 0.67, 9.24, -0.06, -0.08, -0.02, -0.23, 0.35, 8.6, -0.08, -0.1, -0.02
2021-05-09 16:25:29.088954, 1620566729.0889547, 2.95, 0.69, 9.22, -0.05, -0.06, -0.03, -0.16, 0.43, 8.61, -0.07, -0.09, -0.02
2021-05-09 16:25:29.198663, 1620566729.1986632, 2.86, 0.68, 9.23, -0.04, -0.05, -0.03, -0.18, 0.39, 8.62, -0.07, -0.06, -0.02
2021-05-09 16:25:29.308394, 1620566729.3083944, 2.83, 0.71, 9.25, -0.03, -0.06, -0.02, -0.22, 0.43, 8.66, -0.06, -0.06, 0.0
2021-05-09 16:25:29.417503, 1620566729.417503, 2.82, 0.69, 9.27, -0.03, -0.06, 0.02, -0.22, 0.4, 8.62, -0.06, -0.06, 0.03
2021-05-09 16:25:29.527963, 1620566729.5279636, 2.82, 0.75, 9.28, -0.01, -0.07, 0.03, -0.21, 0.46, 8.65, -0.06, -0.07, 0.05
2021-05-09 16:25:29.637611, 1620566729.6376112, 2.87, 0.74, 9.24, 0.0, -0.08, 0.04, -0.18, 0.45, 8.63, -0.05, -0.07, 0.07
2021-05-09 16:25:29.747022, 1620566729.7470224, 2.89, 0.76, 9.25, -0.0, -0.06, 0.04, -0.19, 0.44, 8.63, -0.05, -0.06, 0.07
2021-05-09 16:25:29.856742, 1620566729.8567424, 2.87, 0.79, 9.22, -0.02, -0.06, 0.02, -0.21, 0.46, 8.64, -0.06, -0.07, 0.03
2021-05-09 16:25:29.966054, 1620566729.9660547, 2.9, 0.82, 9.25, -0.01, -0.07, 0.01, -0.17, 0.53, 8.65, -0.06, -0.06, 0.03
2021-05-09 16:25:30.075947, 1620566730.0759478, 2.87, 0.72, 9.23, -0.03, -0.05, 0.01, -0.2, 0.39, 8.64, -0.07, -0.06, 0.02
2021-05-09 16:25:30.184585, 1620566730.1845853, 2.85, 0.77, 9.28, -0.04, -0.06, -0.01, -0.22, 0.43, 8.68, -0.07, -0.07, 0.0
2021-05-09 16:25:30.295110, 1620566730.2951102, 2.91, 0.77, 9.2, -0.05, -0.06, -0.03, -0.16, 0.43, 8.61, -0.07, -0.07, -0.01
2021-05-09 16:25:30.404539, 1620566730.404539, 2.86, 0.74, 9.25, -0.07, -0.05, -0.01, -0.21, 0.39, 8.63, -0.09, -0.05, -0.02
2021-05-09 16:25:30.514205, 1620566730.5142057, 2.78, 0.66, 9.29, -0.06, -0.06, -0.01, -0.23, 0.34, 8.66, -0.08, -0.07, -0.01
2021-05-09 16:25:30.623713, 1620566730.623713, 2.85, 0.65, 9.26, -0.07, -0.07, -0.05, -0.19, 0.33, 8.63, -0.07, -0.08, -0.05
2021-05-09 16:25:30.733555, 1620566730.7335558, 2.85, 0.71, 9.25, -0.07, -0.07, -0.08, -0.2, 0.39, 8.66, -0.07, -0.07, -0.07
2021-05-09 16:25:30.842861, 1620566730.8428614, 2.88, 0.68, 9.25, -0.06, -0.06, -0.07, -0.17, 0.44, 8.63, -0.06, -0.07, -0.06
2021-05-09 16:25:30.952638, 1620566730.9526381, 2.91, 0.75, 9.23, -0.03, -0.08, -0.04, -0.18, 0.48, 8.62, -0.05, -0.04, -0.02
2021-05-09 16:25:31.062177, 1620566731.0621774, 2.91, 0.76, 9.26, -0.03, -0.05, -0.03, -0.2, 0.44, 8.66, -0.06, -0.05, -0.01
2021-05-09 16:25:31.171883, 1620566731.1718836, 2.9, 0.73, 9.25, -0.04, -0.12, -0.03, -0.2, 0.36, 8.68, -0.07, -0.05, 0.01
2021-05-09 16:25:31.281218, 1620566731.2812183, 3.0, 0.69, 9.22, -0.06, -0.11, -0.0, -0.23, 0.38, 8.64, -0.08, -0.07, -0.0
2021-05-09 16:25:31.390097, 1620566731.3900979, 2.98, 0.68, 9.23, -0.05, -0.08, -0.01, -0.26, 0.4, 8.67, -0.07, -0.05, 0.0
2021-05-09 16:25:31.500615, 1620566731.5006158, 3.04, 0.63, 9.19, -0.06, -0.1, -0.04, -0.24, 0.32, 8.63, -0.07, -0.06, -0.02
2021-05-09 16:25:31.610331, 1620566731.610331, 3.11, 0.64, 9.19, -0.06, -0.08, -0.05, -0.24, 0.34, 8.65, -0.07, -0.06, -0.04
2021-05-09 16:25:31.719517, 1620566731.7195175, 3.08, 0.6, 9.18, -0.06, -0.06, -0.03, -0.25, 0.32, 8.67, -0.08, -0.05, -0.03
2021-05-09 16:25:31.828914, 1620566731.8289146, 3.0, 0.62, 9.22, -0.04, -0.05, -0.01, -0.33, 0.35, 8.63, -0.07, -0.05, -0.0
2021-05-09 16:25:31.938598, 1620566731.9385982, 2.98, 0.61, 9.22, -0.03, -0.06, 0.01, -0.32, 0.32, 8.64, -0.07, -0.07, 0.02
2021-05-09 16:25:32.048441, 1620566732.0484416, 3.01, 0.6, 9.27, -0.04, -0.1, -0.0, -0.34, 0.28, 8.72, -0.07, -0.07, 0.01
2021-05-09 16:25:32.158091, 1620566732.1580915, 3.08, 0.59, 9.17, -0.04, -0.07, 0.0, -0.3, 0.32, 8.6, -0.07, -0.06, 0.01
2021-05-09 16:25:32.267531, 1620566732.267531, 3.12, 0.57, 9.13, -0.03, -0.05, -0.01, -0.3, 0.28, 8.58, -0.06, -0.06, -0.0
2021-05-09 16:25:32.377170, 1620566732.3771698, 3.08, 0.54, 9.18, -0.02, -0.02, -0.01, -0.3, 0.27, 8.62, -0.05, -0.06, -0.01
2021-05-09 16:25:32.484755, 1620566732.4847558, 2.96, 0.62, 9.25, -0.03, -0.0, -0.02, -0.36, 0.32, 8.63, -0.06, -0.09, -0.0
2021-05-09 16:25:32.594353, 1620566732.594353, 2.91, 0.68, 9.28, -0.04, -0.03, 0.0, -0.32, 0.36, 8.66, -0.06, -0.08, 0.01
2021-05-09 16:25:32.706075, 1620566732.7060757, 2.95, 0.6, 9.2, -0.04, -0.06, -0.01, -0.24, 0.3, 8.6, -0.06, -0.09, -0.0
2021-05-09 16:25:32.815739, 1620566732.8157396, 2.9, 0.66, 9.23, -0.02, -0.04, 0.0, -0.24, 0.39, 8.64, -0.06, -0.07, 0.01
2021-05-09 16:25:32.925154, 1620566732.9251542, 2.88, 0.67, 9.23, -0.03, -0.02, 0.01, -0.27, 0.36, 8.6, -0.07, -0.05, 0.02
2021-05-09 16:25:33.033961, 1620566733.033961, 2.8, 0.63, 9.29, -0.02, -0.03, 0.03, -0.3, 0.33, 8.64, -0.06, -0.06, 0.03
2021-05-09 16:25:33.144159, 1620566733.1441596, 2.79, 0.6, 9.29, -0.03, -0.04, 0.02, -0.26, 0.25, 8.63, -0.07, -0.06, 0.03
2021-05-09 16:25:33.253954, 1620566733.2539544, 2.88, 0.58, 9.24, -0.04, -0.07, -0.03, -0.23, 0.28, 8.6, -0.06, -0.08, -0.02
2021-05-09 16:25:33.363389, 1620566733.3633895, 2.86, 0.66, 9.25, -0.03, -0.06, -0.03, -0.22, 0.37, 8.63, -0.05, -0.06, -0.02
2021-05-09 16:25:33.473071, 1620566733.4730716, 2.86, 0.71, 9.25, -0.03, -0.07, -0.01, -0.26, 0.37, 8.64, -0.06, -0.06, 0.0
2021-05-09 16:25:33.582470, 1620566733.5824704, 2.84, 0.62, 9.28, -0.05, -0.06, -0.02, -0.25, 0.34, 8.65, -0.07, -0.07, -0.01
2021-05-09 16:25:33.692087, 1620566733.692088, 2.83, 0.59, 9.27, -0.05, -0.05, -0.04, -0.21, 0.27, 8.65, -0.06, -0.09, -0.03
2021-05-09 16:25:33.799797, 1620566733.799798, 2.89, 0.63, 9.29, -0.03, -0.08, -0.04, -0.17, 0.33, 8.66, -0.04, -0.11, -0.03
2021-05-09 16:25:33.909578, 1620566733.9095783, 2.92, 0.73, 9.19, -0.04, -0.08, -0.05, -0.11, 0.4, 8.6, -0.05, -0.1, -0.03
2021-05-09 16:25:34.020930, 1620566734.0209308, 2.89, 0.68, 9.24, -0.04, -0.08, -0.03, -0.08, 0.42, 8.63, -0.06, -0.09, -0.02
2021-05-09 16:25:34.130581, 1620566734.130581, 2.92, 0.69, 9.23, -0.03, -0.06, 0.0, -0.08, 0.41, 8.61, -0.06, -0.06, 0.01
2021-05-09 16:25:34.239965, 1620566734.239966, 2.84, 0.72, 9.26, -0.02, -0.04, 0.04, -0.14, 0.46, 8.62, -0.06, -0.05, 0.04
2021-05-09 16:25:34.349360, 1620566734.349361, 2.78, 0.73, 9.3, -0.01, -0.05, 0.09, -0.18, 0.45, 8.67, -0.07, -0.05, 0.1
2021-05-09 16:25:34.459199, 1620566734.4592, 2.86, 0.77, 9.28, 0.01, -0.06, 0.15, -0.15, 0.51, 8.64, -0.07, -0.04, 0.18
2021-05-09 16:25:34.568796, 1620566734.5687966, 2.8, 0.77, 9.26, 0.02, -0.06, 0.23, -0.17, 0.48, 8.66, -0.08, -0.04, 0.26
2021-05-09 16:25:34.678100, 1620566734.678101, 2.81, 0.61, 9.23, 0.01, -0.05, 0.24, -0.21, 0.28, 8.61, -0.1, -0.05, 0.25
2021-05-09 16:25:34.787953, 1620566734.7879531, 2.76, 0.47, 9.32, -0.03, -0.05, 0.1, -0.26, 0.11, 8.7, -0.09, -0.04, 0.11
2021-05-09 16:25:34.897803, 1620566734.897803, 2.75, 0.54, 9.33, -0.07, -0.07, -0.05, -0.29, 0.22, 8.67, -0.08, -0.07, -0.05
2021-05-09 16:25:35.007269, 1620566735.0072691, 2.8, 0.56, 9.26, -0.07, -0.07, -0.12, -0.23, 0.25, 8.64, -0.06, -0.07, -0.11
2021-05-09 16:25:35.116955, 1620566735.116955, 2.83, 0.59, 9.22, -0.07, -0.06, -0.12, -0.24, 0.33, 8.6, -0.05, -0.06, -0.11
2021-05-09 16:25:35.226337, 1620566735.226337, 2.78, 0.61, 9.29, -0.05, -0.07, -0.11, -0.25, 0.32, 8.64, -0.05, -0.06, -0.1
2021-05-09 16:25:35.336258, 1620566735.3362586, 2.84, 0.64, 9.26, -0.06, -0.07, -0.13, -0.24, 0.41, 8.65, -0.05, -0.06, -0.12
2021-05-09 16:25:35.445834, 1620566735.4458342, 2.84, 0.68, 9.28, -0.05, -0.08, -0.11, -0.24, 0.4, 8.67, -0.04, -0.07, -0.1
2021-05-09 16:25:35.555350, 1620566735.5553505, 2.82, 0.69, 9.27, -0.05, -0.08, -0.08, -0.24, 0.43, 8.65, -0.05, -0.08, -0.07
2021-05-09 16:25:35.665082, 1620566735.6650825, 2.98, 0.71, 9.21, -0.03, -0.09, -0.03, -0.16, 0.42, 8.59, -0.05, -0.09, -0.0
2021-05-09 16:25:35.774528, 1620566735.774528, 2.9, 0.64, 9.25, -0.03, -0.06, -0.01, -0.19, 0.36, 8.63, -0.06, -0.07, 0.0
2021-05-09 16:25:35.884070, 1620566735.8840702, 2.92, 0.64, 9.24, -0.03, -0.06, -0.0, -0.17, 0.34, 8.66, -0.07, -0.07, 0.0
2021-05-09 16:25:35.993647, 1620566735.993647, 2.92, 0.63, 9.25, -0.05, -0.06, -0.01, -0.14, 0.43, 8.61, -0.07, -0.06, -0.01
2021-05-09 16:25:36.103051, 1620566736.103051, 2.9, 0.65, 9.26, -0.03, -0.04, -0.02, -0.2, 0.34, 8.66, -0.06, -0.06, -0.01
2021-05-09 16:25:36.212835, 1620566736.212835, 2.85, 0.67, 9.27, -0.05, -0.06, -0.02, -0.17, 0.44, 8.66, -0.07, -0.07, -0.01
2021-05-09 16:25:36.322372, 1620566736.3223724, 2.88, 0.66, 9.24, -0.02, -0.05, 0.02, -0.14, 0.42, 8.64, -0.06, -0.08, 0.03
2021-05-09 16:25:36.432191, 1620566736.4321914, 2.85, 0.68, 9.25, -0.02, -0.05, -0.01, -0.17, 0.4, 8.66, -0.05, -0.08, 0.0
2021-05-09 16:25:36.541620, 1620566736.5416203, 2.84, 0.64, 9.25, -0.04, -0.06, -0.04, -0.16, 0.39, 8.64, -0.05, -0.07, -0.03
2021-05-09 16:25:36.650927, 1620566736.650927, 2.82, 0.71, 9.27, -0.02, -0.06, -0.02, -0.15, 0.45, 8.66, -0.05, -0.07, -0.0
2021-05-09 16:25:36.760922, 1620566736.7609222, 2.85, 0.7, 9.24, -0.02, -0.07, 0.0, -0.14, 0.43, 8.64, -0.06, -0.07, 0.02
2021-05-09 16:25:36.870293, 1620566736.8702931, 2.85, 0.7, 9.25, -0.04, -0.06, -0.02, -0.14, 0.41, 8.64, -0.06, -0.07, -0.01
2021-05-09 16:25:36.979781, 1620566736.9797819, 2.86, 0.7, 9.24, -0.04, -0.05, -0.02, -0.17, 0.46, 8.64, -0.06, -0.06, -0.01
2021-05-09 16:25:37.089360, 1620566737.089361, 2.81, 0.74, 9.27, -0.04, -0.06, -0.01, -0.17, 0.45, 8.64, -0.06, -0.07, 0.01
2021-05-09 16:25:37.198977, 1620566737.1989772, 2.8, 0.68, 9.27, -0.04, -0.07, -0.0, -0.16, 0.41, 8.64, -0.07, -0.07, 0.01
2021-05-09 16:25:37.308847, 1620566737.3088474, 2.86, 0.66, 9.23, -0.05, -0.06, -0.02, -0.14, 0.4, 8.63, -0.07, -0.06, -0.01
2021-05-09 16:25:37.418367, 1620566737.418367, 2.85, 0.72, 9.27, -0.05, -0.05, -0.03, -0.17, 0.46, 8.63, -0.07, -0.04, -0.01
2021-05-09 16:25:37.527771, 1620566737.5277717, 2.79, 0.75, 9.3, -0.02, -0.02, 0.0, -0.18, 0.51, 8.66, -0.07, -0.06, 0.02
2021-05-09 16:25:37.636674, 1620566737.636675, 2.8, 0.65, 9.29, -0.03, -0.07, 0.0, -0.14, 0.34, 8.67, -0.07, -0.07, 0.02
2021-05-09 16:25:37.747023, 1620566737.7470238, 2.82, 0.67, 9.24, -0.04, -0.06, -0.01, -0.18, 0.44, 8.61, -0.06, -0.06, 0.0
2021-05-09 16:25:37.856394, 1620566737.8563945, 2.77, 0.75, 9.29, -0.02, -0.05, 0.01, -0.17, 0.49, 8.66, -0.06, -0.05, 0.03
2021-05-09 16:25:37.965630, 1620566737.9656308, 2.78, 0.68, 9.3, -0.02, -0.06, 0.0, -0.21, 0.38, 8.65, -0.06, -0.06, 0.02
2021-05-09 16:25:38.075579, 1620566738.0755796, 2.77, 0.72, 9.27, -0.04, -0.08, -0.03, -0.19, 0.44, 8.64, -0.06, -0.07, -0.02
2021-05-09 16:25:38.185422, 1620566738.1854222, 2.83, 0.69, 9.26, -0.03, -0.08, -0.04, -0.17, 0.45, 8.61, -0.05, -0.08, -0.03
2021-05-09 16:25:38.294610, 1620566738.2946105, 2.85, 0.73, 9.25, -0.03, -0.07, -0.05, -0.19, 0.47, 8.61, -0.05, -0.06, -0.03
2021-05-09 16:25:38.404671, 1620566738.4046714, 2.82, 0.79, 9.25, -0.03, -0.07, -0.04, -0.2, 0.51, 8.61, -0.05, -0.07, -0.03
2021-05-09 16:25:38.514144, 1620566738.5141442, 2.78, 0.81, 9.29, -0.04, -0.04, -0.03, -0.21, 0.51, 8.67, -0.07, -0.06, -0.02
2021-05-09 16:25:38.623821, 1620566738.6238215, 2.82, 0.76, 9.28, -0.04, -0.05, -0.01, -0.18, 0.52, 8.62, -0.07, -0.07, -0.0
2021-05-09 16:25:38.733341, 1620566738.7333415, 2.8, 0.76, 9.27, -0.05, -0.05, -0.01, -0.17, 0.49, 8.65, -0.07, -0.07, -0.02
2021-05-09 16:25:38.842889, 1620566738.8428898, 2.78, 0.73, 9.25, -0.05, -0.05, -0.03, -0.2, 0.49, 8.61, -0.07, -0.07, -0.02
2021-05-09 16:25:38.952666, 1620566738.9526665, 2.77, 0.76, 9.25, -0.04, -0.05, -0.02, -0.16, 0.46, 8.62, -0.07, -0.06, -0.01
2021-05-09 16:25:39.062169, 1620566739.0621693, 2.72, 0.73, 9.3, -0.04, -0.04, -0.01, -0.21, 0.43, 8.66, -0.08, -0.05, 0.01
2021-05-09 16:25:39.170800, 1620566739.1708004, 2.69, 0.7, 9.31, -0.05, -0.05, -0.02, -0.24, 0.41, 8.64, -0.07, -0.06, -0.01
2021-05-09 16:25:39.281246, 1620566739.2812462, 2.71, 0.69, 9.31, -0.04, -0.07, -0.01, -0.22, 0.43, 8.63, -0.07, -0.07, -0.0
2021-05-09 16:25:39.390963, 1620566739.3909633, 2.67, 0.72, 9.33, -0.05, -0.08, -0.01, -0.25, 0.44, 8.66, -0.07, -0.08, -0.0
2021-05-09 16:25:39.500623, 1620566739.5006237, 2.76, 0.63, 9.27, -0.05, -0.09, -0.01, -0.2, 0.38, 8.61, -0.07, -0.09, -0.01
2021-05-09 16:25:39.609855, 1620566739.6098554, 2.8, 0.67, 9.26, -0.04, -0.06, 0.0, -0.15, 0.39, 8.63, -0.07, -0.07, 0.01
2021-05-09 16:25:39.719775, 1620566739.719775, 2.77, 0.64, 9.27, -0.05, -0.06, -0.02, -0.17, 0.36, 8.65, -0.08, -0.06, -0.01
2021-05-09 16:25:39.829320, 1620566739.82932, 2.77, 0.61, 9.26, -0.04, -0.07, -0.01, -0.18, 0.38, 8.63, -0.06, -0.06, 0.0
2021-05-09 16:25:39.938509, 1620566739.9385092, 2.77, 0.62, 9.31, -0.04, -0.08, -0.01, -0.18, 0.37, 8.66, -0.06, -0.07, 0.01
2021-05-09 16:25:40.048178, 1620566740.048178, 2.83, 0.64, 9.27, -0.03, -0.08, -0.01, -0.16, 0.39, 8.64, -0.05, -0.07, 0.02
2021-05-09 16:25:40.157782, 1620566740.1577828, 2.85, 0.74, 9.22, -0.01, -0.07, 0.03, -0.13, 0.46, 8.6, -0.06, -0.06, 0.04
2021-05-09 16:25:40.267282, 1620566740.2672827, 2.73, 0.6, 9.31, -0.04, -0.07, -0.0, -0.21, 0.27, 8.66, -0.06, -0.09, 0.01
2021-05-09 16:25:40.377122, 1620566740.3771229, 2.89, 0.69, 9.23, -0.04, -0.1, -0.03, -0.1, 0.41, 8.62, -0.06, -0.08, -0.01
2021-05-09 16:25:40.486507, 1620566740.4865072, 2.97, 0.68, 9.21, -0.03, -0.08, 0.0, -0.07, 0.4, 8.63, -0.06, -0.07, 0.02
2021-05-09 16:25:40.595474, 1620566740.5954742, 2.91, 0.71, 9.23, -0.03, -0.08, -0.01, -0.11, 0.44, 8.65, -0.06, -0.07, 0.0
2021-05-09 16:25:40.705599, 1620566740.705599, 2.94, 0.67, 9.23, -0.04, -0.07, -0.0, -0.1, 0.39, 8.66, -0.07, -0.07, 0.0
2021-05-09 16:25:40.815427, 1620566740.8154278, 2.93, 0.67, 9.25, -0.05, -0.06, -0.01, -0.06, 0.4, 8.67, -0.07, -0.08, -0.0
2021-05-09 16:25:40.925033, 1620566740.9250333, 2.91, 0.65, 9.26, -0.05, -0.06, -0.01, -0.07, 0.38, 8.66, -0.08, -0.08, -0.0
2021-05-09 16:25:41.034752, 1620566741.0347528, 2.93, 0.62, 9.23, -0.06, -0.05, -0.01, -0.07, 0.36, 8.65, -0.08, -0.07, -0.01
2021-05-09 16:25:41.144171, 1620566741.144171, 2.88, 0.64, 9.26, -0.06, -0.05, -0.02, -0.07, 0.37, 8.67, -0.08, -0.07, -0.02
2021-05-09 16:25:41.253744, 1620566741.2537441, 2.89, 0.57, 9.26, -0.06, -0.05, -0.02, -0.07, 0.33, 8.66, -0.08, -0.07, -0.02
2021-05-09 16:25:41.363428, 1620566741.3634284, 2.86, 0.59, 9.24, -0.05, -0.06, -0.02, -0.06, 0.34, 8.64, -0.07, -0.08, -0.02
2021-05-09 16:25:41.473055, 1620566741.473056, 2.92, 0.58, 9.24, -0.04, -0.07, -0.03, -0.0, 0.37, 8.65, -0.06, -0.08, -0.02
2021-05-09 16:25:41.582482, 1620566741.5824826, 2.89, 0.58, 9.27, -0.02, -0.06, -0.02, -0.02, 0.34, 8.65, -0.04, -0.07, -0.01
2021-05-09 16:25:41.691896, 1620566741.6918964, 2.88, 0.61, 9.26, -0.01, -0.06, -0.02, -0.01, 0.37, 8.66, -0.03, -0.08, 0.0
2021-05-09 16:25:41.801686, 1620566741.8016865, 2.97, 0.73, 9.2, -0.05, -0.05, -0.02, 0.04, 0.39, 8.63, -0.07, -0.08, -0.0
2021-05-09 16:25:41.911159, 1620566741.9111593, 2.87, 0.63, 9.28, -0.13, -0.06, -0.02, -0.02, 0.31, 8.7, -0.13, -0.07, -0.05
2021-05-09 16:25:42.020940, 1620566742.0209408, 2.84, 0.48, 9.27, -0.11, -0.07, -0.01, 0.02, 0.29, 8.65, -0.12, -0.07, -0.03
2021-05-09 16:25:42.130477, 1620566742.130478, 2.95, 0.42, 9.23, -0.1, -0.07, 0.02, 0.05, 0.21, 8.64, -0.12, -0.08, 0.01
2021-05-09 16:25:42.240029, 1620566742.2400293, 2.9, 0.39, 9.25, -0.16, -0.06, 0.01, 0.1, 0.13, 8.67, -0.15, -0.08, -0.02
2021-05-09 16:25:42.349459, 1620566742.3494594, 2.88, 0.15, 9.26, -0.17, -0.06, 0.01, 0.04, 0.07, 8.67, -0.18, -0.07, -0.03
2021-05-09 16:25:42.459122, 1620566742.4591224, 2.88, 0.02, 9.21, -0.17, -0.05, 0.01, 0.07, -0.19, 8.67, -0.16, -0.08, -0.0
2021-05-09 16:25:42.568630, 1620566742.5686305, 2.94, -0.14, 9.16, -0.29, -0.08, 0.01, 0.11, -0.2, 8.63, -0.25, -0.08, -0.09
2021-05-09 16:25:42.678409, 1620566742.6784096, 2.96, -0.46, 9.21, -0.23, -0.08, -0.02, 0.15, -0.34, 8.68, -0.2, -0.08, -0.07
2021-05-09 16:25:42.787767, 1620566742.787768, 2.99, -0.59, 9.15, -0.17, -0.09, -0.0, 0.19, -0.51, 8.64, -0.17, -0.09, -0.03
2021-05-09 16:25:42.897602, 1620566742.8976028, 2.96, -0.7, 9.16, -0.21, -0.09, -0.01, 0.2, -0.72, 8.65, -0.2, -0.11, -0.04
2021-05-09 16:25:43.007086, 1620566743.0070863, 2.99, -1.01, 9.09, -0.22, -0.09, -0.03, 0.19, -0.83, 8.62, -0.2, -0.08, -0.08
2021-05-09 16:25:43.116684, 1620566743.1166844, 3.06, -1.16, 9.07, -0.16, -0.1, -0.02, 0.23, -0.93, 8.61, -0.15, -0.08, -0.04
2021-05-09 16:25:43.226472, 1620566743.2264724, 3.1, -1.21, 9.01, -0.12, -0.07, -0.01, 0.27, -1.03, 8.57, -0.11, -0.05, -0.01
2021-05-09 16:25:43.336096, 1620566743.3360963, 3.03, -1.3, 9.06, -0.1, -0.07, -0.02, 0.2, -1.08, 8.61, -0.1, -0.05, -0.03
2021-05-09 16:25:43.445677, 1620566743.4456775, 3.05, -1.25, 9.02, -0.09, -0.07, -0.02, 0.21, -1.05, 8.59, -0.1, -0.05, -0.02
2021-05-09 16:25:43.555154, 1620566743.5551543, 3.1, -1.33, 9.02, -0.1, -0.09, -0.02, 0.2, -1.08, 8.6, -0.1, -0.07, -0.03
2021-05-09 16:25:43.664748, 1620566743.6647484, 3.14, -1.43, 8.97, -0.08, -0.08, -0.02, 0.25, -1.16, 8.58, -0.09, -0.08, -0.01
2021-05-09 16:25:43.774563, 1620566743.7745636, 3.13, -1.45, 8.99, -0.07, -0.08, -0.01, 0.24, -1.17, 8.58, -0.08, -0.09, -0.01
2021-05-09 16:25:43.884138, 1620566743.8841383, 3.18, -1.49, 8.96, -0.07, -0.07, -0.01, 0.28, -1.19, 8.58, -0.08, -0.09, -0.01
2021-05-09 16:25:43.993891, 1620566743.993891, 3.16, -1.5, 8.93, -0.07, -0.06, -0.01, 0.3, -1.23, 8.57, -0.08, -0.09, -0.01
2021-05-09 16:25:44.103467, 1620566744.1034677, 3.15, -1.54, 8.93, -0.07, -0.06, -0.01, 0.33, -1.23, 8.57, -0.08, -0.1, -0.01
2021-05-09 16:25:44.212768, 1620566744.212768, 3.16, -1.58, 8.95, -0.05, -0.07, -0.01, 0.37, -1.25, 8.57, -0.07, -0.1, -0.0
2021-05-09 16:25:44.322738, 1620566744.3227382, 3.16, -1.56, 8.92, -0.05, -0.06, -0.01, 0.39, -1.26, 8.55, -0.07, -0.08, 0.0
2021-05-09 16:25:44.431658, 1620566744.4316585, 3.16, -1.57, 8.93, -0.07, -0.05, -0.01, 0.39, -1.24, 8.56, -0.08, -0.08, -0.01
2021-05-09 16:25:44.541842, 1620566744.541843, 3.14, -1.67, 8.93, -0.08, -0.06, 0.0, 0.41, -1.31, 8.57, -0.09, -0.08, -0.0
2021-05-09 16:25:44.652073, 1620566744.6520731, 3.14, -1.69, 8.93, -0.08, -0.06, 0.0, 0.43, -1.31, 8.55, -0.1, -0.08, -0.0
2021-05-09 16:25:44.760868, 1620566744.7608688, 3.14, -1.74, 8.91, -0.06, -0.06, -0.0, 0.45, -1.36, 8.55, -0.09, -0.08, 0.0
2021-05-09 16:25:44.870474, 1620566744.8704743, 3.12, -1.77, 8.87, -0.06, -0.06, -0.01, 0.44, -1.38, 8.52, -0.08, -0.06, -0.0
2021-05-09 16:25:44.980124, 1620566744.9801247, 3.12, -1.82, 8.93, -0.04, -0.07, -0.01, 0.44, -1.41, 8.58, -0.06, -0.07, -0.0
2021-05-09 16:25:45.089630, 1620566745.089631, 3.16, -1.8, 8.88, -0.02, -0.07, -0.01, 0.47, -1.39, 8.54, -0.05, -0.07, 0.0
2021-05-09 16:25:45.199268, 1620566745.199268, 3.18, -1.74, 8.89, 0.02, -0.06, -0.02, 0.45, -1.32, 8.52, -0.01, -0.06, 0.01
2021-05-09 16:25:45.308759, 1620566745.3087595, 3.13, -1.66, 8.93, 0.07, -0.06, -0.02, 0.44, -1.25, 8.57, 0.03, -0.06, 0.02
2021-05-09 16:25:45.417721, 1620566745.4177217, 3.16, -1.53, 8.94, 0.1, -0.06, -0.02, 0.44, -1.16, 8.57, 0.05, -0.05, 0.03
2021-05-09 16:25:45.527736, 1620566745.527737, 3.15, -1.37, 8.99, 0.13, -0.07, -0.03, 0.4, -1.03, 8.6, 0.07, -0.05, 0.02
2021-05-09 16:25:45.636859, 1620566745.637856, 3.17, -1.14, 9.03, 0.15, -0.07, -0.05, 0.36, -0.88, 8.62, 0.08, -0.05, 0.02
2021-05-09 16:25:45.747311, 1620566745.747311, 3.22, -0.95, 9.03, 0.15, -0.06, -0.05, 0.38, -0.72, 8.61, 0.09, -0.04, 0.01
2021-05-09 16:25:45.856653, 1620566745.8566532, 3.18, -0.69, 9.07, 0.19, -0.05, -0.05, 0.31, -0.48, 8.62, 0.1, -0.02, 0.03
2021-05-09 16:25:45.966232, 1620566745.9662328, 3.18, -0.49, 9.1, 0.2, -0.04, -0.04, 0.3, -0.38, 8.63, 0.1, -0.03, 0.06
2021-05-09 16:25:46.076050, 1620566746.0760508, 3.17, -0.24, 9.11, 0.2, -0.03, -0.03, 0.24, -0.24, 8.64, 0.1, -0.02, 0.07
2021-05-09 16:25:46.185406, 1620566746.1854067, 3.1, 0.04, 9.18, 0.16, -0.04, -0.03, 0.17, -0.06, 8.68, 0.07, -0.01, 0.05
2021-05-09 16:25:46.295043, 1620566746.2950435, 3.09, 0.21, 9.2, 0.12, -0.05, -0.04, 0.12, 0.06, 8.69, 0.05, -0.03, 0.03
2021-05-09 16:25:46.403895, 1620566746.4038951, 3.11, 0.35, 9.19, 0.09, -0.06, -0.04, 0.12, 0.21, 8.67, 0.03, -0.04, 0.02
2021-05-09 16:25:46.514306, 1620566746.5143063, 3.08, 0.55, 9.19, 0.07, -0.06, -0.04, 0.08, 0.31, 8.67, 0.01, -0.05, 0.02
2021-05-09 16:25:46.623034, 1620566746.623035, 3.09, 0.63, 9.19, 0.01, -0.06, -0.03, 0.06, 0.33, 8.64, -0.04, -0.07, 0.01
2021-05-09 16:25:46.733015, 1620566746.733015, 3.07, 0.56, 9.24, -0.04, -0.06, -0.02, 0.06, 0.29, 8.68, -0.07, -0.07, -0.0
2021-05-09 16:25:46.843007, 1620566746.8430076, 3.08, 0.52, 9.21, -0.05, -0.06, -0.02, 0.07, 0.33, 8.64, -0.06, -0.08, -0.02
2021-05-09 16:25:46.952515, 1620566746.9525158, 3.02, 0.58, 9.24, -0.04, -0.06, -0.0, 0.08, 0.38, 8.65, -0.06, -0.08, 0.01
2021-05-09 16:25:47.061962, 1620566747.0619628, 3.08, 0.53, 9.18, -0.05, -0.05, 0.01, 0.14, 0.36, 8.63, -0.07, -0.07, 0.01
2021-05-09 16:25:47.171449, 1620566747.17145, 3.07, 0.53, 9.18, -0.05, -0.04, -0.0, 0.12, 0.34, 8.64, -0.08, -0.06, -0.0
2021-05-09 16:25:47.281033, 1620566747.2810338, 2.99, 0.52, 9.25, -0.05, -0.05, -0.0, 0.1, 0.36, 8.66, -0.07, -0.07, -0.0
2021-05-09 16:25:47.390604, 1620566747.3906047, 3.03, 0.5, 9.21, -0.05, -0.06, -0.01, 0.11, 0.3, 8.65, -0.07, -0.07, -0.01
2021-05-09 16:25:47.500182, 1620566747.5001829, 3.01, 0.47, 9.2, -0.05, -0.05, -0.02, 0.1, 0.3, 8.65, -0.08, -0.06, -0.01
2021-05-09 16:25:47.610077, 1620566747.6100771, 2.97, 0.43, 9.21, -0.05, -0.06, -0.03, 0.09, 0.31, 8.66, -0.07, -0.07, -0.01
2021-05-09 16:25:47.719434, 1620566747.7194345, 3.01, 0.44, 9.19, -0.04, -0.05, -0.03, 0.11, 0.28, 8.63, -0.06, -0.05, -0.01
2021-05-09 16:25:47.829037, 1620566747.829037, 2.99, 0.51, 9.21, -0.02, -0.05, -0.02, 0.09, 0.33, 8.65, -0.05, -0.05, -0.0
2021-05-09 16:25:47.938714, 1620566747.938714, 2.96, 0.51, 9.24, -0.03, -0.05, -0.02, 0.05, 0.35, 8.65, -0.05, -0.05, -0.01
2021-05-09 16:25:48.048048, 1620566748.048048, 2.95, 0.51, 9.22, -0.02, -0.05, -0.01, 0.07, 0.34, 8.64, -0.05, -0.06, 0.0
2021-05-09 16:25:48.157652, 1620566748.157653, 2.94, 0.51, 9.25, -0.03, -0.06, -0.01, 0.05, 0.33, 8.66, -0.06, -0.06, -0.0
2021-05-09 16:25:48.267480, 1620566748.2674804, 2.95, 0.53, 9.25, -0.04, -0.06, -0.02, 0.04, 0.35, 8.69, -0.06, -0.06, -0.01
2021-05-09 16:25:48.376980, 1620566748.3769805, 2.97, 0.55, 9.22, -0.03, -0.06, -0.01, 0.07, 0.35, 8.65, -0.06, -0.06, -0.0
2021-05-09 16:25:48.486267, 1620566748.4862673, 2.95, 0.51, 9.25, -0.04, -0.05, -0.02, 0.02, 0.37, 8.66, -0.06, -0.05, -0.0
2021-05-09 16:25:48.595990, 1620566748.5959904, 2.91, 0.55, 9.27, -0.02, -0.06, -0.01, 0.01, 0.36, 8.67, -0.05, -0.06, 0.01
2021-05-09 16:25:48.704865, 1620566748.7048652, 2.93, 0.54, 9.24, -0.03, -0.07, -0.02, 0.03, 0.35, 8.66, -0.06, -0.06, 0.0
2021-05-09 16:25:48.815434, 1620566748.8154342, 2.97, 0.57, 9.24, -0.04, -0.07, -0.02, 0.03, 0.37, 8.65, -0.06, -0.07, -0.01
2021-05-09 16:25:48.924620, 1620566748.9246209, 2.96, 0.55, 9.25, -0.04, -0.07, -0.02, 0.01, 0.39, 8.67, -0.06, -0.07, -0.01
2021-05-09 16:25:49.033906, 1620566749.0339062, 2.98, 0.58, 9.22, -0.03, -0.07, -0.02, 0.04, 0.4, 8.65, -0.06, -0.07, -0.01
2021-05-09 16:25:49.143668, 1620566749.1436682, 2.98, 0.58, 9.23, -0.03, -0.07, -0.01, 0.0, 0.4, 8.65, -0.06, -0.07, 0.01
2021-05-09 16:25:49.254419, 1620566749.254419, 2.97, 0.55, 9.23, -0.04, -0.06, -0.01, 0.0, 0.39, 8.66, -0.06, -0.08, -0.0
2021-05-09 16:25:49.362603, 1620566749.3626037, 2.95, 0.59, 9.23, -0.04, -0.06, -0.01, 0.03, 0.42, 8.64, -0.06, -0.08, -0.0
2021-05-09 16:25:49.471827, 1620566749.4718277, 2.96, 0.57, 9.22, -0.03, -0.06, -0.01, 0.04, 0.41, 8.64, -0.06, -0.08, 0.0
2021-05-09 16:25:49.581871, 1620566749.5818715, 2.95, 0.57, 9.22, -0.01, -0.06, -0.01, 0.06, 0.47, 8.63, -0.04, -0.07, 0.0
2021-05-09 16:25:49.691488, 1620566749.6914885, 2.98, 0.62, 9.24, 0.03, -0.08, -0.01, 0.09, 0.47, 8.65, -0.02, -0.07, 0.01
2021-05-09 16:25:49.800479, 1620566749.80048, 2.98, 0.67, 9.21, 0.05, -0.09, -0.02, 0.06, 0.52, 8.64, 0.01, -0.07, 0.02
2021-05-09 16:25:49.909931, 1620566749.9099317, 3.01, 0.81, 9.22, 0.07, -0.09, -0.04, 0.08, 0.58, 8.63, 0.02, -0.07, 0.02
2021-05-09 16:25:50.019786, 1620566750.019786, 3.04, 0.96, 9.19, 0.06, -0.08, -0.04, 0.08, 0.69, 8.63, 0.0, -0.06, 0.02
2021-05-09 16:25:50.129575, 1620566750.1295755, 3.04, 1.04, 9.22, 0.04, -0.09, -0.04, 0.08, 0.72, 8.67, -0.01, -0.07, 0.01
2021-05-09 16:25:50.239204, 1620566750.239205, 3.12, 1.14, 9.14, 0.05, -0.09, -0.04, 0.14, 0.81, 8.61, -0.0, -0.07, 0.01
2021-05-09 16:25:50.348958, 1620566750.3489583, 3.14, 1.25, 9.16, 0.05, -0.09, -0.03, 0.11, 0.91, 8.61, -0.01, -0.06, 0.02
2021-05-09 16:25:50.457827, 1620566750.4578278, 3.16, 1.32, 9.13, 0.06, -0.09, -0.01, 0.07, 0.89, 8.61, -0.01, -0.07, 0.04
2021-05-09 16:25:50.567449, 1620566750.5674496, 3.18, 1.35, 9.13, 0.04, -0.08, -0.01, 0.09, 0.93, 8.61, -0.01, -0.07, 0.03
2021-05-09 16:25:50.677474, 1620566750.677474, 3.19, 1.45, 9.13, 0.04, -0.09, -0.03, 0.12, 1.0, 8.61, -0.01, -0.08, 0.01
2021-05-09 16:25:50.786491, 1620566750.7864919, 3.25, 1.54, 9.09, 0.04, -0.1, -0.04, 0.13, 1.08, 8.62, -0.0, -0.09, -0.0
2021-05-09 16:25:50.896626, 1620566750.8966267, 3.27, 1.66, 9.06, 0.04, -0.09, -0.05, 0.17, 1.15, 8.6, -0.01, -0.09, -0.0
2021-05-09 16:25:51.006235, 1620566751.0062358, 3.27, 1.74, 9.08, 0.04, -0.09, -0.04, 0.16, 1.22, 8.63, -0.01, -0.09, 0.0
2021-05-09 16:25:51.115790, 1620566751.1157908, 3.32, 1.84, 9.03, 0.04, -0.09, -0.03, 0.2, 1.28, 8.57, -0.02, -0.09, 0.02
2021-05-09 16:25:51.225379, 1620566751.225379, 3.31, 1.9, 9.01, 0.03, -0.1, -0.02, 0.23, 1.3, 8.6, -0.02, -0.1, 0.01
2021-05-09 16:25:51.335000, 1620566751.335, 3.36, 1.95, 8.99, 0.01, -0.08, -0.03, 0.25, 1.32, 8.58, -0.03, -0.1, -0.0
2021-05-09 16:25:51.444606, 1620566751.4446063, 3.43, 1.99, 8.99, 0.01, -0.11, -0.04, 0.36, 1.42, 8.58, -0.03, -0.11, -0.02
2021-05-09 16:25:51.553567, 1620566751.5535672, 3.47, 2.14, 8.94, 0.07, -0.1, -0.04, 0.34, 1.44, 8.57, 0.01, -0.11, 0.02
2021-05-09 16:25:51.663698, 1620566751.6636982, 3.48, 2.19, 8.92, 0.02, -0.07, -0.03, 0.37, 1.46, 8.58, -0.03, -0.09, 0.0
2021-05-09 16:25:51.773299, 1620566751.773299, 3.51, 2.3, 8.88, 0.01, -0.06, -0.01, 0.42, 1.57, 8.53, -0.04, -0.08, -0.0
2021-05-09 16:25:51.882848, 1620566751.8828485, 3.47, 2.32, 8.9, 0.0, -0.05, -0.02, 0.41, 1.57, 8.55, -0.05, -0.08, -0.01
2021-05-09 16:25:51.992295, 1620566751.9922957, 3.47, 2.3, 8.89, -0.01, -0.07, -0.03, 0.42, 1.5, 8.56, -0.05, -0.08, -0.01
2021-05-09 16:25:52.102173, 1620566752.102174, 3.48, 2.37, 8.88, -0.03, -0.07, -0.03, 0.43, 1.59, 8.54, -0.06, -0.08, -0.01
2021-05-09 16:25:52.211045, 1620566752.2110457, 3.53, 2.41, 8.84, -0.03, -0.06, -0.02, 0.47, 1.61, 8.53, -0.06, -0.06, 0.0
2021-05-09 16:25:52.321404, 1620566752.3214045, 3.49, 2.39, 8.89, -0.04, -0.05, -0.01, 0.45, 1.59, 8.54, -0.07, -0.06, 0.01
2021-05-09 16:25:52.430977, 1620566752.4309776, 3.46, 2.37, 8.9, -0.06, -0.06, -0.01, 0.43, 1.55, 8.57, -0.08, -0.06, 0.01
2021-05-09 16:25:52.540499, 1620566752.5404997, 3.48, 2.34, 8.89, -0.06, -0.05, -0.02, 0.45, 1.55, 8.55, -0.08, -0.06, -0.0
2021-05-09 16:25:52.650074, 1620566752.650074, 3.41, 2.34, 8.92, -0.07, -0.06, -0.02, 0.42, 1.52, 8.57, -0.09, -0.06, -0.0
2021-05-09 16:25:52.759020, 1620566752.7590206, 3.42, 2.31, 8.91, -0.06, -0.05, -0.02, 0.42, 1.55, 8.54, -0.08, -0.06, 0.0
2021-05-09 16:25:52.868600, 1620566752.8686008, 3.48, 2.28, 8.91, -0.07, -0.05, -0.01, 0.45, 1.46, 8.57, -0.1, -0.06, 0.01
2021-05-09 16:25:52.978689, 1620566752.97869, 3.39, 2.23, 8.96, -0.11, -0.04, 0.01, 0.41, 1.41, 8.59, -0.13, -0.06, 0.01
2021-05-09 16:25:53.088375, 1620566753.0883753, 3.39, 2.11, 8.98, -0.16, -0.03, 0.01, 0.42, 1.28, 8.6, -0.16, -0.05, -0.0
2021-05-09 16:25:53.197512, 1620566753.1975121, 3.38, 1.97, 9.0, -0.19, -0.04, 0.02, 0.4, 1.23, 8.61, -0.17, -0.05, -0.01
2021-05-09 16:25:53.307600, 1620566753.3076007, 3.34, 1.74, 9.05, -0.22, -0.03, 0.03, 0.38, 1.09, 8.63, -0.19, -0.03, -0.01
2021-05-09 16:25:53.417126, 1620566753.4171264, 3.32, 1.55, 9.02, -0.21, -0.02, 0.03, 0.35, 0.98, 8.59, -0.19, -0.03, -0.02
2021-05-09 16:25:53.526576, 1620566753.526576, 3.31, 1.36, 9.07, -0.22, -0.02, 0.04, 0.3, 0.85, 8.62, -0.2, -0.01, -0.0
2021-05-09 16:25:53.635784, 1620566753.6357849, 3.26, 1.14, 9.13, -0.24, -0.04, 0.07, 0.18, 0.68, 8.66, -0.21, 0.05, 0.05
2021-05-09 16:25:53.745870, 1620566753.7458704, 3.24, 0.94, 9.1, -0.18, -0.02, 0.08, 0.08, 0.6, 8.6, -0.17, -0.01, 0.02
2021-05-09 16:25:53.855450, 1620566753.8554502, 3.2, 0.75, 9.16, -0.15, -0.01, 0.04, 0.06, 0.42, 8.69, -0.14, -0.02, -0.0
2021-05-09 16:25:53.964471, 1620566753.9644716, 3.15, 0.6, 9.22, -0.16, -0.01, 0.01, 0.01, 0.36, 8.68, -0.15, -0.04, -0.05
2021-05-09 16:25:54.074599, 1620566754.0745995, 3.07, 0.53, 9.25, -0.1, 0.01, 0.01, 0.09, 0.29, 8.72, -0.11, -0.05, -0.04
2021-05-09 16:25:54.184202, 1620566754.1842027, 3.02, 0.43, 9.2, -0.09, -0.02, 0.0, 0.01, 0.26, 8.65, -0.09, -0.05, -0.05
2021-05-09 16:25:54.293442, 1620566754.293442, 2.99, 0.42, 9.25, -0.04, -0.04, -0.02, -0.0, 0.25, 8.69, -0.05, -0.06, -0.05
2021-05-09 16:25:54.403574, 1620566754.4035742, 2.95, 0.43, 9.26, -0.02, -0.05, -0.04, -0.02, 0.23, 8.65, -0.04, -0.07, -0.04
2021-05-09 16:25:54.513294, 1620566754.513294, 2.93, 0.47, 9.25, -0.01, -0.05, -0.04, -0.04, 0.26, 8.66, -0.03, -0.07, -0.02
2021-05-09 16:25:54.622593, 1620566754.6225936, 2.96, 0.56, 9.23, -0.01, -0.06, -0.03, -0.04, 0.35, 8.64, -0.03, -0.08, -0.01
2021-05-09 16:25:54.731945, 1620566754.7319458, 2.97, 0.61, 9.21, -0.01, -0.06, -0.02, 0.01, 0.36, 8.66, -0.04, -0.07, -0.01
2021-05-09 16:25:54.841770, 1620566754.8417702, 2.97, 0.61, 9.22, -0.02, -0.06, -0.02, -0.0, 0.36, 8.64, -0.05, -0.06, 0.0
2021-05-09 16:25:54.950586, 1620566754.9505866, 2.94, 0.6, 9.23, -0.03, -0.05, -0.01, -0.02, 0.37, 8.63, -0.06, -0.06, 0.0
2021-05-09 16:25:55.060818, 1620566755.0608187, 2.92, 0.58, 9.23, -0.04, -0.06, -0.01, -0.04, 0.36, 8.66, -0.07, -0.06, -0.0
2021-05-09 16:25:55.170602, 1620566755.1706023, 2.95, 0.57, 9.25, -0.03, -0.07, -0.03, -0.04, 0.36, 8.66, -0.05, -0.06, -0.01
2021-05-09 16:25:55.280086, 1620566755.280086, 2.94, 0.62, 9.23, -0.03, -0.06, -0.02, -0.02, 0.37, 8.63, -0.05, -0.06, -0.0
2021-05-09 16:25:55.389594, 1620566755.3895946, 2.95, 0.64, 9.22, -0.03, -0.06, -0.02, -0.04, 0.41, 8.63, -0.06, -0.06, 0.0
2021-05-09 16:25:55.499147, 1620566755.499147, 2.94, 0.63, 9.24, -0.03, -0.07, -0.01, -0.04, 0.4, 8.66, -0.06, -0.07, 0.0
2021-05-09 16:25:55.608809, 1620566755.6088092, 2.95, 0.62, 9.23, -0.04, -0.07, -0.01, -0.04, 0.4, 8.63, -0.07, -0.07, 0.0
2021-05-09 16:25:55.718163, 1620566755.7181633, 2.95, 0.6, 9.23, -0.04, -0.07, -0.02, -0.03, 0.38, 8.64, -0.06, -0.07, -0.01
2021-05-09 16:25:55.827872, 1620566755.827873, 2.97, 0.62, 9.22, -0.03, -0.07, -0.02, -0.03, 0.42, 8.63, -0.06, -0.08, -0.01
2021-05-09 16:25:55.937455, 1620566755.9374557, 3.01, 0.63, 9.22, -0.03, -0.06, -0.02, 0.01, 0.42, 8.64, -0.06, -0.07, -0.0
2021-05-09 16:25:56.047049, 1620566756.0470498, 2.96, 0.66, 9.24, -0.03, -0.05, -0.01, -0.03, 0.42, 8.65, -0.06, -0.06, 0.0
2021-05-09 16:25:56.156619, 1620566756.1566195, 2.93, 0.62, 9.25, -0.03, -0.06, -0.0, -0.03, 0.4, 8.66, -0.06, -0.07, 0.01
2021-05-09 16:25:56.266200, 1620566756.2662003, 2.96, 0.64, 9.24, -0.03, -0.06, -0.01, -0.0, 0.4, 8.64, -0.06, -0.07, 0.0
2021-05-09 16:25:56.375607, 1620566756.375607, 2.93, 0.66, 9.25, -0.04, -0.07, -0.01, -0.04, 0.42, 8.64, -0.06, -0.08, 0.0
2021-05-09 16:25:56.485351, 1620566756.4853516, 2.98, 0.63, 9.2, -0.04, -0.07, -0.02, 0.02, 0.38, 8.65, -0.06, -0.07, -0.01
2021-05-09 16:25:56.594860, 1620566756.5948603, 3.01, 0.66, 9.21, -0.04, -0.06, -0.02, 0.01, 0.42, 8.61, -0.06, -0.06, -0.01
2021-05-09 16:25:56.704535, 1620566756.7045355, 2.97, 0.68, 9.25, -0.05, -0.06, -0.01, -0.0, 0.43, 8.68, -0.07, -0.06, 0.0
2021-05-09 16:25:56.813966, 1620566756.8139665, 2.98, 0.64, 9.23, -0.06, -0.06, -0.01, 0.01, 0.4, 8.65, -0.08, -0.06, -0.0
2021-05-09 16:25:56.923667, 1620566756.9236677, 2.96, 0.62, 9.25, -0.07, -0.06, -0.01, 0.01, 0.36, 8.65, -0.08, -0.07, -0.0
2021-05-09 16:25:57.033250, 1620566757.03325, 2.93, 0.56, 9.25, -0.06, -0.06, -0.02, -0.02, 0.36, 8.67, -0.08, -0.07, -0.01
2021-05-09 16:25:57.142957, 1620566757.1429574, 2.96, 0.55, 9.23, -0.05, -0.05, -0.02, 0.02, 0.34, 8.65, -0.07, -0.07, -0.01
2021-05-09 16:25:57.252593, 1620566757.2525938, 2.94, 0.54, 9.23, -0.07, -0.06, -0.01, -0.01, 0.35, 8.66, -0.07, -0.05, 0.01
2021-05-09 16:25:57.361933, 1620566757.3619337, 2.95, 0.54, 9.24, -0.06, -0.06, -0.01, -0.03, 0.35, 8.66, -0.07, -0.05, 0.01
2021-05-09 16:25:57.471421, 1620566757.4714212, 2.95, 0.48, 9.25, -0.07, -0.06, 0.0, -0.04, 0.31, 8.65, -0.07, -0.06, 0.02
2021-05-09 16:25:57.581229, 1620566757.5812297, 2.95, 0.38, 9.33, -0.11, -0.11, 0.02, -0.03, 0.34, 8.72, -0.08, -0.04, 0.01
2021-05-09 16:25:57.690853, 1620566757.690853, 3.01, 0.32, 9.24, -0.16, -0.12, 0.01, -0.09, 0.25, 8.74, -0.09, -0.03, 0.02
2021-05-09 16:25:57.800326, 1620566757.8003266, 3.06, 0.22, 9.19, -0.16, -0.1, 0.01, -0.13, 0.26, 8.67, -0.09, -0.05, -0.01
2021-05-09 16:25:57.909802, 1620566757.909802, 3.14, 0.08, 9.15, -0.16, -0.06, -0.01, -0.08, 0.23, 8.59, -0.08, -0.07, -0.06
2021-05-09 16:25:58.019782, 1620566758.019783, 3.11, -0.08, 9.19, -0.17, -0.06, -0.01, -0.1, 0.22, 8.63, -0.08, -0.05, -0.06
2021-05-09 16:25:58.129067, 1620566758.1290672, 3.06, -0.21, 9.21, -0.15, -0.05, -0.02, -0.09, 0.21, 8.72, -0.08, -0.07, -0.06
2021-05-09 16:25:58.238975, 1620566758.2389753, 3.03, -0.31, 9.14, -0.15, -0.06, -0.01, -0.11, 0.15, 8.65, -0.07, -0.09, -0.06
2021-05-09 16:25:58.348400, 1620566758.3484, 3.1, -0.43, 9.11, -0.13, -0.06, -0.0, -0.08, 0.14, 8.61, -0.07, -0.08, -0.04
2021-05-09 16:25:58.458083, 1620566758.4580834, 3.13, -0.58, 9.09, -0.08, -0.07, -0.02, -0.06, 0.12, 8.61, -0.07, -0.07, -0.02
2021-05-09 16:25:58.567629, 1620566758.5676293, 3.13, -0.51, 9.06, -0.09, -0.06, -0.01, -0.05, 0.13, 8.55, -0.08, -0.07, -0.03
2021-05-09 16:25:58.677016, 1620566758.677016, 3.12, -0.6, 9.14, -0.03, -0.07, -0.02, -0.08, 0.12, 8.67, -0.06, -0.05, 0.01
2021-05-09 16:25:58.786934, 1620566758.7869346, 3.1, -0.57, 9.11, -0.06, -0.07, -0.01, -0.13, 0.11, 8.58, -0.08, -0.06, -0.01
2021-05-09 16:25:58.896411, 1620566758.8964112, 3.09, -0.59, 9.14, -0.05, -0.08, -0.01, -0.13, 0.11, 8.68, -0.07, -0.07, -0.0
2021-05-09 16:25:59.005841, 1620566759.0058417, 3.14, -0.62, 9.12, -0.03, -0.08, -0.02, -0.11, 0.08, 8.64, -0.05, -0.08, -0.0
2021-05-09 16:25:59.114979, 1620566759.1149795, 3.17, -0.61, 9.12, -0.03, -0.07, -0.02, -0.08, 0.13, 8.66, -0.06, -0.07, -0.01
2021-05-09 16:25:59.224681, 1620566759.2246811, 3.17, -0.58, 9.1, -0.04, -0.08, -0.02, -0.1, 0.12, 8.66, -0.06, -0.06, -0.01
2021-05-09 16:25:59.334780, 1620566759.3347807, 3.22, -0.59, 9.08, -0.05, -0.08, -0.01, -0.05, 0.15, 8.64, -0.07, -0.07, -0.01
2021-05-09 16:25:59.444407, 1620566759.4444072, 3.21, -0.58, 9.08, -0.05, -0.07, -0.01, -0.07, 0.12, 8.65, -0.07, -0.06, -0.0
2021-05-09 16:25:59.553742, 1620566759.5537422, 3.19, -0.62, 9.09, -0.04, -0.07, -0.0, -0.08, 0.12, 8.68, -0.07, -0.06, 0.0
2021-05-09 16:25:59.663315, 1620566759.6633153, 3.2, -0.63, 9.09, -0.04, -0.07, -0.01, -0.07, 0.09, 8.67, -0.07, -0.07, 0.01
2021-05-09 16:25:59.772885, 1620566759.7728856, 3.22, -0.62, 9.09, -0.03, -0.07, -0.02, -0.08, 0.12, 8.62, -0.06, -0.07, 0.0
2021-05-09 16:25:59.882784, 1620566759.882785, 3.21, -0.61, 9.1, -0.03, -0.07, -0.02, -0.1, 0.11, 8.67, -0.06, -0.07, -0.01
2021-05-09 16:25:59.992175, 1620566759.9921756, 3.26, -0.6, 9.07, -0.04, -0.07, -0.02, -0.07, 0.13, 8.66, -0.06, -0.08, -0.0
2021-05-09 16:26:00.100926, 1620566760.1009269, 3.26, -0.6, 9.07, -0.03, -0.06, -0.01, -0.06, 0.12, 8.66, -0.06, -0.07, 0.0
2021-05-09 16:26:00.211590, 1620566760.211591, 3.25, -0.59, 9.07, -0.03, -0.06, -0.02, -0.05, 0.13, 8.63, -0.06, -0.07, -0.0
2021-05-09 16:26:00.320792, 1620566760.3207924, 3.24, -0.59, 9.09, -0.02, -0.05, -0.01, -0.06, 0.1, 8.66, -0.05, -0.07, 0.0
2021-05-09 16:26:00.430623, 1620566760.4306235, 3.22, -0.59, 9.1, -0.03, -0.05, -0.03, -0.05, 0.13, 8.64, -0.05, -0.07, -0.01
2021-05-09 16:26:00.540309, 1620566760.5403094, 3.24, -0.53, 9.07, -0.01, -0.04, -0.04, -0.03, 0.16, 8.62, -0.05, -0.07, -0.01
2021-05-09 16:26:00.649814, 1620566760.6498148, 3.21, -0.5, 9.09, -0.0, -0.04, -0.03, -0.07, 0.2, 8.63, -0.04, -0.05, -0.01
2021-05-09 16:26:00.759393, 1620566760.7593932, 3.19, -0.43, 9.05, 0.0, -0.02, -0.04, -0.03, 0.24, 8.6, -0.04, -0.06, -0.01
2021-05-09 16:26:00.868892, 1620566760.8688927, 3.16, -0.41, 9.09, 0.1, -0.02, -0.04, -0.07, 0.26, 8.57, 0.02, -0.07, 0.04
2021-05-09 16:26:00.978447, 1620566760.9784477, 3.07, -0.24, 9.26, 0.04, -0.03, -0.03, -0.09, 0.27, 8.82, -0.01, -0.05, 0.03
2021-05-09 16:26:01.088211, 1620566761.0882118, 3.05, -0.14, 9.17, 0.02, -0.05, -0.03, -0.1, 0.41, 8.64, -0.04, -0.06, 0.01
2021-05-09 16:26:01.196729, 1620566761.1967297, 3.04, -0.06, 9.07, 0.15, -0.02, -0.04, -0.09, 0.49, 8.58, 0.01, -0.1, 0.03
2021-05-09 16:26:01.307374, 1620566761.307374, 3.06, 0.14, 9.24, 0.09, -0.02, -0.02, -0.11, 0.42, 8.65, -0.04, -0.12, 0.02
2021-05-09 16:26:01.416852, 1620566761.4168525, 3.01, 0.22, 9.18, 0.0, -0.06, -0.03, -0.03, 0.51, 8.63, -0.04, -0.07, -0.01
2021-05-09 16:26:01.526514, 1620566761.526515, 2.99, 0.3, 9.2, 0.03, -0.04, -0.02, -0.02, 0.57, 8.64, -0.05, -0.09, -0.0
2021-05-09 16:26:01.635753, 1620566761.6357536, 2.96, 0.32, 9.27, 0.01, -0.06, -0.0, 0.0, 0.51, 8.68, -0.06, -0.08, 0.01
2021-05-09 16:26:01.745324, 1620566761.7453244, 2.95, 0.35, 9.22, -0.01, -0.07, -0.01, -0.01, 0.51, 8.64, -0.06, -0.07, 0.0
2021-05-09 16:26:01.854997, 1620566761.8549972, 2.97, 0.37, 9.22, -0.02, -0.07, -0.02, -0.01, 0.53, 8.65, -0.06, -0.07, -0.01
2021-05-09 16:26:01.964489, 1620566761.9644897, 3.0, 0.4, 9.21, -0.02, -0.07, -0.01, 0.02, 0.55, 8.63, -0.06, -0.07, 0.01
2021-05-09 16:26:02.074058, 1620566762.0740585, 3.0, 0.42, 9.23, -0.03, -0.07, -0.01, 0.02, 0.55, 8.64, -0.06, -0.07, 0.0
2021-05-09 16:26:02.183642, 1620566762.1836426, 3.0, 0.41, 9.22, -0.03, -0.07, -0.01, 0.01, 0.54, 8.66, -0.06, -0.07, -0.0
2021-05-09 16:26:02.293552, 1620566762.2935524, 3.01, 0.43, 9.21, -0.04, -0.07, -0.01, 0.03, 0.57, 8.63, -0.06, -0.07, -0.0
2021-05-09 16:26:02.402879, 1620566762.4028792, 3.01, 0.44, 9.21, -0.04, -0.07, -0.02, 0.03, 0.56, 8.65, -0.06, -0.08, -0.0
2021-05-09 16:26:02.512555, 1620566762.5125551, 3.03, 0.44, 9.22, -0.03, -0.07, -0.01, 0.03, 0.61, 8.65, -0.06, -0.08, -0.0
2021-05-09 16:26:02.622083, 1620566762.6220837, 3.06, 0.43, 9.19, -0.03, -0.06, -0.02, 0.07, 0.59, 8.64, -0.06, -0.07, -0.0
2021-05-09 16:26:02.730819, 1620566762.730819, 3.05, 0.45, 9.21, -0.03, -0.06, -0.01, 0.05, 0.62, 8.66, -0.06, -0.07, 0.0
2021-05-09 16:26:02.841105, 1620566762.8411057, 3.04, 0.45, 9.21, -0.03, -0.06, -0.02, 0.06, 0.6, 8.65, -0.06, -0.06, -0.0
2021-05-09 16:26:02.950511, 1620566762.950512, 3.04, 0.45, 9.22, -0.02, -0.07, -0.01, 0.03, 0.61, 8.68, -0.06, -0.07, 0.0
2021-05-09 16:26:03.059477, 1620566763.060475, 3.04, 0.48, 9.19, -0.02, -0.09, -0.03, 0.05, 0.61, 8.66, -0.05, -0.08, -0.01
2021-05-09 16:26:03.169691, 1620566763.169691, 3.11, 0.54, 9.17, -0.03, -0.06, -0.03, 0.07, 0.64, 8.62, -0.06, -0.07, -0.01
2021-05-09 16:26:03.279451, 1620566763.2794514, 3.07, 0.48, 9.2, 0.01, -0.08, -0.02, 0.06, 0.6, 8.62, -0.05, -0.08, -0.01
2021-05-09 16:26:03.388869, 1620566763.388869, 3.1, 0.6, 9.24, 0.02, -0.09, -0.02, 0.11, 0.68, 8.7, -0.05, -0.08, -0.0
2021-05-09 16:26:03.498500, 1620566763.4985, 3.19, 0.79, 9.15, 0.11, -0.1, 0.02, 0.11, 0.73, 8.61, -0.06, -0.05, -0.01
2021-05-09 16:26:03.607988, 1620566763.607988, 3.16, 0.8, 9.17, 0.1, -0.08, 0.01, 0.04, 0.64, 8.68, -0.07, -0.02, -0.01
2021-05-09 16:26:03.717611, 1620566763.717611, 3.12, 0.89, 9.21, 0.11, -0.11, -0.01, -0.05, 0.61, 8.7, -0.08, -0.05, 0.01
2021-05-09 16:26:03.826478, 1620566763.8264785, 3.29, 1.08, 9.05, 0.08, -0.05, -0.01, 0.03, 0.57, 8.63, -0.1, -0.08, 0.04
2021-05-09 16:26:03.936561, 1620566763.9365616, 3.17, 1.13, 9.16, 0.07, -0.08, -0.04, -0.0, 0.61, 8.66, -0.07, -0.08, 0.06
2021-05-09 16:26:04.046014, 1620566764.0460143, 3.27, 1.34, 9.09, 0.09, -0.08, -0.04, 0.06, 0.55, 8.63, -0.07, -0.1, 0.06
2021-05-09 16:26:04.155129, 1620566764.1551294, 3.28, 1.43, 9.02, 0.08, -0.07, -0.03, 0.12, 0.55, 8.59, -0.07, -0.09, 0.05
2021-05-09 16:26:04.264782, 1620566764.2647822, 3.26, 1.5, 9.08, 0.06, -0.06, -0.04, 0.08, 0.54, 8.65, -0.05, -0.09, 0.04
2021-05-09 16:26:04.374342, 1620566764.3743422, 3.3, 1.67, 9.04, 0.02, -0.05, -0.03, 0.15, 0.58, 8.61, -0.05, -0.07, 0.01
2021-05-09 16:26:04.484672, 1620566764.4846725, 3.26, 1.73, 9.03, 0.02, -0.05, -0.03, 0.16, 0.58, 8.6, -0.06, -0.06, 0.02
2021-05-09 16:26:04.593429, 1620566764.5934296, 3.23, 1.78, 9.11, -0.04, -0.06, -0.02, 0.1, 0.59, 8.66, -0.07, -0.06, 0.0
2021-05-09 16:26:04.703707, 1620566764.703707, 3.22, 1.79, 9.06, -0.03, -0.06, -0.02, 0.11, 0.59, 8.64, -0.06, -0.06, 0.0
2021-05-09 16:26:04.813425, 1620566764.8134253, 3.25, 1.8, 9.03, -0.05, -0.07, -0.01, 0.13, 0.6, 8.63, -0.08, -0.06, -0.0
2021-05-09 16:26:04.923132, 1620566764.923132, 3.27, 1.74, 9.04, -0.04, -0.06, -0.01, 0.13, 0.62, 8.61, -0.07, -0.06, 0.0
2021-05-09 16:26:05.032449, 1620566765.032449, 3.27, 1.71, 9.02, -0.03, -0.06, -0.01, 0.1, 0.57, 8.62, -0.06, -0.05, -0.0
2021-05-09 16:26:05.142085, 1620566765.1420858, 3.25, 1.77, 9.07, -0.04, -0.07, -0.0, 0.06, 0.6, 8.66, -0.06, -0.06, 0.0
2021-05-09 16:26:05.251712, 1620566765.2517123, 3.28, 1.76, 9.05, -0.03, -0.07, -0.02, 0.07, 0.56, 8.65, -0.06, -0.06, -0.01
2021-05-09 16:26:05.361085, 1620566765.3610857, 3.25, 1.77, 9.05, -0.03, -0.06, -0.01, 0.06, 0.59, 8.64, -0.06, -0.06, -0.01
2021-05-09 16:26:05.470040, 1620566765.4710395, 3.22, 1.75, 9.09, -0.05, -0.08, -0.01, 0.03, 0.56, 8.67, -0.07, -0.06, -0.0
2021-05-09 16:26:05.579601, 1620566765.579601, 3.31, 1.79, 9.04, -0.04, -0.07, -0.0, 0.08, 0.59, 8.65, -0.07, -0.06, 0.0
2021-05-09 16:26:05.689934, 1620566765.689934, 3.28, 1.75, 9.02, -0.07, -0.07, -0.01, 0.06, 0.55, 8.65, -0.09, -0.05, -0.01
2021-05-09 16:26:05.799412, 1620566765.7994123, 3.28, 1.69, 9.06, -0.07, -0.07, -0.01, 0.02, 0.54, 8.68, -0.09, -0.06, -0.02
2021-05-09 16:26:05.908992, 1620566765.9089925, 3.31, 1.71, 9.04, -0.05, -0.06, -0.0, 0.05, 0.51, 8.64, -0.08, -0.06, -0.02
2021-05-09 16:26:06.018564, 1620566766.018564, 3.27, 1.57, 8.78, -0.16, -0.03, 0.05, 0.06, 0.41, 8.35, -0.16, -0.08, -0.04
2021-05-09 16:26:06.128245, 1620566766.1282456, 3.3, 1.38, 9.16, -0.32, -0.06, 0.08, -0.08, 0.38, 8.83, -0.25, -0.09, -0.15
2021-05-09 16:26:06.237735, 1620566766.2377348, 3.31, 1.05, 9.16, -0.24, -0.03, 0.04, 0.09, 0.26, 8.65, -0.05, -0.15, 0.14
2021-05-09 16:26:06.347306, 1620566766.3473065, 3.23, 0.88, 9.17, -0.17, -0.03, -0.01, 0.15, 0.16, 8.64, -0.04, -0.09, 0.04
2021-05-09 16:26:06.456888, 1620566766.456888, 3.17, 0.82, 9.22, -0.12, 0.03, -0.0, 0.15, 0.26, 8.68, -0.03, -0.08, -0.01
2021-05-09 16:26:06.566448, 1620566766.5664487, 3.09, 0.76, 9.22, -0.06, -0.04, -0.02, 0.14, 0.33, 8.68, -0.04, -0.07, -0.02
2021-05-09 16:26:06.676425, 1620566766.6764252, 3.09, 0.72, 9.21, -0.04, -0.06, -0.02, 0.16, 0.31, 8.66, -0.06, -0.08, -0.01
2021-05-09 16:26:06.785613, 1620566766.7856133, 3.09, 0.73, 9.19, -0.04, -0.07, -0.01, 0.17, 0.34, 8.65, -0.07, -0.08, -0.01
2021-05-09 16:26:06.895327, 1620566766.895327, 3.14, 0.68, 9.18, -0.04, -0.07, -0.02, 0.21, 0.29, 8.66, -0.06, -0.07, -0.01
2021-05-09 16:26:07.004788, 1620566767.0047882, 3.13, 0.75, 9.2, -0.04, -0.06, -0.03, 0.2, 0.31, 8.66, -0.06, -0.07, -0.01
2021-05-09 16:26:07.114371, 1620566767.1143718, 3.13, 0.71, 9.19, -0.04, -0.06, -0.01, 0.2, 0.32, 8.66, -0.07, -0.07, -0.0
2021-05-09 16:26:07.223986, 1620566767.2239866, 3.12, 0.72, 9.17, -0.04, -0.06, -0.01, 0.2, 0.31, 8.66, -0.07, -0.07, 0.01
2021-05-09 16:26:07.333512, 1620566767.3335123, 3.1, 0.71, 9.19, -0.04, -0.07, -0.01, 0.18, 0.28, 8.66, -0.07, -0.07, 0.0
2021-05-09 16:26:07.443082, 1620566767.4430826, 3.13, 0.71, 9.16, -0.04, -0.06, -0.02, 0.2, 0.28, 8.64, -0.06, -0.07, -0.0
2021-05-09 16:26:07.552684, 1620566767.5526848, 3.15, 0.7, 9.17, -0.04, -0.06, -0.02, 0.22, 0.28, 8.67, -0.07, -0.06, -0.01
2021-05-09 16:26:07.662247, 1620566767.662247, 3.13, 0.72, 9.18, -0.05, -0.06, -0.01, 0.2, 0.32, 8.68, -0.07, -0.07, -0.0
2021-05-09 16:26:07.772035, 1620566767.7720358, 3.14, 0.7, 9.18, -0.05, -0.07, -0.0, 0.21, 0.27, 8.65, -0.08, -0.07, 0.0
2021-05-09 16:26:07.881421, 1620566767.8814213, 3.12, 0.66, 9.17, -0.07, -0.06, -0.01, 0.21, 0.22, 8.67, -0.09, -0.07, -0.0
2021-05-09 16:26:07.990994, 1620566767.9909947, 3.1, 0.63, 9.2, -0.07, -0.07, -0.01, 0.2, 0.25, 8.67, -0.09, -0.08, -0.01
2021-05-09 16:26:08.100557, 1620566768.100557, 3.17, 0.59, 9.14, -0.08, -0.07, -0.01, 0.25, 0.16, 8.65, -0.1, -0.08, -0.0
2021-05-09 16:26:08.210133, 1620566768.2101333, 3.15, 0.53, 9.16, -0.08, -0.07, 0.0, 0.25, 0.15, 8.65, -0.1, -0.07, -0.0
2021-05-09 16:26:08.319752, 1620566768.3197522, 3.18, 0.5, 9.13, -0.1, -0.08, 0.0, 0.28, 0.07, 8.63, -0.12, -0.08, 0.0
2021-05-09 16:26:08.429421, 1620566768.4294214, 3.16, 0.42, 9.17, -0.14, -0.07, 0.01, 0.27, 0.04, 8.67, -0.16, -0.08, -0.01
2021-05-09 16:26:08.539242, 1620566768.5392425, 3.18, 0.21, 9.17, -0.2, -0.08, 0.0, 0.27, -0.2, 8.64, -0.2, -0.1, -0.03
2021-05-09 16:26:08.648820, 1620566768.6488206, 3.17, 0.11, 9.16, -0.19, -0.1, 0.0, 0.34, -0.17, 8.66, -0.2, -0.1, -0.03
2021-05-09 16:26:08.758206, 1620566768.7582066, 3.31, -0.06, 9.1, -0.08, -0.27, 0.03, 0.47, -0.27, 8.66, -0.11, -0.16, 0.02
2021-05-09 16:26:08.868013, 1620566768.8680136, 3.59, -0.14, 9.02, -0.12, -0.16, 0.03, 0.48, -0.5, 8.64, -0.14, -0.12, 0.01
2021-05-09 16:26:08.976843, 1620566768.976843, 3.67, -0.26, 8.96, -0.12, -0.13, 0.03, 0.56, -0.51, 8.61, -0.13, -0.11, 0.0
2021-05-09 16:26:09.086753, 1620566769.0867531, 3.69, -0.36, 8.97, -0.09, -0.1, -0.01, 0.62, -0.53, 8.61, -0.1, -0.07, -0.01
2021-05-09 16:26:09.196443, 1620566769.196443, 3.71, -0.37, 8.98, -0.06, -0.07, -0.01, 0.58, -0.58, 8.65, -0.08, -0.06, -0.01
2021-05-09 16:26:09.306180, 1620566769.30618, 3.67, -0.33, 8.98, -0.05, -0.08, -0.02, 0.59, -0.56, 8.65, -0.07, -0.08, -0.01
2021-05-09 16:26:09.416048, 1620566769.4160483, 3.71, -0.37, 8.94, -0.04, -0.08, -0.01, 0.6, -0.59, 8.61, -0.07, -0.08, -0.0
2021-05-09 16:26:09.525385, 1620566769.5253854, 3.75, -0.36, 8.93, -0.03, -0.07, -0.02, 0.6, -0.58, 8.63, -0.05, -0.06, -0.0
2021-05-09 16:26:09.635004, 1620566769.6350045, 3.7, -0.33, 8.96, -0.03, -0.06, -0.01, 0.57, -0.57, 8.65, -0.06, -0.07, 0.0
2021-05-09 16:26:09.744944, 1620566769.7449448, 3.73, -0.33, 8.95, -0.04, -0.05, -0.01, 0.61, -0.57, 8.62, -0.06, -0.07, -0.01
2021-05-09 16:26:09.854440, 1620566769.8544402, 3.71, -0.34, 8.94, -0.04, -0.04, -0.02, 0.62, -0.59, 8.64, -0.06, -0.06, -0.02
2021-05-09 16:26:09.963926, 1620566769.9639266, 3.67, -0.33, 8.96, -0.03, -0.04, -0.02, 0.6, -0.59, 8.64, -0.05, -0.06, -0.01
2021-05-09 16:26:10.073626, 1620566770.073626, 3.68, -0.28, 8.97, -0.02, -0.05, -0.02, 0.59, -0.51, 8.64, -0.05, -0.06, -0.0
2021-05-09 16:26:10.183203, 1620566770.183203, 3.67, -0.28, 8.97, -0.01, -0.05, -0.01, 0.6, -0.52, 8.63, -0.05, -0.06, 0.01
2021-05-09 16:26:10.292910, 1620566770.2929103, 3.62, -0.28, 8.99, 0.0, -0.04, -0.01, 0.58, -0.51, 8.64, -0.03, -0.05, 0.01
2021-05-09 16:26:10.402543, 1620566770.402543, 3.6, -0.24, 8.99, 0.03, -0.04, -0.03, 0.57, -0.5, 8.65, -0.01, -0.05, -0.01
2021-05-09 16:26:10.512001, 1620566770.512001, 3.6, -0.15, 9.0, 0.05, -0.05, -0.05, 0.56, -0.4, 8.65, 0.02, -0.06, -0.01
2021-05-09 16:26:10.621496, 1620566770.621497, 3.59, -0.02, 9.02, 0.08, -0.02, -0.06, 0.51, -0.31, 8.65, 0.04, -0.02, -0.01
2021-05-09 16:26:10.730950, 1620566770.7309504, 3.53, 0.18, 9.05, 0.1, -0.01, -0.06, 0.48, -0.13, 8.66, 0.05, -0.02, -0.0
2021-05-09 16:26:10.840381, 1620566770.8403816, 3.51, 0.35, 9.09, 0.13, -0.05, -0.06, 0.46, -0.05, 8.69, 0.06, 0.01, -0.02
2021-05-09 16:26:10.950065, 1620566770.9500656, 3.52, 0.53, 9.04, 0.07, -0.04, -0.06, 0.35, 0.03, 8.67, 0.02, -0.02, -0.0
2021-05-09 16:26:11.059867, 1620566771.0598674, 3.46, 0.61, 9.09, 0.01, -0.04, -0.05, 0.37, 0.13, 8.67, -0.02, -0.06, 0.0
2021-05-09 16:26:11.169234, 1620566771.1692343, 3.46, 0.68, 9.08, -0.01, -0.05, -0.05, 0.33, 0.17, 8.68, -0.04, -0.06, -0.0
2021-05-09 16:26:11.278893, 1620566771.278893, 3.42, 0.67, 9.12, -0.02, -0.05, -0.04, 0.3, 0.17, 8.68, -0.05, -0.05, -0.01
2021-05-09 16:26:11.388479, 1620566771.3884795, 3.41, 0.7, 9.13, -0.03, -0.07, -0.03, 0.27, 0.2, 8.68, -0.05, -0.06, 0.0
2021-05-09 16:26:11.497677, 1620566771.497677, 3.47, 0.7, 9.08, -0.03, -0.07, -0.02, 0.3, 0.2, 8.64, -0.06, -0.06, 0.0
2021-05-09 16:26:11.606810, 1620566771.6068106, 3.44, 0.68, 9.07, -0.04, -0.06, -0.01, 0.29, 0.2, 8.67, -0.07, -0.06, 0.0
2021-05-09 16:26:11.717019, 1620566771.7170193, 3.43, 0.67, 9.11, -0.05, -0.06, -0.01, 0.28, 0.19, 8.67, -0.07, -0.07, -0.0
2021-05-09 16:26:11.825952, 1620566771.825952, 3.45, 0.68, 9.11, -0.05, -0.06, -0.01, 0.3, 0.21, 8.67, -0.07, -0.08, 0.0
2021-05-09 16:26:11.936181, 1620566771.936181, 3.46, 0.66, 9.08, -0.05, -0.07, -0.01, 0.29, 0.18, 8.64, -0.07, -0.07, -0.01
2021-05-09 16:26:12.045837, 1620566772.0458379, 3.47, 0.63, 9.08, -0.05, -0.05, -0.02, 0.29, 0.19, 8.66, -0.07, -0.06, -0.02
2021-05-09 16:26:12.155336, 1620566772.1553364, 3.44, 0.64, 9.09, -0.05, -0.04, -0.02, 0.3, 0.2, 8.67, -0.06, -0.06, -0.01
2021-05-09 16:26:12.264904, 1620566772.2649045, 3.38, 0.64, 9.11, -0.05, -0.03, -0.01, 0.27, 0.19, 8.67, -0.07, -0.06, -0.0
2021-05-09 16:26:12.373847, 1620566772.3738475, 3.38, 0.59, 9.09, -0.04, -0.04, -0.01, 0.29, 0.16, 8.65, -0.07, -0.07, 0.0
2021-05-09 16:26:12.483997, 1620566772.4839976, 3.37, 0.61, 9.09, -0.04, -0.04, -0.01, 0.3, 0.18, 8.65, -0.06, -0.07, -0.0
2021-05-09 16:26:12.593703, 1620566772.5937035, 3.31, 0.59, 9.15, -0.02, -0.06, -0.01, 0.3, 0.17, 8.68, -0.05, -0.07, 0.0
2021-05-09 16:26:12.703228, 1620566772.7032285, 3.34, 0.61, 9.1, -0.0, -0.08, -0.01, 0.3, 0.22, 8.65, -0.03, -0.08, -0.0
2021-05-09 16:26:12.812649, 1620566772.81265, 3.38, 0.67, 9.11, 0.06, -0.14, -0.02, 0.38, 0.34, 8.67, 0.03, -0.13, -0.01
2021-05-09 16:26:12.921757, 1620566772.9217577, 3.45, 0.89, 9.11, 0.11, -0.17, -0.03, 0.43, 0.47, 8.71, 0.05, -0.13, 0.02
2021-05-09 16:26:13.031351, 1620566773.0313518, 3.64, 0.97, 9.0, 0.1, -0.27, -0.04, 0.57, 0.39, 8.69, 0.04, -0.16, 0.04
2021-05-09 16:26:13.141554, 1620566773.141554, 3.9, 1.13, 8.9, -0.02, -0.29, -0.02, 0.53, 0.51, 8.64, -0.04, -0.19, 0.01
2021-05-09 16:26:13.250508, 1620566773.250508, 4.11, 1.08, 8.83, 0.01, -0.2, -0.02, 0.69, 0.65, 8.64, -0.03, -0.16, 0.01
2021-05-09 16:26:13.360805, 1620566773.3608053, 4.23, 1.16, 8.7, 0.03, -0.1, -0.05, 0.8, 0.59, 8.58, -0.03, -0.1, 0.01
2021-05-09 16:26:13.470481, 1620566773.4704814, 4.2, 1.23, 8.77, 0.0, -0.05, -0.04, 0.81, 0.66, 8.62, -0.05, -0.05, -0.01
2021-05-09 16:26:13.579931, 1620566773.5799315, 4.13, 1.27, 8.78, 0.02, -0.06, -0.04, 0.76, 0.66, 8.63, -0.03, -0.05, 0.0
2021-05-09 16:26:13.689457, 1620566773.6894574, 4.13, 1.36, 8.79, 0.04, -0.06, -0.05, 0.79, 0.75, 8.64, -0.02, -0.05, -0.01
2021-05-09 16:26:13.798393, 1620566773.7983935, 4.16, 1.46, 8.76, 0.02, -0.06, -0.05, 0.77, 0.76, 8.62, -0.02, -0.05, 0.0
2021-05-09 16:26:13.908708, 1620566773.9087088, 4.16, 1.54, 8.75, 0.01, -0.06, -0.03, 0.75, 0.82, 8.62, -0.03, -0.05, 0.01
2021-05-09 16:26:14.018433, 1620566774.0184333, 4.13, 1.58, 8.77, -0.02, -0.06, -0.03, 0.77, 0.84, 8.65, -0.05, -0.06, -0.0
2021-05-09 16:26:14.127565, 1620566774.1275651, 4.13, 1.64, 8.78, -0.02, -0.05, -0.01, 0.76, 0.89, 8.63, -0.05, -0.06, 0.01
2021-05-09 16:26:14.236680, 1620566774.2366803, 4.13, 1.6, 8.77, -0.03, -0.04, 0.02, 0.76, 0.85, 8.64, -0.07, -0.07, 0.01
2021-05-09 16:26:14.346746, 1620566774.3467467, 4.12, 1.57, 8.75, -0.04, -0.04, 0.01, 0.76, 0.83, 8.63, -0.07, -0.07, 0.0
2021-05-09 16:26:14.456811, 1620566774.4568114, 4.05, 1.54, 8.83, -0.04, -0.04, -0.02, 0.72, 0.82, 8.67, -0.06, -0.07, -0.02
2021-05-09 16:26:14.566389, 1620566774.5663893, 4.06, 1.49, 8.78, -0.03, -0.05, -0.03, 0.75, 0.79, 8.64, -0.05, -0.07, -0.02
2021-05-09 16:26:14.675517, 1620566774.6755178, 4.06, 1.61, 8.77, -0.05, -0.03, -0.01, 0.71, 0.9, 8.6, -0.07, -0.05, -0.01
2021-05-09 16:26:14.784823, 1620566774.7848232, 4.0, 1.58, 8.8, -0.08, -0.0, -0.01, 0.69, 0.83, 8.63, -0.09, -0.04, -0.0
2021-05-09 16:26:14.894937, 1620566774.8949373, 3.95, 1.47, 8.84, -0.12, 0.03, 0.01, 0.65, 0.75, 8.65, -0.13, -0.02, -0.0
2021-05-09 16:26:15.004305, 1620566775.0043054, 3.8, 1.3, 8.94, -0.18, 0.02, 0.04, 0.6, 0.67, 8.67, -0.16, -0.01, 0.0
2021-05-09 16:26:15.113801, 1620566775.1138017, 3.76, 1.15, 8.9, -0.18, 0.02, 0.06, 0.53, 0.62, 8.62, -0.16, -0.01, 0.02
2021-05-09 16:26:15.223476, 1620566775.2234764, 3.69, 1.03, 8.96, -0.13, 0.05, 0.05, 0.52, 0.54, 8.64, -0.13, 0.0, 0.04
2021-05-09 16:26:15.332395, 1620566775.3323956, 3.57, 0.89, 9.04, -0.18, -0.01, 0.07, 0.4, 0.33, 8.62, -0.16, -0.0, 0.05
2021-05-09 16:26:15.442553, 1620566775.4425535, 3.54, 0.74, 9.03, -0.14, 0.0, 0.04, 0.33, 0.35, 8.64, -0.13, -0.0, 0.01
2021-05-09 16:26:15.551603, 1620566775.5516028, 3.47, 0.62, 9.05, -0.08, 0.01, 0.04, 0.32, 0.27, 8.66, -0.1, -0.03, 0.01
2021-05-09 16:26:15.661703, 1620566775.6617036, 3.41, 0.55, 9.12, -0.06, -0.01, 0.01, 0.27, 0.22, 8.7, -0.09, -0.03, 0.0
2021-05-09 16:26:15.771131, 1620566775.771131, 3.35, 0.55, 9.13, -0.04, -0.03, -0.0, 0.24, 0.21, 8.67, -0.07, -0.03, 0.01
2021-05-09 16:26:15.880852, 1620566775.8808522, 3.34, 0.53, 9.12, -0.03, -0.05, -0.02, 0.22, 0.21, 8.68, -0.06, -0.05, 0.0
2021-05-09 16:26:15.990437, 1620566775.9904373, 3.3, 0.6, 9.12, -0.02, -0.04, -0.02, 0.17, 0.2, 8.68, -0.05, -0.05, 0.0
2021-05-09 16:26:16.100188, 1620566776.100189, 3.31, 0.62, 9.14, -0.02, -0.06, -0.03, 0.19, 0.25, 8.65, -0.05, -0.07, -0.01
2021-05-09 16:26:16.209961, 1620566776.2099614, 3.33, 0.63, 9.13, -0.02, -0.06, -0.03, 0.17, 0.25, 8.68, -0.06, -0.06, -0.0
2021-05-09 16:26:16.319352, 1620566776.3193529, 3.37, 0.63, 9.09, -0.02, -0.07, -0.03, 0.19, 0.27, 8.63, -0.05, -0.07, -0.01
2021-05-09 16:26:16.428966, 1620566776.4289663, 3.29, 0.63, 9.12, -0.02, -0.07, -0.03, 0.14, 0.25, 8.63, -0.04, -0.07, 0.03
2021-05-09 16:26:16.537785, 1620566776.537785, 3.24, 0.69, 9.15, -0.02, -0.07, -0.01, 0.04, 0.26, 8.67, -0.05, -0.05, 0.03
2021-05-09 16:26:16.647977, 1620566776.6479769, 3.14, 0.66, 9.17, -0.03, -0.04, -0.02, -0.01, 0.23, 8.64, -0.06, -0.02, 0.02
2021-05-09 16:26:16.757498, 1620566776.7574983, 3.1, 0.65, 9.16, -0.04, -0.04, -0.03, -0.13, 0.23, 8.61, -0.06, -0.01, 0.01
2021-05-09 16:26:16.867384, 1620566776.8673847, 3.04, 0.61, 9.14, -0.05, -0.03, -0.05, -0.25, 0.13, 8.53, -0.07, -0.02, -0.06
2021-05-09 16:26:16.976683, 1620566776.9766834, 3.06, 0.66, 9.19, -0.08, -0.0, -0.15, -0.21, 0.25, 8.57, -0.07, -0.0, -0.18
2021-05-09 16:26:17.086465, 1620566777.0864654, 3.16, 0.84, 9.23, -0.07, -0.01, -0.15, -0.06, 0.45, 8.73, -0.05, -0.02, -0.15
2021-05-09 16:26:17.196066, 1620566777.1960664, 3.25, 0.99, 9.37, -0.05, -0.04, -0.11, -0.07, 0.53, 8.83, -0.05, -0.04, -0.08
2021-05-09 16:26:17.305554, 1620566777.3055546, 3.31, 0.98, 9.39, -0.05, -0.07, -0.04, -0.08, 0.55, 8.86, -0.05, -0.1, -0.03
2021-05-09 16:26:17.414978, 1620566777.4149787, 3.02, 0.89, 9.12, -0.04, -0.06, 0.01, -0.2, 0.5, 8.54, -0.06, -0.08, 0.01
2021-05-09 16:26:17.524783, 1620566777.5247838, 2.89, 0.99, 8.94, -0.01, -0.02, 0.02, -0.34, 0.54, 8.35, -0.04, -0.03, 0.06
2021-05-09 16:26:17.634129, 1620566777.6341295, 2.84, 0.98, 9.09, 0.0, -0.01, 0.02, -0.41, 0.58, 8.4, -0.04, -0.0, 0.04
2021-05-09 16:26:17.743791, 1620566777.743791, 2.72, 0.81, 9.45, -0.02, 0.01, 0.04, -0.48, 0.24, 8.81, -0.08, 0.02, 0.04
2021-05-09 16:26:17.853272, 1620566777.8532727, 2.95, 0.8, 9.31, -0.04, -0.06, 0.02, -0.2, 0.38, 8.72, -0.07, -0.09, 0.03
2021-05-09 16:26:17.962875, 1620566777.9628758, 3.1, 0.69, 9.19, -0.05, -0.07, 0.06, 0.03, 0.3, 8.66, -0.08, -0.12, 0.05
2021-05-09 16:26:18.072460, 1620566778.072461, 3.2, 0.62, 9.3, -0.06, -0.14, 0.07, 0.16, 0.22, 8.81, -0.11, -0.19, 0.05
2021-05-09 16:26:18.181540, 1620566778.1815405, 3.4, 0.56, 9.14, -0.05, -0.18, 0.08, 0.32, 0.19, 8.7, -0.09, -0.18, 0.08
2021-05-09 16:26:18.291545, 1620566778.2915452, 3.45, 0.51, 9.01, -0.06, -0.19, 0.07, 0.4, 0.14, 8.6, -0.1, -0.2, 0.06
2021-05-09 16:26:18.400701, 1620566778.400702, 3.56, 0.48, 9.09, -0.06, -0.15, 0.05, 0.41, 0.17, 8.72, -0.1, -0.14, 0.04
2021-05-09 16:26:18.510750, 1620566778.5107503, 3.57, 0.45, 8.93, -0.04, -0.1, 0.05, 0.45, 0.13, 8.56, -0.08, -0.1, 0.06
2021-05-09 16:26:18.620309, 1620566778.62031, 3.57, 0.45, 9.04, -0.04, -0.08, 0.05, 0.43, 0.15, 8.65, -0.08, -0.08, 0.04
2021-05-09 16:26:18.729978, 1620566778.729978, 3.47, 0.47, 9.1, -0.03, -0.08, 0.02, 0.35, 0.1, 8.7, -0.07, -0.08, 0.04
2021-05-09 16:26:18.839475, 1620566778.8394754, 3.56, 0.45, 9.05, -0.05, -0.11, 0.01, 0.43, 0.13, 8.64, -0.07, -0.12, 0.01
2021-05-09 16:26:18.948472, 1620566778.949433, 3.56, 0.51, 9.03, -0.06, -0.08, 0.03, 0.44, 0.19, 8.64, -0.09, -0.09, 0.01
2021-05-09 16:26:19.058053, 1620566779.0590508, 3.59, 0.41, 8.99, -0.07, -0.09, 0.02, 0.47, 0.1, 8.6, -0.1, -0.1, 0.0
