human_time, computer_time, x_acc_1, y_acc_1, z_acc_1, x_gyro_1, y_gyro_1, z_gyro_1, x_acc_2, y_acc_2, z_acc_2, x_gyro_2, y_gyro_2, z_gyro_2
2021-05-09 16:20:55.014147, 1620566455.0141473, 3.79, 0.81, 8.55, -0.01, -0.04, 0.02, 0.44, 0.59, 8.33, -0.05, -0.05, 0.04
2021-05-09 16:20:55.122980, 1620566455.1229804, 3.88, 0.83, 8.86, -0.02, -0.04, 0.01, 0.4, 0.59, 8.62, -0.06, -0.04, 0.03
2021-05-09 16:20:55.232264, 1620566455.2322643, 3.82, 0.83, 8.95, -0.03, -0.03, -0.02, 0.32, 0.59, 8.68, -0.05, -0.04, -0.01
2021-05-09 16:20:55.342239, 1620566455.3422394, 3.79, 0.88, 8.95, -0.03, -0.03, -0.03, 0.31, 0.65, 8.65, -0.05, -0.04, -0.03
2021-05-09 16:20:55.451110, 1620566455.4511104, 3.75, 0.88, 8.98, -0.03, -0.04, -0.03, 0.26, 0.64, 8.67, -0.05, -0.05, -0.03
2021-05-09 16:20:55.561482, 1620566455.5614827, 3.71, 0.9, 9.0, -0.04, -0.06, -0.04, 0.23, 0.65, 8.66, -0.06, -0.06, -0.04
2021-05-09 16:20:55.671020, 1620566455.67102, 3.71, 0.91, 8.99, -0.04, -0.06, -0.03, 0.24, 0.71, 8.65, -0.06, -0.06, -0.02
2021-05-09 16:20:55.780381, 1620566455.7803814, 3.68, 0.91, 8.95, -0.03, -0.04, -0.03, 0.19, 0.66, 8.62, -0.06, -0.04, -0.01
2021-05-09 16:20:55.890088, 1620566455.8900888, 3.69, 0.94, 9.0, -0.04, -0.05, -0.03, 0.2, 0.67, 8.69, -0.06, -0.06, -0.01
2021-05-09 16:20:55.999624, 1620566455.9996247, 3.62, 0.96, 9.07, -0.03, -0.05, 0.0, 0.17, 0.7, 8.7, -0.07, -0.05, 0.02
2021-05-09 16:20:56.109327, 1620566456.1093273, 3.71, 0.93, 8.98, -0.03, -0.06, 0.01, 0.21, 0.69, 8.66, -0.06, -0.06, 0.02
2021-05-09 16:20:56.219013, 1620566456.2190132, 3.68, 0.92, 9.0, -0.03, -0.07, 0.0, 0.21, 0.65, 8.67, -0.06, -0.07, 0.01
2021-05-09 16:20:56.327711, 1620566456.3277109, 3.72, 0.9, 9.0, -0.04, -0.06, -0.02, 0.22, 0.65, 8.65, -0.06, -0.07, -0.0
2021-05-09 16:20:56.438140, 1620566456.4381402, 3.73, 0.93, 8.94, -0.04, -0.06, -0.02, 0.21, 0.66, 8.62, -0.06, -0.07, -0.01
2021-05-09 16:20:56.547697, 1620566456.5476973, 3.72, 0.9, 8.97, -0.04, -0.06, -0.02, 0.22, 0.65, 8.64, -0.07, -0.06, -0.01
2021-05-09 16:20:56.657260, 1620566456.657261, 3.73, 0.93, 8.95, -0.05, -0.06, -0.03, 0.25, 0.69, 8.66, -0.07, -0.07, -0.02
2021-05-09 16:20:56.766730, 1620566456.7667308, 3.69, 0.93, 8.99, -0.05, -0.07, -0.01, 0.25, 0.69, 8.65, -0.07, -0.07, -0.0
2021-05-09 16:20:56.875338, 1620566456.8763337, 3.76, 0.88, 8.95, -0.04, -0.07, -0.01, 0.25, 0.63, 8.65, -0.07, -0.07, 0.0
2021-05-09 16:20:56.985841, 1620566456.985842, 3.73, 0.91, 8.97, -0.05, -0.07, -0.01, 0.24, 0.67, 8.66, -0.07, -0.08, -0.0
2021-05-09 16:20:57.095187, 1620566457.0951872, 3.76, 0.88, 8.94, -0.05, -0.07, -0.01, 0.27, 0.62, 8.64, -0.07, -0.07, -0.01
2021-05-09 16:20:57.204855, 1620566457.2048554, 3.71, 0.87, 8.95, -0.04, -0.05, -0.02, 0.23, 0.63, 8.67, -0.07, -0.05, -0.01
2021-05-09 16:20:57.313417, 1620566457.3134174, 3.7, 0.86, 8.96, -0.05, -0.05, -0.01, 0.2, 0.59, 8.63, -0.08, -0.05, -0.0
2021-05-09 16:20:57.424143, 1620566457.424143, 3.66, 0.83, 9.0, -0.06, -0.05, -0.02, 0.19, 0.57, 8.68, -0.09, -0.05, -0.01
2021-05-09 16:20:57.533765, 1620566457.5337653, 3.67, 0.83, 9.02, -0.05, -0.06, -0.03, 0.16, 0.55, 8.68, -0.07, -0.06, -0.02
2021-05-09 16:20:57.643207, 1620566457.643208, 3.69, 0.84, 9.0, -0.04, -0.07, -0.02, 0.18, 0.55, 8.67, -0.07, -0.07, -0.0
2021-05-09 16:20:57.752924, 1620566457.7529247, 3.71, 0.8, 8.96, -0.04, -0.07, -0.03, 0.22, 0.52, 8.63, -0.06, -0.08, -0.02
2021-05-09 16:20:57.862427, 1620566457.8624272, 3.76, 0.8, 8.94, -0.04, -0.07, -0.04, 0.24, 0.56, 8.64, -0.06, -0.07, -0.03
2021-05-09 16:20:57.971152, 1620566457.9711528, 3.69, 0.87, 8.97, -0.03, -0.06, -0.01, 0.19, 0.61, 8.63, -0.06, -0.06, 0.01
2021-05-09 16:20:58.080727, 1620566458.0807278, 3.68, 0.88, 8.99, -0.02, -0.05, 0.01, 0.19, 0.6, 8.68, -0.06, -0.05, 0.03
2021-05-09 16:20:58.190094, 1620566458.190094, 3.72, 0.82, 8.96, -0.03, -0.04, 0.0, 0.19, 0.51, 8.63, -0.07, -0.04, 0.02
2021-05-09 16:20:58.299821, 1620566458.2998219, 3.71, 0.83, 8.95, -0.04, -0.04, -0.0, 0.2, 0.54, 8.64, -0.08, -0.04, 0.0
2021-05-09 16:20:58.410224, 1620566458.410225, 3.67, 0.82, 8.98, -0.05, -0.04, -0.02, 0.15, 0.5, 8.67, -0.08, -0.04, -0.01
2021-05-09 16:20:58.519908, 1620566458.5199087, 3.75, 0.79, 8.92, -0.07, -0.03, -0.05, 0.2, 0.45, 8.58, -0.08, -0.04, -0.05
2021-05-09 16:20:58.629254, 1620566458.6292543, 3.59, 0.75, 9.05, -0.06, -0.02, -0.06, 0.12, 0.52, 8.69, -0.06, -0.04, -0.06
2021-05-09 16:20:58.738302, 1620566458.7383025, 3.54, 0.81, 9.08, -0.04, -0.04, -0.03, 0.05, 0.55, 8.7, -0.06, -0.06, -0.02
2021-05-09 16:20:58.847923, 1620566458.8479238, 3.52, 0.8, 9.04, -0.04, -0.05, -0.02, 0.05, 0.52, 8.66, -0.06, -0.07, -0.01
2021-05-09 16:20:58.957626, 1620566458.9576263, 3.59, 0.8, 9.02, -0.04, -0.05, -0.02, 0.09, 0.53, 8.65, -0.06, -0.07, -0.01
2021-05-09 16:20:59.067571, 1620566459.0675719, 3.5, 0.77, 9.06, -0.04, -0.05, -0.02, 0.06, 0.48, 8.66, -0.06, -0.06, -0.01
2021-05-09 16:20:59.177190, 1620566459.1771898, 3.52, 0.79, 9.07, -0.03, -0.06, -0.03, 0.06, 0.53, 8.69, -0.05, -0.07, -0.01
2021-05-09 16:20:59.286597, 1620566459.286597, 3.5, 0.77, 9.05, -0.03, -0.06, -0.02, 0.06, 0.49, 8.67, -0.05, -0.08, -0.02
2021-05-09 16:20:59.396259, 1620566459.3962593, 3.52, 0.82, 9.02, -0.03, -0.06, -0.02, 0.06, 0.55, 8.64, -0.05, -0.07, -0.0
2021-05-09 16:20:59.505642, 1620566459.5056424, 3.55, 0.83, 9.04, -0.03, -0.06, -0.01, 0.08, 0.55, 8.63, -0.05, -0.06, -0.01
2021-05-09 16:20:59.614604, 1620566459.6156013, 3.44, 0.81, 9.09, -0.03, -0.03, -0.02, 0.0, 0.54, 8.68, -0.05, -0.03, -0.01
2021-05-09 16:20:59.724879, 1620566459.7248795, 3.4, 0.89, 9.09, -0.04, -0.04, -0.02, -0.02, 0.59, 8.68, -0.06, -0.06, -0.01
2021-05-09 16:20:59.834553, 1620566459.8345532, 3.42, 0.86, 9.11, -0.05, -0.07, -0.02, -0.02, 0.61, 8.66, -0.07, -0.07, -0.01
2021-05-09 16:20:59.943961, 1620566459.9439616, 3.45, 0.82, 9.07, -0.05, -0.07, -0.01, 0.02, 0.54, 8.65, -0.07, -0.07, -0.0
2021-05-09 16:21:00.053526, 1620566460.0535269, 3.5, 0.8, 9.05, -0.05, -0.07, -0.02, 0.04, 0.56, 8.64, -0.07, -0.08, -0.01
2021-05-09 16:21:00.163254, 1620566460.1632545, 3.53, 0.79, 9.06, -0.05, -0.07, -0.03, 0.07, 0.54, 8.64, -0.07, -0.07, -0.02
2021-05-09 16:21:00.272404, 1620566460.2724042, 3.48, 0.74, 9.05, -0.05, -0.07, -0.02, 0.04, 0.51, 8.65, -0.07, -0.06, -0.01
2021-05-09 16:21:00.382488, 1620566460.3824887, 3.48, 0.79, 9.05, -0.04, -0.07, -0.03, 0.05, 0.56, 8.63, -0.06, -0.07, -0.01
2021-05-09 16:21:00.491686, 1620566460.4916863, 3.54, 0.83, 9.04, -0.03, -0.07, -0.01, 0.05, 0.6, 8.62, -0.06, -0.07, 0.01
2021-05-09 16:21:00.601291, 1620566460.601292, 3.57, 0.82, 9.06, -0.03, -0.07, -0.0, 0.08, 0.53, 8.66, -0.06, -0.06, 0.01
2021-05-09 16:21:00.710838, 1620566460.7108383, 3.55, 0.81, 9.04, -0.03, -0.07, -0.0, 0.08, 0.53, 8.67, -0.06, -0.07, 0.01
2021-05-09 16:21:00.820392, 1620566460.8203924, 3.58, 0.8, 9.02, -0.03, -0.07, -0.01, 0.09, 0.52, 8.64, -0.06, -0.07, 0.0
2021-05-09 16:21:00.929326, 1620566460.9293265, 3.57, 0.81, 9.03, -0.02, -0.06, -0.01, 0.08, 0.55, 8.65, -0.06, -0.06, 0.01
2021-05-09 16:21:01.038873, 1620566461.038874, 3.54, 0.82, 9.04, -0.02, -0.05, -0.01, 0.04, 0.54, 8.64, -0.05, -0.05, 0.01
2021-05-09 16:21:01.148410, 1620566461.1484106, 3.52, 0.84, 9.02, -0.03, -0.05, -0.02, 0.03, 0.58, 8.63, -0.06, -0.06, -0.0
2021-05-09 16:21:01.258583, 1620566461.2585835, 3.5, 0.86, 9.05, -0.03, -0.03, -0.01, 0.01, 0.57, 8.64, -0.06, -0.04, 0.0
2021-05-09 16:21:01.368288, 1620566461.3682885, 3.41, 0.88, 9.08, -0.03, -0.03, -0.0, -0.06, 0.58, 8.66, -0.07, -0.04, 0.01
2021-05-09 16:21:01.477568, 1620566461.4775681, 3.4, 0.88, 9.09, -0.03, -0.04, 0.0, -0.09, 0.56, 8.65, -0.07, -0.05, 0.02
2021-05-09 16:21:01.587158, 1620566461.5871582, 3.41, 0.87, 9.07, -0.04, -0.05, -0.0, -0.05, 0.54, 8.62, -0.07, -0.06, 0.01
2021-05-09 16:21:01.696152, 1620566461.696152, 3.42, 0.84, 9.07, -0.04, -0.05, -0.01, -0.08, 0.54, 8.63, -0.07, -0.06, 0.01
2021-05-09 16:21:01.806494, 1620566461.8064942, 3.4, 0.84, 9.1, -0.05, -0.05, -0.03, -0.11, 0.53, 8.68, -0.07, -0.06, -0.02
2021-05-09 16:21:01.916250, 1620566461.9162507, 3.4, 0.87, 9.08, -0.05, -0.04, -0.02, -0.1, 0.56, 8.64, -0.07, -0.05, -0.02
2021-05-09 16:21:02.025722, 1620566462.0257227, 3.34, 0.82, 9.1, -0.03, -0.06, -0.01, -0.11, 0.53, 8.65, -0.06, -0.05, -0.0
2021-05-09 16:21:02.135330, 1620566462.1353302, 3.34, 0.84, 9.09, -0.04, -0.06, -0.03, -0.12, 0.53, 8.64, -0.06, -0.07, -0.02
2021-05-09 16:21:02.244935, 1620566462.2449358, 3.39, 0.88, 9.1, -0.04, -0.06, -0.03, -0.1, 0.57, 8.63, -0.05, -0.07, -0.02
2021-05-09 16:21:02.354459, 1620566462.3544593, 3.41, 0.86, 9.07, -0.03, -0.07, -0.02, -0.09, 0.59, 8.63, -0.05, -0.07, -0.01
2021-05-09 16:21:02.463872, 1620566462.4638722, 3.37, 0.87, 9.11, -0.03, -0.06, -0.01, -0.11, 0.56, 8.66, -0.06, -0.08, -0.01
2021-05-09 16:21:02.573411, 1620566462.573412, 3.36, 0.91, 9.12, -0.03, -0.06, -0.02, -0.1, 0.61, 8.65, -0.06, -0.08, -0.01
2021-05-09 16:21:02.683241, 1620566462.6832418, 3.34, 0.88, 9.12, -0.03, -0.06, -0.01, -0.05, 0.61, 8.66, -0.06, -0.09, 0.0
2021-05-09 16:21:02.792721, 1620566462.792722, 3.41, 0.92, 9.11, -0.03, -0.08, 0.0, -0.05, 0.57, 8.64, -0.06, -0.09, 0.02
2021-05-09 16:21:02.901985, 1620566462.9019856, 3.36, 0.88, 9.08, -0.04, -0.06, -0.0, -0.0, 0.57, 8.63, -0.07, -0.08, 0.01
2021-05-09 16:21:03.012123, 1620566463.012123, 3.39, 0.86, 9.07, -0.04, -0.06, -0.0, -0.0, 0.57, 8.61, -0.07, -0.08, -0.0
2021-05-09 16:21:03.120776, 1620566463.1207764, 3.4, 0.87, 9.05, -0.03, -0.05, -0.01, 0.01, 0.59, 8.62, -0.06, -0.06, 0.0
2021-05-09 16:21:03.231047, 1620566463.2310474, 3.36, 0.87, 9.09, -0.03, -0.05, -0.01, -0.01, 0.55, 8.68, -0.06, -0.05, 0.0
2021-05-09 16:21:03.340375, 1620566463.3403752, 3.38, 0.87, 9.04, -0.03, -0.04, -0.02, -0.03, 0.57, 8.6, -0.06, -0.04, 0.0
2021-05-09 16:21:03.450007, 1620566463.450007, 3.3, 0.95, 9.11, -0.03, -0.03, -0.01, -0.08, 0.6, 8.67, -0.06, -0.03, 0.0
2021-05-09 16:21:03.559585, 1620566463.5595853, 3.28, 0.92, 9.14, -0.04, -0.04, -0.02, -0.09, 0.58, 8.67, -0.07, -0.04, 0.0
2021-05-09 16:21:03.669796, 1620566463.6697967, 3.31, 0.88, 9.12, -0.05, -0.06, -0.01, -0.09, 0.59, 8.64, -0.08, -0.05, 0.0
2021-05-09 16:21:03.778259, 1620566463.7782593, 3.29, 0.88, 9.1, -0.05, -0.05, -0.01, -0.09, 0.55, 8.66, -0.08, -0.06, -0.0
2021-05-09 16:21:03.888334, 1620566463.8883348, 3.25, 0.87, 9.16, -0.05, -0.06, -0.01, -0.15, 0.52, 8.67, -0.07, -0.06, -0.01
2021-05-09 16:21:03.998202, 1620566463.9982028, 3.28, 0.86, 9.1, -0.05, -0.06, -0.01, -0.13, 0.54, 8.65, -0.07, -0.06, 0.0
2021-05-09 16:21:04.107743, 1620566464.1077435, 3.29, 0.83, 9.11, -0.04, -0.07, -0.02, -0.12, 0.53, 8.63, -0.07, -0.07, -0.0
2021-05-09 16:21:04.217436, 1620566464.2174363, 3.26, 0.85, 9.13, -0.04, -0.06, -0.02, -0.14, 0.52, 8.65, -0.06, -0.07, -0.01
2021-05-09 16:21:04.326917, 1620566464.3269176, 3.26, 0.85, 9.12, -0.04, -0.06, -0.02, -0.16, 0.51, 8.65, -0.06, -0.07, -0.01
2021-05-09 16:21:04.436445, 1620566464.4364452, 3.27, 0.85, 9.13, -0.05, -0.07, -0.02, -0.14, 0.51, 8.66, -0.07, -0.07, -0.0
2021-05-09 16:21:04.546120, 1620566464.5461202, 3.28, 0.8, 9.12, -0.05, -0.07, -0.02, -0.12, 0.5, 8.66, -0.06, -0.07, -0.01
2021-05-09 16:21:04.655561, 1620566464.6555612, 3.29, 0.83, 9.13, -0.04, -0.07, -0.02, -0.13, 0.55, 8.64, -0.06, -0.08, -0.0
2021-05-09 16:21:04.765156, 1620566464.7651565, 3.31, 0.78, 9.1, -0.03, -0.06, -0.01, -0.1, 0.5, 8.64, -0.06, -0.07, 0.0
2021-05-09 16:21:04.874725, 1620566464.8747258, 3.3, 0.84, 9.11, -0.04, -0.06, -0.01, -0.13, 0.52, 8.65, -0.06, -0.06, 0.0
2021-05-09 16:21:04.984320, 1620566464.9843209, 3.28, 0.82, 9.12, -0.04, -0.05, -0.0, -0.14, 0.52, 8.64, -0.07, -0.06, 0.0
2021-05-09 16:21:05.093857, 1620566465.0938573, 3.27, 0.79, 9.14, -0.05, -0.06, -0.01, -0.12, 0.5, 8.65, -0.07, -0.07, -0.01
2021-05-09 16:21:05.203778, 1620566465.2037783, 3.26, 0.79, 9.13, -0.04, -0.05, 0.0, -0.12, 0.51, 8.64, -0.07, -0.06, 0.0
2021-05-09 16:21:05.313061, 1620566465.313062, 3.22, 0.78, 9.13, -0.04, -0.06, -0.0, -0.14, 0.48, 8.64, -0.07, -0.07, 0.0
2021-05-09 16:21:05.422805, 1620566465.4228058, 3.25, 0.75, 9.14, -0.04, -0.06, -0.01, -0.13, 0.47, 8.63, -0.06, -0.07, -0.01
2021-05-09 16:21:05.532230, 1620566465.5322301, 3.28, 0.77, 9.12, -0.03, -0.06, -0.01, -0.13, 0.5, 8.63, -0.06, -0.07, -0.0
2021-05-09 16:21:05.641981, 1620566465.6419816, 3.29, 0.79, 9.09, -0.02, -0.06, 0.0, -0.11, 0.53, 8.6, -0.06, -0.05, 0.01
2021-05-09 16:21:05.751461, 1620566465.7514613, 3.26, 0.74, 9.09, -0.04, -0.04, -0.02, -0.12, 0.44, 8.64, -0.06, -0.05, -0.01
2021-05-09 16:21:05.861033, 1620566465.8610334, 3.21, 0.8, 9.19, -0.03, -0.04, -0.02, -0.15, 0.51, 8.69, -0.06, -0.06, 0.0
2021-05-09 16:21:05.970572, 1620566465.9705722, 3.17, 0.79, 9.2, -0.03, -0.08, -0.01, -0.16, 0.51, 8.68, -0.06, -0.08, 0.0
2021-05-09 16:21:06.080364, 1620566466.0803645, 3.24, 0.83, 9.12, -0.03, -0.09, -0.01, -0.09, 0.51, 8.64, -0.06, -0.09, 0.0
2021-05-09 16:21:06.189682, 1620566466.1896827, 3.28, 0.83, 9.11, -0.03, -0.08, -0.01, -0.1, 0.5, 8.61, -0.06, -0.08, 0.0
2021-05-09 16:21:06.299254, 1620566466.2992544, 3.28, 0.81, 9.1, -0.04, -0.07, -0.02, -0.08, 0.55, 8.66, -0.07, -0.08, -0.01
2021-05-09 16:21:06.409193, 1620566466.4091933, 3.27, 0.81, 9.11, -0.05, -0.07, -0.01, -0.08, 0.5, 8.63, -0.07, -0.08, -0.0
2021-05-09 16:21:06.518723, 1620566466.518723, 3.28, 0.77, 9.11, -0.05, -0.07, -0.01, -0.08, 0.49, 8.65, -0.07, -0.07, -0.01
2021-05-09 16:21:06.628299, 1620566466.6282997, 3.27, 0.77, 9.13, -0.04, -0.08, -0.02, -0.1, 0.48, 8.68, -0.07, -0.08, -0.01
2021-05-09 16:21:06.737892, 1620566466.7378924, 3.31, 0.76, 9.14, -0.04, -0.08, -0.01, -0.02, 0.46, 8.66, -0.07, -0.09, -0.0
2021-05-09 16:21:06.847201, 1620566466.847201, 3.35, 0.76, 9.09, -0.04, -0.09, -0.01, -0.03, 0.52, 8.64, -0.06, -0.07, 0.01
2021-05-09 16:21:06.956732, 1620566466.9567325, 3.39, 0.77, 9.07, -0.04, -0.06, -0.01, -0.02, 0.49, 8.65, -0.07, -0.06, 0.01
2021-05-09 16:21:07.066446, 1620566467.0664463, 3.4, 0.73, 9.05, -0.05, -0.08, -0.02, -0.02, 0.48, 8.63, -0.07, -0.05, -0.01
2021-05-09 16:21:07.176212, 1620566467.1762123, 3.31, 0.8, 9.14, -0.04, -0.06, -0.02, -0.13, 0.48, 8.69, -0.06, -0.04, -0.01
2021-05-09 16:21:07.285709, 1620566467.2857094, 3.39, 0.77, 9.08, -0.04, -0.09, -0.0, -0.1, 0.48, 8.66, -0.07, -0.06, 0.0
2021-05-09 16:21:07.395085, 1620566467.3950853, 3.37, 0.79, 9.1, -0.04, -0.08, -0.02, -0.12, 0.49, 8.64, -0.07, -0.06, 0.0
2021-05-09 16:21:07.504632, 1620566467.5046322, 3.38, 0.75, 9.14, -0.04, -0.09, -0.01, -0.12, 0.45, 8.7, -0.07, -0.06, 0.0
2021-05-09 16:21:07.614582, 1620566467.6145823, 3.45, 0.76, 9.06, -0.05, -0.08, -0.01, -0.11, 0.47, 8.64, -0.07, -0.06, -0.0
2021-05-09 16:21:07.723806, 1620566467.7238066, 3.45, 0.76, 9.14, -0.04, -0.1, -0.01, -0.09, 0.44, 8.68, -0.07, -0.07, 0.0
2021-05-09 16:21:07.833682, 1620566467.8336828, 3.48, 0.74, 9.03, -0.04, -0.09, -0.0, -0.13, 0.44, 8.64, -0.07, -0.06, 0.01
2021-05-09 16:21:07.943049, 1620566467.9430492, 3.48, 0.71, 9.06, -0.05, -0.07, -0.01, -0.15, 0.41, 8.67, -0.07, -0.06, -0.0
2021-05-09 16:21:08.052793, 1620566468.0527935, 3.51, 0.7, 9.06, -0.04, -0.07, -0.02, -0.1, 0.37, 8.65, -0.06, -0.06, -0.0
2021-05-09 16:21:08.162423, 1620566468.1624234, 3.56, 0.7, 9.03, -0.02, -0.13, -0.03, -0.09, 0.41, 8.68, -0.04, -0.07, -0.0
2021-05-09 16:21:08.271706, 1620566468.2717066, 3.58, 0.75, 9.07, -0.02, -0.09, -0.01, -0.12, 0.43, 8.67, -0.05, -0.08, 0.01
2021-05-09 16:21:08.381281, 1620566468.3812819, 3.67, 0.81, 9.0, -0.03, -0.08, -0.01, -0.07, 0.44, 8.64, -0.06, -0.08, 0.0
2021-05-09 16:21:08.490864, 1620566468.4908643, 3.68, 0.76, 9.02, -0.04, -0.08, -0.03, -0.05, 0.49, 8.68, -0.06, -0.08, -0.01
2021-05-09 16:21:08.600456, 1620566468.6004567, 3.62, 0.79, 9.02, -0.04, -0.09, -0.0, -0.09, 0.45, 8.67, -0.07, -0.08, 0.01
2021-05-09 16:21:08.710086, 1620566468.7100859, 3.68, 0.72, 8.98, -0.06, -0.08, -0.01, -0.06, 0.44, 8.66, -0.09, -0.08, -0.01
2021-05-09 16:21:08.819813, 1620566468.8198135, 3.74, 0.7, 8.97, -0.06, -0.07, -0.01, 0.0, 0.43, 8.65, -0.09, -0.08, -0.01
2021-05-09 16:21:08.928509, 1620566468.928509, 3.74, 0.71, 8.95, -0.05, -0.05, -0.01, -0.02, 0.44, 8.66, -0.08, -0.05, 0.0
2021-05-09 16:21:09.038215, 1620566469.0382152, 3.62, 0.64, 9.03, -0.04, -0.06, -0.01, -0.09, 0.35, 8.69, -0.07, -0.06, 0.0
2021-05-09 16:21:09.148544, 1620566469.148544, 3.67, 0.65, 9.03, -0.04, -0.08, -0.02, -0.06, 0.38, 8.69, -0.06, -0.09, -0.01
2021-05-09 16:21:09.258137, 1620566469.2581377, 3.84, 0.65, 8.91, -0.06, -0.08, -0.02, 0.07, 0.4, 8.61, -0.08, -0.08, -0.01
2021-05-09 16:21:09.366783, 1620566469.3667834, 3.77, 0.62, 8.96, -0.04, -0.07, -0.02, 0.02, 0.36, 8.65, -0.06, -0.06, -0.01
2021-05-09 16:21:09.477261, 1620566469.4772613, 3.78, 0.65, 8.98, -0.04, -0.06, -0.02, 0.02, 0.37, 8.66, -0.06, -0.06, -0.01
2021-05-09 16:21:09.586889, 1620566469.5868893, 3.8, 0.64, 8.92, -0.05, -0.06, -0.01, 0.03, 0.38, 8.63, -0.07, -0.07, -0.01
2021-05-09 16:21:09.696264, 1620566469.696265, 3.78, 0.65, 8.93, -0.04, -0.03, -0.01, 0.0, 0.39, 8.64, -0.07, -0.05, 0.0
2021-05-09 16:21:09.805883, 1620566469.805884, 3.68, 0.6, 8.98, -0.03, -0.04, -0.01, -0.02, 0.31, 8.66, -0.07, -0.06, 0.01
2021-05-09 16:21:09.915255, 1620566469.9152555, 3.75, 0.6, 8.97, -0.03, -0.05, -0.02, -0.01, 0.33, 8.66, -0.06, -0.06, -0.0
2021-05-09 16:21:10.025079, 1620566470.025079, 3.66, 0.7, 9.02, -0.03, -0.04, -0.01, -0.05, 0.37, 8.67, -0.06, -0.07, -0.0
2021-05-09 16:21:10.134635, 1620566470.1346352, 3.67, 0.62, 8.99, -0.04, -0.03, -0.03, -0.01, 0.34, 8.66, -0.06, -0.07, -0.01
2021-05-09 16:21:10.244195, 1620566470.2441957, 3.59, 0.63, 9.05, -0.05, -0.04, -0.03, -0.03, 0.3, 8.7, -0.06, -0.08, -0.01
2021-05-09 16:21:10.353784, 1620566470.3537846, 3.66, 0.67, 8.98, -0.06, -0.06, -0.02, -0.0, 0.39, 8.63, -0.06, -0.08, -0.03
2021-05-09 16:21:10.463151, 1620566470.4631512, 3.62, 0.62, 9.0, -0.05, -0.04, -0.01, 0.02, 0.38, 8.65, -0.07, -0.07, -0.01
2021-05-09 16:21:10.572729, 1620566470.5727298, 3.59, 0.59, 9.05, -0.04, -0.06, -0.01, -0.0, 0.36, 8.66, -0.06, -0.07, -0.0
2021-05-09 16:21:10.682474, 1620566470.6824746, 3.57, 0.6, 9.01, -0.02, -0.04, -0.02, 0.03, 0.36, 8.64, -0.05, -0.06, -0.0
2021-05-09 16:21:10.791706, 1620566470.7917068, 3.56, 0.65, 9.01, -0.02, -0.04, -0.02, -0.01, 0.37, 8.64, -0.05, -0.05, 0.0
2021-05-09 16:21:10.901470, 1620566470.9014707, 3.52, 0.67, 9.04, -0.02, -0.04, -0.02, -0.03, 0.39, 8.63, -0.05, -0.05, -0.0
2021-05-09 16:21:11.011123, 1620566471.0111232, 3.51, 0.67, 9.06, -0.03, -0.05, -0.02, -0.04, 0.39, 8.64, -0.05, -0.06, -0.01
2021-05-09 16:21:11.120752, 1620566471.120752, 3.51, 0.74, 9.02, -0.03, -0.05, -0.03, -0.07, 0.45, 8.66, -0.06, -0.05, -0.01
2021-05-09 16:21:11.229915, 1620566471.2299159, 3.46, 0.73, 9.05, -0.03, -0.05, -0.02, -0.04, 0.42, 8.65, -0.06, -0.06, -0.0
2021-05-09 16:21:11.339833, 1620566471.3398335, 3.5, 0.74, 9.04, -0.04, -0.04, -0.02, -0.05, 0.44, 8.64, -0.07, -0.06, -0.0
2021-05-09 16:21:11.449289, 1620566471.4492888, 3.43, 0.71, 9.09, -0.04, -0.05, -0.01, -0.07, 0.43, 8.66, -0.06, -0.07, 0.0
2021-05-09 16:21:11.559007, 1620566471.559007, 3.45, 0.7, 9.09, -0.04, -0.06, -0.01, -0.04, 0.39, 8.67, -0.07, -0.07, 0.0
2021-05-09 16:21:11.668560, 1620566471.6685607, 3.41, 0.71, 9.07, -0.04, -0.06, -0.02, -0.04, 0.42, 8.65, -0.06, -0.07, -0.0
2021-05-09 16:21:11.778156, 1620566471.7781568, 3.47, 0.71, 9.08, -0.03, -0.07, -0.01, -0.04, 0.42, 8.63, -0.06, -0.07, -0.0
2021-05-09 16:21:11.887731, 1620566471.8877313, 3.47, 0.71, 9.05, -0.03, -0.05, -0.02, -0.02, 0.42, 8.65, -0.06, -0.06, -0.0
2021-05-09 16:21:11.996481, 1620566471.997351, 3.48, 0.71, 9.06, -0.02, -0.06, -0.01, -0.02, 0.42, 8.61, -0.05, -0.06, 0.01
2021-05-09 16:21:12.106880, 1620566472.1068804, 3.41, 0.72, 9.09, -0.03, -0.06, -0.02, -0.06, 0.42, 8.64, -0.06, -0.06, 0.0
2021-05-09 16:21:12.216245, 1620566472.216245, 3.41, 0.76, 9.08, -0.03, -0.06, -0.02, -0.06, 0.43, 8.65, -0.06, -0.07, -0.01
2021-05-09 16:21:12.325881, 1620566472.325882, 3.42, 0.76, 9.07, -0.04, -0.07, -0.02, -0.08, 0.49, 8.64, -0.06, -0.07, -0.01
2021-05-09 16:21:12.434867, 1620566472.4348671, 3.48, 0.78, 9.06, -0.04, -0.06, -0.02, -0.05, 0.47, 8.64, -0.07, -0.06, -0.0
2021-05-09 16:21:12.544254, 1620566472.5442548, 3.41, 0.74, 9.09, -0.04, -0.05, -0.01, -0.08, 0.44, 8.67, -0.07, -0.06, -0.0
2021-05-09 16:21:12.654625, 1620566472.654625, 3.43, 0.74, 9.08, -0.03, -0.05, -0.01, -0.08, 0.44, 8.64, -0.06, -0.05, 0.0
2021-05-09 16:21:12.763122, 1620566472.763122, 3.39, 0.75, 9.09, -0.04, -0.07, -0.01, -0.11, 0.43, 8.65, -0.06, -0.07, 0.0
2021-05-09 16:21:12.873330, 1620566472.8733308, 3.4, 0.78, 9.13, -0.04, -0.07, -0.01, -0.1, 0.46, 8.65, -0.07, -0.07, 0.0
2021-05-09 16:21:12.983478, 1620566472.9834788, 3.45, 0.73, 9.05, -0.04, -0.07, -0.02, -0.05, 0.41, 8.63, -0.06, -0.07, -0.01
2021-05-09 16:21:13.093106, 1620566473.0931065, 3.47, 0.74, 9.06, -0.04, -0.07, -0.02, -0.06, 0.44, 8.63, -0.06, -0.07, -0.01
2021-05-09 16:21:13.202705, 1620566473.2027051, 3.44, 0.76, 9.07, -0.04, -0.06, -0.01, -0.08, 0.47, 8.65, -0.06, -0.07, -0.01
2021-05-09 16:21:13.312089, 1620566473.3120894, 3.45, 0.73, 9.08, -0.04, -0.05, -0.02, -0.07, 0.44, 8.65, -0.06, -0.07, -0.01
2021-05-09 16:21:13.421862, 1620566473.4218624, 3.45, 0.75, 9.06, -0.03, -0.05, -0.01, -0.07, 0.44, 8.63, -0.06, -0.07, -0.0
2021-05-09 16:21:13.531326, 1620566473.5313263, 3.38, 0.75, 9.09, -0.04, -0.06, -0.01, -0.08, 0.44, 8.65, -0.06, -0.07, -0.0
2021-05-09 16:21:13.640865, 1620566473.6408656, 3.41, 0.73, 9.06, -0.04, -0.05, -0.02, -0.09, 0.42, 8.61, -0.06, -0.05, -0.02
2021-05-09 16:21:13.750331, 1620566473.7503319, 3.41, 0.76, 9.06, -0.04, -0.05, -0.01, -0.08, 0.46, 8.63, -0.07, -0.06, -0.01
2021-05-09 16:21:13.860186, 1620566473.8601868, 3.35, 0.72, 9.13, -0.04, -0.05, -0.01, -0.11, 0.44, 8.67, -0.07, -0.06, -0.0
2021-05-09 16:21:13.969583, 1620566473.9695833, 3.36, 0.7, 9.11, -0.04, -0.06, -0.01, -0.11, 0.42, 8.67, -0.06, -0.06, 0.0
2021-05-09 16:21:14.079186, 1620566474.079187, 3.38, 0.73, 9.1, -0.03, -0.06, -0.01, -0.1, 0.43, 8.64, -0.06, -0.06, 0.0
2021-05-09 16:21:14.188755, 1620566474.1887553, 3.36, 0.72, 9.1, -0.03, -0.07, -0.02, -0.12, 0.42, 8.64, -0.06, -0.07, -0.0
2021-05-09 16:21:14.298286, 1620566474.298286, 3.39, 0.74, 9.08, -0.03, -0.06, -0.01, -0.08, 0.43, 8.64, -0.06, -0.07, -0.0
2021-05-09 16:21:14.407910, 1620566474.40791, 3.37, 0.76, 9.05, -0.03, -0.06, -0.01, -0.11, 0.47, 8.63, -0.06, -0.07, 0.0
2021-05-09 16:21:14.517402, 1620566474.5174026, 3.35, 0.77, 9.12, -0.03, -0.07, -0.01, -0.12, 0.47, 8.65, -0.06, -0.07, 0.01
2021-05-09 16:21:14.627083, 1620566474.627083, 3.38, 0.75, 9.08, -0.04, -0.06, -0.0, -0.06, 0.43, 8.65, -0.06, -0.08, 0.0
2021-05-09 16:21:14.736832, 1620566474.7368326, 3.34, 0.74, 9.12, -0.04, -0.06, -0.01, -0.07, 0.46, 8.66, -0.07, -0.07, -0.0
2021-05-09 16:21:14.846146, 1620566474.8461468, 3.36, 0.74, 9.11, -0.04, -0.08, -0.01, -0.06, 0.45, 8.63, -0.06, -0.08, -0.0
2021-05-09 16:21:14.955914, 1620566474.955914, 3.41, 0.75, 9.11, -0.03, -0.08, -0.01, -0.03, 0.46, 8.64, -0.06, -0.08, -0.0
2021-05-09 16:21:15.065492, 1620566475.0654924, 3.39, 0.79, 9.08, -0.03, -0.06, -0.03, -0.04, 0.46, 8.64, -0.06, -0.08, -0.02
2021-05-09 16:21:15.174979, 1620566475.1749792, 3.42, 0.8, 9.07, -0.02, -0.08, -0.0, -0.02, 0.46, 8.65, -0.05, -0.08, 0.02
2021-05-09 16:21:15.284274, 1620566475.2842746, 3.42, 0.77, 9.07, -0.03, -0.09, -0.01, 0.02, 0.45, 8.63, -0.06, -0.08, 0.0
2021-05-09 16:21:15.393945, 1620566475.3939455, 3.48, 0.8, 9.06, -0.03, -0.1, -0.01, 0.0, 0.46, 8.64, -0.06, -0.08, 0.01
2021-05-09 16:21:15.503698, 1620566475.5036986, 3.51, 0.79, 9.02, -0.05, -0.12, -0.03, 0.05, 0.47, 8.66, -0.07, -0.1, -0.02
2021-05-09 16:21:15.612886, 1620566475.6128862, 3.56, 0.8, 9.03, -0.03, -0.11, -0.01, 0.04, 0.49, 8.64, -0.06, -0.1, 0.0
2021-05-09 16:21:15.722876, 1620566475.722877, 3.65, 0.77, 8.99, -0.04, -0.11, -0.02, 0.11, 0.43, 8.63, -0.06, -0.09, -0.01
2021-05-09 16:21:15.832294, 1620566475.8322945, 3.66, 0.81, 9.01, -0.04, -0.11, -0.02, 0.15, 0.48, 8.67, -0.06, -0.1, -0.01
2021-05-09 16:21:15.942051, 1620566475.9420514, 3.71, 0.78, 8.98, -0.03, -0.11, -0.01, 0.19, 0.46, 8.67, -0.06, -0.11, 0.0
2021-05-09 16:21:16.051797, 1620566476.0517972, 3.74, 0.81, 8.96, -0.02, -0.08, 0.0, 0.26, 0.47, 8.64, -0.06, -0.14, -0.0
2021-05-09 16:21:16.161119, 1620566476.16112, 3.75, 0.78, 8.95, -0.02, -0.1, 0.01, 0.3, 0.49, 8.65, -0.06, -0.13, 0.0
2021-05-09 16:21:16.270771, 1620566476.2707717, 3.8, 0.81, 8.94, -0.05, -0.12, -0.01, 0.39, 0.46, 8.68, -0.06, -0.12, -0.02
2021-05-09 16:21:16.380672, 1620566476.3806725, 3.9, 0.82, 8.88, -0.05, -0.11, -0.01, 0.48, 0.5, 8.63, -0.06, -0.13, -0.03
2021-05-09 16:21:16.490018, 1620566476.4900181, 3.93, 0.79, 8.89, -0.05, -0.09, -0.01, 0.5, 0.48, 8.66, -0.06, -0.12, -0.03
2021-05-09 16:21:16.599330, 1620566476.59933, 3.91, 0.79, 8.9, -0.06, -0.07, -0.02, 0.52, 0.53, 8.67, -0.07, -0.1, -0.03
2021-05-09 16:21:16.709258, 1620566476.709259, 3.92, 0.74, 8.92, -0.06, -0.07, -0.02, 0.59, 0.48, 8.68, -0.08, -0.11, -0.03
2021-05-09 16:21:16.818855, 1620566476.8188555, 3.94, 0.71, 8.86, -0.06, -0.09, -0.01, 0.68, 0.45, 8.62, -0.08, -0.13, -0.03
2021-05-09 16:21:16.928325, 1620566476.9283252, 4.02, 0.74, 8.84, -0.05, -0.08, -0.01, 0.68, 0.48, 8.63, -0.07, -0.09, -0.01
2021-05-09 16:21:17.037923, 1620566477.0379238, 3.98, 0.7, 8.87, -0.05, -0.06, -0.01, 0.7, 0.43, 8.64, -0.07, -0.08, -0.0
2021-05-09 16:21:17.147391, 1620566477.147392, 3.99, 0.68, 8.86, -0.04, -0.07, -0.01, 0.74, 0.45, 8.64, -0.06, -0.08, -0.0
2021-05-09 16:21:17.257145, 1620566477.2571454, 4.0, 0.69, 8.88, -0.04, -0.07, -0.02, 0.76, 0.43, 8.66, -0.06, -0.08, -0.01
2021-05-09 16:21:17.366760, 1620566477.3667605, 4.01, 0.7, 8.89, -0.04, -0.07, -0.01, 0.77, 0.48, 8.64, -0.06, -0.08, -0.01
2021-05-09 16:21:17.476331, 1620566477.4763315, 4.04, 0.69, 8.85, -0.04, -0.08, -0.01, 0.8, 0.45, 8.64, -0.07, -0.08, 0.0
2021-05-09 16:21:17.585724, 1620566477.585724, 4.03, 0.66, 8.88, -0.04, -0.09, -0.01, 0.81, 0.43, 8.67, -0.06, -0.08, 0.0
2021-05-09 16:21:17.695328, 1620566477.695328, 4.08, 0.66, 8.82, -0.03, -0.08, -0.01, 0.84, 0.45, 8.65, -0.06, -0.08, 0.0
2021-05-09 16:21:17.805075, 1620566477.805075, 4.14, 0.67, 8.8, -0.03, -0.09, -0.02, 0.85, 0.48, 8.62, -0.06, -0.07, -0.0
2021-05-09 16:21:17.914403, 1620566477.914403, 4.1, 0.7, 8.83, -0.03, -0.09, -0.01, 0.84, 0.48, 8.67, -0.06, -0.08, 0.0
2021-05-09 16:21:18.024234, 1620566478.0242345, 4.15, 0.69, 8.83, -0.03, -0.11, -0.01, 0.84, 0.45, 8.67, -0.05, -0.09, -0.0
2021-05-09 16:21:18.133813, 1620566478.133813, 4.24, 0.7, 8.76, -0.03, -0.12, -0.02, 0.89, 0.49, 8.65, -0.05, -0.1, -0.01
2021-05-09 16:21:18.243275, 1620566478.243276, 4.26, 0.7, 8.76, -0.04, -0.13, -0.02, 0.9, 0.48, 8.65, -0.06, -0.09, -0.01
2021-05-09 16:21:18.352964, 1620566478.3529642, 4.32, 0.7, 8.71, -0.04, -0.13, -0.02, 0.93, 0.5, 8.63, -0.06, -0.08, -0.0
2021-05-09 16:21:18.462558, 1620566478.462558, 4.4, 0.68, 8.72, -0.05, -0.14, -0.01, 0.95, 0.48, 8.65, -0.06, -0.09, -0.01
2021-05-09 16:21:18.572241, 1620566478.5722413, 4.48, 0.68, 8.65, -0.04, -0.13, -0.02, 0.98, 0.49, 8.64, -0.07, -0.09, -0.01
2021-05-09 16:21:18.681250, 1620566478.68125, 4.53, 0.67, 8.63, -0.05, -0.1, -0.02, 0.98, 0.48, 8.66, -0.07, -0.08, -0.01
2021-05-09 16:21:18.791218, 1620566478.7912188, 4.57, 0.66, 8.64, -0.04, -0.09, -0.03, 0.99, 0.48, 8.66, -0.06, -0.08, -0.02
2021-05-09 16:21:18.899953, 1620566478.8999534, 4.61, 0.68, 8.59, -0.04, -0.11, -0.02, 1.05, 0.53, 8.63, -0.06, -0.09, -0.01
2021-05-09 16:21:19.009664, 1620566479.0096648, 4.65, 0.68, 8.57, -0.03, -0.12, -0.01, 1.11, 0.52, 8.63, -0.05, -0.1, -0.01
2021-05-09 16:21:19.119821, 1620566479.1198213, 4.74, 0.7, 8.55, -0.03, -0.13, 0.01, 1.11, 0.53, 8.63, -0.06, -0.12, -0.01
2021-05-09 16:21:19.229870, 1620566479.2298703, 4.78, 0.67, 8.51, -0.04, -0.1, 0.0, 1.17, 0.49, 8.62, -0.07, -0.11, -0.01
2021-05-09 16:21:19.339104, 1620566479.339104, 4.78, 0.65, 8.48, -0.05, -0.08, -0.0, 1.23, 0.48, 8.6, -0.08, -0.1, -0.01
2021-05-09 16:21:19.448934, 1620566479.448934, 4.78, 0.63, 8.48, -0.06, -0.08, -0.01, 1.25, 0.48, 8.61, -0.08, -0.1, -0.03
2021-05-09 16:21:19.558482, 1620566479.5584822, 4.79, 0.61, 8.49, -0.05, -0.06, -0.02, 1.28, 0.46, 8.63, -0.07, -0.09, -0.03
2021-05-09 16:21:19.668105, 1620566479.6681058, 4.8, 0.61, 8.5, -0.05, -0.06, -0.02, 1.34, 0.47, 8.59, -0.07, -0.09, -0.03
2021-05-09 16:21:19.777674, 1620566479.7776744, 4.83, 0.61, 8.5, -0.05, -0.06, -0.02, 1.31, 0.46, 8.63, -0.07, -0.09, -0.03
2021-05-09 16:21:19.887248, 1620566479.887248, 4.76, 0.59, 8.53, -0.05, -0.08, -0.01, 1.37, 0.44, 8.64, -0.07, -0.1, -0.02
2021-05-09 16:21:19.995854, 1620566479.9958549, 4.81, 0.57, 8.51, -0.03, -0.09, -0.01, 1.36, 0.45, 8.64, -0.06, -0.09, -0.01
2021-05-09 16:21:20.106246, 1620566480.1062462, 4.86, 0.57, 8.46, -0.03, -0.09, -0.0, 1.38, 0.44, 8.61, -0.06, -0.09, 0.01
2021-05-09 16:21:20.215819, 1620566480.2158194, 4.9, 0.57, 8.46, -0.02, -0.08, 0.0, 1.43, 0.45, 8.6, -0.06, -0.07, 0.02
2021-05-09 16:21:20.325315, 1620566480.325316, 4.88, 0.58, 8.46, -0.02, -0.09, -0.0, 1.42, 0.45, 8.61, -0.06, -0.07, 0.02
2021-05-09 16:21:20.434818, 1620566480.4348183, 4.92, 0.59, 8.46, -0.03, -0.09, -0.01, 1.41, 0.44, 8.62, -0.06, -0.07, 0.01
2021-05-09 16:21:20.544750, 1620566480.54475, 4.96, 0.58, 8.41, -0.04, -0.09, -0.02, 1.43, 0.42, 8.61, -0.06, -0.08, -0.01
2021-05-09 16:21:20.654331, 1620566480.6543317, 4.98, 0.61, 8.43, -0.05, -0.08, -0.02, 1.43, 0.47, 8.63, -0.07, -0.08, -0.01
2021-05-09 16:21:20.763710, 1620566480.7637107, 5.03, 0.59, 8.36, -0.05, -0.07, -0.02, 1.49, 0.47, 8.58, -0.07, -0.07, -0.01
2021-05-09 16:21:20.873314, 1620566480.8733149, 5.01, 0.59, 8.4, -0.05, -0.07, -0.01, 1.45, 0.47, 8.61, -0.07, -0.06, 0.0
2021-05-09 16:21:20.982086, 1620566480.9830434, 5.0, 0.55, 8.4, -0.04, -0.07, -0.01, 1.46, 0.41, 8.62, -0.07, -0.07, -0.01
2021-05-09 16:21:21.092756, 1620566481.0927563, 5.02, 0.56, 8.39, -0.05, -0.07, -0.03, 1.45, 0.45, 8.61, -0.07, -0.07, -0.02
2021-05-09 16:21:21.202243, 1620566481.202243, 5.0, 0.58, 8.42, -0.05, -0.07, -0.02, 1.46, 0.49, 8.61, -0.07, -0.07, -0.02
2021-05-09 16:21:21.311173, 1620566481.3120444, 5.05, 0.59, 8.38, -0.04, -0.07, -0.01, 1.5, 0.45, 8.61, -0.06, -0.07, -0.0
2021-05-09 16:21:21.421430, 1620566481.4214308, 5.03, 0.56, 8.38, -0.04, -0.06, -0.01, 1.46, 0.41, 8.59, -0.07, -0.07, 0.0
2021-05-09 16:21:21.530521, 1620566481.5305212, 5.02, 0.54, 8.4, -0.04, -0.06, -0.02, 1.47, 0.4, 8.61, -0.07, -0.07, -0.02
2021-05-09 16:21:21.639764, 1620566481.6406069, 5.01, 0.55, 8.39, -0.05, -0.06, -0.02, 1.46, 0.41, 8.61, -0.07, -0.07, -0.02
2021-05-09 16:21:21.749942, 1620566481.7499425, 4.98, 0.57, 8.37, -0.05, -0.06, -0.02, 1.5, 0.43, 8.59, -0.08, -0.07, -0.02
2021-05-09 16:21:21.859491, 1620566481.8594913, 5.01, 0.49, 8.39, -0.06, -0.06, -0.02, 1.51, 0.38, 8.6, -0.08, -0.08, -0.02
2021-05-09 16:21:21.969219, 1620566481.9692194, 5.01, 0.53, 8.39, -0.05, -0.05, -0.03, 1.49, 0.4, 8.6, -0.07, -0.07, -0.03
2021-05-09 16:21:22.078747, 1620566482.078748, 4.96, 0.52, 8.4, -0.04, -0.06, -0.02, 1.5, 0.38, 8.6, -0.06, -0.07, -0.02
2021-05-09 16:21:22.188188, 1620566482.188188, 4.98, 0.51, 8.4, -0.04, -0.06, -0.01, 1.51, 0.39, 8.6, -0.06, -0.07, 0.0
2021-05-09 16:21:22.297719, 1620566482.297719, 4.98, 0.51, 8.41, -0.03, -0.05, -0.01, 1.51, 0.36, 8.61, -0.06, -0.06, 0.01
2021-05-09 16:21:22.407284, 1620566482.407284, 4.94, 0.51, 8.43, -0.03, -0.06, -0.01, 1.5, 0.41, 8.59, -0.06, -0.06, 0.01
2021-05-09 16:21:22.516860, 1620566482.5168602, 4.95, 0.51, 8.43, -0.03, -0.06, -0.01, 1.52, 0.4, 8.59, -0.06, -0.06, 0.01
2021-05-09 16:21:22.626601, 1620566482.6266015, 4.96, 0.55, 8.46, -0.03, -0.06, -0.01, 1.48, 0.38, 8.63, -0.06, -0.06, 0.01
2021-05-09 16:21:22.736183, 1620566482.7361834, 4.96, 0.52, 8.42, -0.04, -0.07, -0.01, 1.51, 0.36, 8.62, -0.06, -0.07, 0.01
2021-05-09 16:21:22.845065, 1620566482.8450654, 4.99, 0.52, 8.38, -0.03, -0.06, -0.01, 1.52, 0.39, 8.58, -0.06, -0.07, 0.0
2021-05-09 16:21:22.955436, 1620566482.9554365, 4.98, 0.53, 8.41, -0.04, -0.06, -0.02, 1.5, 0.39, 8.6, -0.07, -0.07, -0.01
2021-05-09 16:21:23.065109, 1620566483.06511, 4.97, 0.51, 8.39, -0.04, -0.06, -0.02, 1.53, 0.4, 8.59, -0.06, -0.06, -0.0
2021-05-09 16:21:23.174668, 1620566483.1746688, 4.97, 0.57, 8.42, -0.03, -0.06, -0.02, 1.5, 0.42, 8.6, -0.06, -0.06, -0.01
2021-05-09 16:21:23.283871, 1620566483.283872, 4.95, 0.54, 8.42, -0.03, -0.06, -0.01, 1.51, 0.4, 8.6, -0.06, -0.07, -0.01
2021-05-09 16:21:23.393843, 1620566483.3938437, 4.92, 0.54, 8.42, -0.03, -0.06, -0.01, 1.51, 0.39, 8.59, -0.06, -0.08, -0.01
2021-05-09 16:21:23.503031, 1620566483.5030315, 4.95, 0.54, 8.43, -0.03, -0.04, -0.01, 1.48, 0.41, 8.6, -0.06, -0.06, 0.0
2021-05-09 16:21:23.611863, 1620566483.6118636, 4.91, 0.55, 8.5, -0.03, 0.01, -0.01, 1.43, 0.38, 8.63, -0.07, -0.0, 0.02
2021-05-09 16:21:23.722179, 1620566483.7221794, 4.85, 0.51, 8.42, -0.04, 0.02, 0.0, 1.43, 0.38, 8.56, -0.09, -0.0, 0.01
2021-05-09 16:21:23.831996, 1620566483.8319964, 4.77, 0.53, 8.48, -0.03, 0.05, -0.0, 1.34, 0.36, 8.59, -0.08, 0.02, 0.02
2021-05-09 16:21:23.940786, 1620566483.9407864, 4.61, 0.5, 8.57, -0.03, 0.03, -0.02, 1.27, 0.34, 8.62, -0.07, 0.01, 0.02
2021-05-09 16:21:24.050961, 1620566484.0509608, 4.55, 0.57, 8.63, -0.02, 0.03, -0.02, 1.15, 0.37, 8.65, -0.06, 0.01, 0.01
2021-05-09 16:21:24.160728, 1620566484.1607287, 4.44, 0.58, 8.69, -0.02, 0.01, -0.01, 1.1, 0.36, 8.66, -0.06, -0.0, 0.02
2021-05-09 16:21:24.270314, 1620566484.270314, 4.35, 0.61, 8.74, -0.02, -0.0, -0.01, 0.99, 0.4, 8.71, -0.05, -0.01, 0.03
2021-05-09 16:21:24.379113, 1620566484.3791137, 4.36, 0.59, 8.71, -0.01, -0.02, 0.01, 1.0, 0.35, 8.65, -0.05, -0.02, 0.05
2021-05-09 16:21:24.489391, 1620566484.489391, 4.3, 0.63, 8.7, -0.01, -0.02, 0.01, 0.94, 0.37, 8.63, -0.05, -0.03, 0.05
2021-05-09 16:21:24.598867, 1620566484.598867, 4.29, 0.65, 8.76, -0.02, -0.03, 0.0, 0.89, 0.39, 8.65, -0.06, -0.03, 0.04
2021-05-09 16:21:24.708212, 1620566484.708213, 4.25, 0.65, 8.77, -0.03, -0.02, 0.0, 0.84, 0.37, 8.66, -0.06, -0.03, 0.03
2021-05-09 16:21:24.817392, 1620566484.8173923, 4.19, 0.66, 8.81, -0.04, -0.03, -0.0, 0.81, 0.37, 8.67, -0.07, -0.04, 0.03
2021-05-09 16:21:24.927075, 1620566484.9270754, 4.16, 0.64, 8.81, -0.04, -0.04, -0.01, 0.78, 0.38, 8.65, -0.07, -0.04, 0.03
2021-05-09 16:21:25.037153, 1620566485.037153, 4.14, 0.62, 8.8, -0.04, -0.03, -0.01, 0.75, 0.4, 8.64, -0.07, -0.04, 0.02
2021-05-09 16:21:25.145917, 1620566485.1459177, 4.12, 0.63, 8.79, -0.03, -0.04, -0.0, 0.77, 0.35, 8.66, -0.07, -0.04, 0.02
2021-05-09 16:21:25.255462, 1620566485.2554624, 4.12, 0.61, 8.81, -0.04, -0.05, -0.02, 0.73, 0.32, 8.65, -0.06, -0.05, 0.01
2021-05-09 16:21:25.365348, 1620566485.365348, 4.1, 0.63, 8.82, -0.03, -0.05, -0.01, 0.69, 0.36, 8.65, -0.05, -0.05, 0.02
2021-05-09 16:21:25.475331, 1620566485.4753313, 4.07, 0.67, 8.84, -0.02, -0.06, -0.01, 0.69, 0.41, 8.67, -0.05, -0.06, 0.01
2021-05-09 16:21:25.585244, 1620566485.5852442, 4.1, 0.66, 8.83, -0.02, -0.06, -0.02, 0.65, 0.37, 8.66, -0.05, -0.06, -0.0
2021-05-09 16:21:25.694849, 1620566485.6948497, 4.11, 0.66, 8.83, -0.03, -0.05, -0.02, 0.7, 0.4, 8.67, -0.05, -0.06, -0.0
2021-05-09 16:21:25.804277, 1620566485.8042777, 4.11, 0.7, 8.78, -0.02, -0.02, -0.01, 0.66, 0.45, 8.6, -0.05, -0.03, -0.0
2021-05-09 16:21:25.913894, 1620566485.9138942, 3.99, 0.73, 8.86, -0.01, -0.0, -0.01, 0.63, 0.47, 8.65, -0.05, -0.02, 0.01
2021-05-09 16:21:26.023287, 1620566486.0232878, 3.93, 0.73, 8.85, -0.02, -0.03, -0.03, 0.56, 0.45, 8.66, -0.04, -0.03, -0.01
2021-05-09 16:21:26.132943, 1620566486.1329436, 3.87, 0.8, 8.95, -0.02, -0.02, -0.02, 0.5, 0.52, 8.68, -0.05, -0.04, -0.01
2021-05-09 16:21:26.242586, 1620566486.2425869, 3.9, 0.79, 8.89, -0.02, -0.02, -0.0, 0.5, 0.51, 8.66, -0.05, -0.04, 0.01
2021-05-09 16:21:26.352176, 1620566486.352177, 3.78, 0.82, 8.89, -0.01, 0.0, -0.01, 0.44, 0.53, 8.64, -0.05, -0.01, 0.0
2021-05-09 16:21:26.461571, 1620566486.461571, 3.77, 0.82, 8.94, -0.02, 0.0, -0.01, 0.41, 0.52, 8.63, -0.06, -0.02, 0.01
2021-05-09 16:21:26.571193, 1620566486.5711935, 3.66, 0.87, 9.05, -0.03, 0.01, -0.01, 0.35, 0.55, 8.69, -0.07, -0.02, -0.0
2021-05-09 16:21:26.680477, 1620566486.6804776, 3.61, 0.8, 9.02, -0.06, -0.01, -0.01, 0.28, 0.53, 8.67, -0.07, -0.02, -0.01
2021-05-09 16:21:26.790465, 1620566486.7904656, 3.56, 0.83, 9.0, -0.03, -0.01, -0.02, 0.26, 0.58, 8.63, -0.05, -0.02, -0.0
2021-05-09 16:21:26.899670, 1620566486.8996701, 3.53, 0.83, 9.06, -0.02, -0.05, -0.01, 0.2, 0.53, 8.66, -0.06, -0.05, 0.01
2021-05-09 16:21:27.009379, 1620566487.0093794, 3.48, 0.82, 9.09, -0.04, -0.07, -0.01, 0.17, 0.54, 8.71, -0.06, -0.06, 0.0
2021-05-09 16:21:27.119171, 1620566487.1191714, 3.6, 0.83, 9.0, -0.05, -0.08, -0.03, 0.24, 0.57, 8.61, -0.07, -0.07, -0.01
2021-05-09 16:21:27.229154, 1620566487.2291548, 3.59, 0.83, 9.0, -0.06, -0.07, -0.02, 0.22, 0.54, 8.62, -0.08, -0.05, -0.01
2021-05-09 16:21:27.338303, 1620566487.3383038, 3.55, 0.76, 9.04, -0.06, -0.07, -0.03, 0.17, 0.5, 8.64, -0.08, -0.05, -0.01
2021-05-09 16:21:27.447975, 1620566487.4479756, 3.55, 0.78, 9.04, -0.06, -0.08, -0.03, 0.15, 0.52, 8.65, -0.08, -0.05, -0.02
2021-05-09 16:21:27.557302, 1620566487.5573027, 3.56, 0.76, 9.06, -0.06, -0.07, -0.02, 0.14, 0.47, 8.67, -0.08, -0.06, -0.01
2021-05-09 16:21:27.666310, 1620566487.6663105, 3.58, 0.73, 9.03, -0.06, -0.08, -0.02, 0.14, 0.49, 8.66, -0.08, -0.07, -0.01
2021-05-09 16:21:27.776466, 1620566487.7764666, 3.62, 0.71, 9.03, -0.04, -0.06, -0.02, 0.14, 0.46, 8.65, -0.07, -0.05, -0.0
2021-05-09 16:21:27.886079, 1620566487.88608, 3.6, 0.7, 9.03, -0.04, -0.04, -0.02, 0.12, 0.43, 8.66, -0.06, -0.05, -0.01
2021-05-09 16:21:27.995366, 1620566487.9953663, 3.56, 0.73, 9.04, -0.03, -0.03, -0.01, 0.09, 0.46, 8.64, -0.06, -0.04, 0.0
2021-05-09 16:21:28.105390, 1620566488.1053903, 3.55, 0.74, 9.05, -0.02, -0.03, -0.0, 0.09, 0.47, 8.65, -0.05, -0.05, 0.01
2021-05-09 16:21:28.213849, 1620566488.2138495, 3.48, 0.74, 9.03, -0.02, -0.03, -0.0, 0.06, 0.46, 8.64, -0.06, -0.05, 0.0
2021-05-09 16:21:28.324343, 1620566488.324344, 3.42, 0.77, 9.07, -0.03, -0.03, -0.01, 0.07, 0.44, 8.64, -0.06, -0.05, -0.0
2021-05-09 16:21:28.433626, 1620566488.4336267, 3.42, 0.77, 9.06, -0.04, -0.05, -0.03, 0.02, 0.48, 8.65, -0.06, -0.06, -0.02
2021-05-09 16:21:28.543442, 1620566488.5434425, 3.43, 0.8, 9.08, -0.04, -0.06, -0.03, 0.01, 0.49, 8.68, -0.06, -0.06, -0.01
2021-05-09 16:21:28.652257, 1620566488.6522574, 3.41, 0.78, 9.08, -0.04, -0.06, -0.02, 0.0, 0.5, 8.66, -0.06, -0.06, -0.0
2021-05-09 16:21:28.761776, 1620566488.7617762, 3.41, 0.8, 9.09, -0.03, -0.05, -0.02, 0.02, 0.49, 8.64, -0.06, -0.06, -0.0
2021-05-09 16:21:28.871702, 1620566488.871702, 3.44, 0.8, 9.05, -0.04, -0.07, -0.02, 0.0, 0.51, 8.62, -0.07, -0.06, 0.0
2021-05-09 16:21:28.981435, 1620566488.9814355, 3.38, 0.8, 9.12, -0.03, -0.06, -0.02, -0.01, 0.47, 8.68, -0.07, -0.06, 0.01
2021-05-09 16:21:29.091170, 1620566489.0911708, 3.44, 0.79, 9.06, -0.03, -0.06, -0.01, 0.01, 0.49, 8.66, -0.06, -0.06, 0.01
2021-05-09 16:21:29.200830, 1620566489.20083, 3.39, 0.82, 9.07, -0.03, -0.07, -0.02, -0.0, 0.51, 8.65, -0.06, -0.07, -0.0
2021-05-09 16:21:29.310332, 1620566489.3103328, 3.4, 0.81, 9.11, -0.03, -0.06, -0.02, -0.01, 0.5, 8.65, -0.06, -0.06, -0.01
2021-05-09 16:21:29.419953, 1620566489.4199529, 3.38, 0.84, 9.12, -0.04, -0.07, -0.02, -0.02, 0.52, 8.67, -0.06, -0.07, -0.0
2021-05-09 16:21:29.529090, 1620566489.5290904, 3.45, 0.83, 9.04, -0.03, -0.06, -0.01, 0.02, 0.52, 8.61, -0.06, -0.06, 0.0
2021-05-09 16:21:29.638717, 1620566489.638717, 3.46, 0.78, 9.07, -0.03, -0.05, -0.01, 0.02, 0.47, 8.63, -0.07, -0.06, 0.01
2021-05-09 16:21:29.748472, 1620566489.7484727, 3.38, 0.82, 9.06, -0.03, -0.06, -0.01, -0.02, 0.49, 8.65, -0.06, -0.06, 0.0
2021-05-09 16:21:29.858339, 1620566489.8583395, 3.4, 0.85, 9.08, -0.04, -0.07, -0.01, -0.05, 0.5, 8.64, -0.07, -0.06, 0.0
2021-05-09 16:21:29.967429, 1620566489.9674299, 3.42, 0.83, 9.04, -0.04, -0.06, -0.01, -0.04, 0.47, 8.63, -0.07, -0.06, 0.0
2021-05-09 16:21:30.076486, 1620566490.076486, 3.36, 0.85, 9.11, -0.05, -0.04, -0.01, -0.07, 0.48, 8.65, -0.09, -0.05, 0.0
2021-05-09 16:21:30.186921, 1620566490.1869211, 3.39, 0.78, 9.09, -0.04, -0.06, 0.0, -0.03, 0.44, 8.64, -0.08, -0.06, 0.01
2021-05-09 16:21:30.296457, 1620566490.296457, 3.35, 0.79, 9.12, -0.04, -0.06, -0.0, -0.06, 0.44, 8.65, -0.07, -0.06, 0.02
2021-05-09 16:21:30.406148, 1620566490.406149, 3.37, 0.75, 9.12, -0.04, -0.07, -0.01, -0.08, 0.39, 8.67, -0.07, -0.07, 0.01
2021-05-09 16:21:30.515675, 1620566490.515675, 3.41, 0.76, 9.1, -0.04, -0.07, -0.02, -0.06, 0.42, 8.67, -0.07, -0.07, -0.01
2021-05-09 16:21:30.625301, 1620566490.6253016, 3.42, 0.79, 9.08, -0.05, -0.06, -0.02, -0.06, 0.43, 8.62, -0.07, -0.07, -0.02
2021-05-09 16:21:30.734634, 1620566490.7346344, 3.36, 0.75, 9.13, -0.04, -0.06, -0.01, -0.06, 0.42, 8.68, -0.07, -0.07, 0.0
2021-05-09 16:21:30.844592, 1620566490.8445923, 3.41, 0.77, 9.05, -0.03, -0.07, -0.0, -0.03, 0.4, 8.61, -0.06, -0.07, 0.01
2021-05-09 16:21:30.954029, 1620566490.9540298, 3.41, 0.79, 9.08, -0.04, -0.06, -0.01, -0.05, 0.4, 8.65, -0.07, -0.05, 0.01
2021-05-09 16:21:31.063353, 1620566491.063353, 3.35, 0.73, 9.12, -0.04, -0.06, -0.02, -0.13, 0.35, 8.68, -0.07, -0.05, 0.0
2021-05-09 16:21:31.173321, 1620566491.1733217, 3.38, 0.75, 9.1, -0.04, -0.06, -0.03, -0.1, 0.4, 8.67, -0.06, -0.08, -0.01
2021-05-09 16:21:31.282260, 1620566491.28226, 3.38, 0.75, 9.1, -0.04, -0.08, -0.02, -0.07, 0.39, 8.65, -0.06, -0.08, -0.01
2021-05-09 16:21:31.392475, 1620566491.3924756, 3.42, 0.74, 9.08, -0.04, -0.08, -0.02, -0.06, 0.4, 8.68, -0.06, -0.08, -0.01
2021-05-09 16:21:31.502428, 1620566491.5024288, 3.45, 0.77, 9.05, -0.03, -0.06, -0.02, -0.03, 0.41, 8.62, -0.06, -0.06, -0.0
2021-05-09 16:21:31.611276, 1620566491.6112769, 3.4, 0.78, 9.08, -0.03, -0.05, -0.01, -0.08, 0.41, 8.65, -0.06, -0.05, 0.0
2021-05-09 16:21:31.721073, 1620566491.7210734, 3.43, 0.81, 9.07, -0.03, -0.05, -0.02, -0.09, 0.42, 8.66, -0.06, -0.05, -0.0
2021-05-09 16:21:31.830637, 1620566491.8306375, 3.39, 0.79, 9.09, -0.03, -0.05, -0.01, -0.08, 0.42, 8.66, -0.06, -0.07, -0.0
2021-05-09 16:21:31.940166, 1620566491.9401665, 3.39, 0.76, 9.09, -0.04, -0.06, -0.02, -0.09, 0.38, 8.65, -0.06, -0.08, -0.01
2021-05-09 16:21:32.049810, 1620566492.04981, 3.38, 0.8, 9.09, -0.04, -0.05, -0.02, -0.07, 0.44, 8.66, -0.06, -0.08, -0.01
2021-05-09 16:21:32.159329, 1620566492.1593292, 3.38, 0.79, 9.07, -0.04, -0.05, -0.02, -0.04, 0.44, 8.64, -0.06, -0.06, -0.01
2021-05-09 16:21:32.268964, 1620566492.2689643, 3.37, 0.79, 9.1, -0.03, -0.06, -0.01, -0.08, 0.46, 8.65, -0.06, -0.06, -0.0
2021-05-09 16:21:32.378475, 1620566492.3784752, 3.34, 0.77, 9.08, -0.04, -0.05, -0.0, -0.07, 0.42, 8.66, -0.06, -0.07, 0.0
2021-05-09 16:21:32.487994, 1620566492.487995, 3.32, 0.79, 9.1, -0.04, -0.05, -0.02, -0.08, 0.43, 8.64, -0.06, -0.07, -0.01
2021-05-09 16:21:32.597550, 1620566492.5975506, 3.31, 0.79, 9.12, -0.04, -0.07, -0.02, -0.07, 0.45, 8.66, -0.07, -0.07, -0.02
2021-05-09 16:21:32.707120, 1620566492.707121, 3.33, 0.76, 9.11, -0.04, -0.06, -0.02, -0.06, 0.44, 8.65, -0.06, -0.07, -0.01
2021-05-09 16:21:32.816213, 1620566492.8162136, 3.33, 0.78, 9.08, -0.04, -0.06, -0.01, -0.07, 0.44, 8.64, -0.06, -0.07, 0.0
2021-05-09 16:21:32.926201, 1620566492.9262013, 3.32, 0.78, 9.12, -0.03, -0.06, -0.02, -0.07, 0.45, 8.65, -0.06, -0.07, -0.0
2021-05-09 16:21:33.035890, 1620566493.0358906, 3.32, 0.77, 9.11, -0.03, -0.06, -0.01, -0.08, 0.43, 8.67, -0.06, -0.06, -0.0
2021-05-09 16:21:33.145703, 1620566493.1457038, 3.3, 0.79, 9.15, -0.04, -0.06, -0.02, -0.09, 0.44, 8.65, -0.06, -0.06, -0.0
2021-05-09 16:21:33.255080, 1620566493.2550805, 3.31, 0.8, 9.1, -0.04, -0.06, -0.01, -0.1, 0.47, 8.64, -0.06, -0.06, 0.01
2021-05-09 16:21:33.364747, 1620566493.364747, 3.32, 0.78, 9.11, -0.04, -0.07, -0.0, -0.07, 0.45, 8.65, -0.07, -0.07, 0.01
2021-05-09 16:21:33.474320, 1620566493.4743204, 3.28, 0.76, 9.13, -0.03, -0.06, -0.01, -0.1, 0.42, 8.66, -0.06, -0.06, 0.01
2021-05-09 16:21:33.583973, 1620566493.5839732, 3.31, 0.78, 9.1, -0.04, -0.06, -0.01, -0.1, 0.43, 8.66, -0.07, -0.06, 0.01
2021-05-09 16:21:33.693413, 1620566493.6934137, 3.35, 0.77, 9.09, -0.04, -0.06, -0.02, -0.08, 0.42, 8.65, -0.07, -0.06, -0.0
2021-05-09 16:21:33.803155, 1620566493.8031552, 3.3, 0.77, 9.14, -0.04, -0.07, -0.02, -0.1, 0.45, 8.66, -0.07, -0.07, -0.01
2021-05-09 16:21:33.912489, 1620566493.9124897, 3.35, 0.76, 9.08, -0.04, -0.07, -0.01, -0.07, 0.44, 8.62, -0.06, -0.07, 0.0
2021-05-09 16:21:34.022192, 1620566494.0221925, 3.37, 0.79, 9.09, -0.03, -0.06, -0.01, -0.08, 0.45, 8.63, -0.06, -0.06, 0.0
2021-05-09 16:21:34.131579, 1620566494.1315796, 3.37, 0.79, 9.1, -0.03, -0.06, -0.01, -0.08, 0.43, 8.65, -0.06, -0.06, 0.0
2021-05-09 16:21:34.241358, 1620566494.241358, 3.34, 0.77, 9.1, -0.04, -0.06, -0.02, -0.09, 0.44, 8.64, -0.06, -0.07, -0.02
2021-05-09 16:21:34.350909, 1620566494.3509095, 3.33, 0.79, 9.1, -0.04, -0.06, -0.01, -0.09, 0.45, 8.65, -0.06, -0.07, -0.01
2021-05-09 16:21:34.460580, 1620566494.4605803, 3.36, 0.79, 9.09, -0.04, -0.07, -0.03, -0.09, 0.45, 8.66, -0.06, -0.07, -0.03
2021-05-09 16:21:34.569825, 1620566494.569825, 3.29, 0.78, 9.11, -0.04, -0.05, -0.02, -0.08, 0.43, 8.65, -0.07, -0.06, -0.02
2021-05-09 16:21:34.679096, 1620566494.6790965, 3.28, 0.79, 9.15, -0.04, -0.04, -0.02, -0.11, 0.46, 8.66, -0.06, -0.06, -0.01
2021-05-09 16:21:34.789311, 1620566494.789311, 3.27, 0.78, 9.14, -0.04, -0.05, -0.02, -0.1, 0.45, 8.66, -0.06, -0.07, -0.01
2021-05-09 16:21:34.898783, 1620566494.8987832, 3.27, 0.78, 9.12, -0.04, -0.05, -0.02, -0.08, 0.43, 8.65, -0.06, -0.08, -0.02
2021-05-09 16:21:35.008358, 1620566495.0083587, 3.27, 0.79, 9.14, -0.04, -0.05, -0.02, -0.08, 0.47, 8.64, -0.06, -0.07, -0.01
2021-05-09 16:21:35.118057, 1620566495.1180575, 3.26, 0.8, 9.14, -0.04, -0.06, -0.02, -0.09, 0.48, 8.64, -0.06, -0.07, -0.01
2021-05-09 16:21:35.227630, 1620566495.2276309, 3.29, 0.78, 9.11, -0.03, -0.06, -0.01, -0.06, 0.48, 8.64, -0.06, -0.07, 0.0
2021-05-09 16:21:35.337044, 1620566495.3370445, 3.25, 0.76, 9.15, -0.03, -0.06, -0.01, -0.08, 0.45, 8.67, -0.06, -0.06, 0.01
2021-05-09 16:21:35.446757, 1620566495.446757, 3.26, 0.8, 9.14, -0.03, -0.06, -0.01, -0.08, 0.46, 8.65, -0.06, -0.07, 0.01
2021-05-09 16:21:35.556434, 1620566495.5564346, 3.26, 0.79, 9.12, -0.04, -0.06, -0.01, -0.07, 0.47, 8.64, -0.06, -0.07, -0.0
2021-05-09 16:21:35.666006, 1620566495.6660068, 3.22, 0.77, 9.14, -0.04, -0.06, -0.02, -0.1, 0.49, 8.65, -0.06, -0.07, -0.01
2021-05-09 16:21:35.775634, 1620566495.7756348, 3.25, 0.78, 9.11, -0.04, -0.06, -0.01, -0.06, 0.46, 8.63, -0.06, -0.06, -0.0
2021-05-09 16:21:35.884823, 1620566495.884823, 3.25, 0.8, 9.12, -0.03, -0.05, -0.01, -0.08, 0.49, 8.62, -0.06, -0.06, 0.0
2021-05-09 16:21:35.994532, 1620566495.9945328, 3.22, 0.79, 9.15, -0.03, -0.06, -0.0, -0.09, 0.48, 8.66, -0.06, -0.07, 0.01
2021-05-09 16:21:36.104143, 1620566496.1041431, 3.26, 0.76, 9.13, -0.03, -0.08, 0.0, -0.07, 0.45, 8.66, -0.06, -0.09, 0.01
2021-05-09 16:21:36.213957, 1620566496.213957, 3.24, 0.74, 9.12, -0.03, -0.07, -0.02, -0.08, 0.42, 8.64, -0.06, -0.07, -0.0
2021-05-09 16:21:36.323390, 1620566496.323391, 3.13, 0.66, 9.16, -0.04, -0.07, -0.04, -0.17, 0.34, 8.65, -0.05, -0.07, -0.01
2021-05-09 16:21:36.433055, 1620566496.4330554, 3.1, 0.62, 9.15, -0.05, -0.07, -0.08, -0.26, 0.27, 8.6, -0.06, -0.05, -0.04
2021-05-09 16:21:36.542626, 1620566496.5426269, 3.15, 0.68, 9.15, -0.06, -0.06, -0.07, -0.25, 0.35, 8.6, -0.07, -0.03, -0.05
2021-05-09 16:21:36.652133, 1620566496.6521332, 3.16, 0.79, 9.18, -0.06, -0.05, -0.07, -0.18, 0.51, 8.7, -0.07, -0.04, -0.05
2021-05-09 16:21:36.761456, 1620566496.7614565, 3.25, 0.78, 9.09, -0.04, -0.06, -0.02, -0.11, 0.48, 8.59, -0.06, -0.05, 0.01
2021-05-09 16:21:36.871312, 1620566496.871312, 3.18, 0.74, 9.09, -0.02, -0.05, -0.01, -0.2, 0.41, 8.58, -0.05, -0.06, 0.01
2021-05-09 16:21:36.980466, 1620566496.9804666, 3.15, 0.83, 9.16, -0.04, -0.04, -0.04, -0.23, 0.5, 8.66, -0.07, -0.04, -0.04
2021-05-09 16:21:37.090468, 1620566497.0904686, 3.26, 0.86, 9.08, -0.05, -0.01, -0.04, -0.08, 0.5, 8.6, -0.07, -0.04, -0.05
2021-05-09 16:21:37.200101, 1620566497.2001011, 3.34, 1.08, 9.17, -0.01, 0.05, -0.03, -0.23, 0.81, 8.68, -0.04, 0.03, -0.01
2021-05-09 16:21:37.309689, 1620566497.3096898, 2.98, 1.1, 9.54, 0.01, 0.08, -0.02, -0.49, 0.83, 8.96, -0.02, 0.06, -0.01
2021-05-09 16:21:37.419214, 1620566497.419214, 2.82, 1.15, 9.25, 0.01, 0.02, 0.01, -0.48, 0.84, 8.6, -0.03, -0.0, 0.03
2021-05-09 16:21:37.528257, 1620566497.5282574, 2.8, 1.15, 9.37, 0.01, -0.03, 0.06, -0.49, 0.72, 8.77, -0.04, -0.05, 0.08
2021-05-09 16:21:37.637513, 1620566497.6375136, 2.66, 1.05, 9.27, -0.02, -0.05, 0.02, -0.66, 0.67, 8.59, -0.07, -0.06, 0.04
2021-05-09 16:21:37.747942, 1620566497.7479424, 2.88, 0.93, 9.13, -0.02, -0.03, 0.01, -0.4, 0.6, 8.52, -0.06, -0.03, 0.04
2021-05-09 16:21:37.857317, 1620566497.8573172, 2.76, 1.05, 9.14, 0.01, -0.04, -0.03, -0.42, 0.69, 8.52, -0.02, -0.06, 0.0
2021-05-09 16:21:37.967160, 1620566497.9671602, 2.85, 0.98, 9.2, -0.04, -0.1, -0.0, -0.4, 0.56, 8.6, -0.07, -0.11, 0.02
2021-05-09 16:21:38.075905, 1620566498.0759056, 2.9, 0.96, 9.24, -0.05, -0.13, 0.03, -0.28, 0.64, 8.64, -0.09, -0.15, 0.04
2021-05-09 16:21:38.186313, 1620566498.1863136, 2.97, 0.93, 9.22, -0.06, -0.18, 0.06, -0.26, 0.54, 8.63, -0.09, -0.21, 0.06
2021-05-09 16:21:38.294954, 1620566498.294954, 3.05, 0.81, 9.21, -0.07, -0.21, 0.04, -0.12, 0.43, 8.66, -0.1, -0.21, 0.03
2021-05-09 16:21:38.405197, 1620566498.4051974, 3.22, 0.78, 9.11, -0.08, -0.18, 0.02, -0.07, 0.45, 8.59, -0.1, -0.19, 0.0
2021-05-09 16:21:38.514323, 1620566498.5153024, 3.3, 0.81, 9.15, -0.05, -0.14, -0.0, 0.06, 0.54, 8.64, -0.07, -0.17, 0.0
2021-05-09 16:21:38.623910, 1620566498.6239104, 3.29, 0.82, 9.08, -0.05, -0.14, -0.01, 0.11, 0.49, 8.62, -0.07, -0.14, 0.0
2021-05-09 16:21:38.733662, 1620566498.7336621, 3.46, 0.84, 9.07, -0.04, -0.14, 0.0, 0.2, 0.55, 8.63, -0.06, -0.13, 0.01
2021-05-09 16:21:38.846220, 1620566498.8462203, 3.5, 0.81, 9.01, -0.04, -0.15, -0.0, 0.31, 0.48, 8.65, -0.06, -0.13, 0.01
2021-05-09 16:21:38.952969, 1620566498.95297, 3.59, 0.79, 9.02, -0.05, -0.12, -0.01, 0.31, 0.51, 8.66, -0.07, -0.11, -0.01
2021-05-09 16:21:39.062637, 1620566499.0626373, 3.63, 0.81, 9.01, -0.05, -0.11, -0.03, 0.42, 0.51, 8.67, -0.07, -0.1, -0.01
2021-05-09 16:21:39.172537, 1620566499.172537, 3.66, 0.8, 8.97, -0.05, -0.12, -0.02, 0.45, 0.46, 8.67, -0.07, -0.11, -0.01
2021-05-09 16:21:39.281305, 1620566499.2813056, 3.76, 0.79, 9.0, -0.04, -0.12, -0.01, 0.47, 0.49, 8.69, -0.06, -0.12, -0.01
2021-05-09 16:21:39.391535, 1620566499.3915358, 3.8, 0.78, 8.97, -0.04, -0.11, -0.01, 0.51, 0.45, 8.68, -0.06, -0.11, -0.01
2021-05-09 16:21:39.501349, 1620566499.5013494, 3.85, 0.77, 8.94, -0.04, -0.13, -0.01, 0.64, 0.48, 8.69, -0.06, -0.12, -0.01
2021-05-09 16:21:39.610695, 1620566499.6106951, 3.95, 0.76, 8.86, -0.04, -0.16, 0.0, 0.71, 0.48, 8.62, -0.06, -0.15, -0.0
2021-05-09 16:21:39.720582, 1620566499.7205825, 4.05, 0.75, 8.82, -0.04, -0.13, 0.01, 0.76, 0.47, 8.64, -0.06, -0.13, -0.01
2021-05-09 16:21:39.830149, 1620566499.83015, 4.06, 0.77, 8.83, -0.03, -0.1, 0.01, 0.81, 0.53, 8.66, -0.06, -0.12, -0.02
2021-05-09 16:21:39.939728, 1620566499.939729, 4.12, 0.77, 8.83, -0.03, -0.08, 0.0, 0.85, 0.53, 8.65, -0.05, -0.11, -0.02
2021-05-09 16:21:40.049249, 1620566500.0492492, 4.12, 0.81, 8.85, -0.02, -0.08, 0.01, 0.9, 0.55, 8.68, -0.05, -0.11, -0.0
2021-05-09 16:21:40.158921, 1620566500.1589217, 4.09, 0.81, 8.84, -0.03, -0.09, 0.01, 0.96, 0.56, 8.68, -0.05, -0.12, -0.01
2021-05-09 16:21:40.268275, 1620566500.2682757, 4.16, 0.79, 8.78, -0.04, -0.12, 0.01, 1.05, 0.58, 8.63, -0.06, -0.14, -0.02
2021-05-09 16:21:40.378200, 1620566500.3782003, 4.27, 0.75, 8.76, -0.04, -0.11, -0.0, 1.09, 0.55, 8.61, -0.06, -0.12, -0.02
2021-05-09 16:21:40.487419, 1620566500.487419, 4.24, 0.75, 8.75, -0.04, -0.09, -0.02, 1.16, 0.57, 8.63, -0.06, -0.11, -0.03
2021-05-09 16:21:40.597087, 1620566500.5970871, 4.3, 0.76, 8.74, -0.03, -0.09, -0.01, 1.18, 0.59, 8.63, -0.06, -0.1, -0.01
2021-05-09 16:21:40.706839, 1620566500.7068393, 4.34, 0.77, 8.72, -0.04, -0.09, -0.01, 1.24, 0.56, 8.6, -0.06, -0.1, -0.01
2021-05-09 16:21:40.816303, 1620566500.816303, 4.38, 0.75, 8.7, -0.04, -0.08, -0.01, 1.27, 0.57, 8.6, -0.07, -0.08, 0.0
2021-05-09 16:21:40.925989, 1620566500.9259894, 4.36, 0.75, 8.68, -0.05, -0.07, -0.0, 1.31, 0.59, 8.6, -0.08, -0.07, 0.01
2021-05-09 16:21:41.035388, 1620566501.035389, 4.36, 0.68, 8.71, -0.05, -0.08, 0.01, 1.34, 0.53, 8.62, -0.07, -0.08, 0.01
2021-05-09 16:21:41.144197, 1620566501.1441975, 4.43, 0.68, 8.69, -0.05, -0.09, 0.01, 1.3, 0.53, 8.59, -0.07, -0.08, 0.01
2021-05-09 16:21:41.254496, 1620566501.2544968, 4.44, 0.69, 8.68, -0.05, -0.09, -0.01, 1.33, 0.52, 8.62, -0.07, -0.08, -0.01
2021-05-09 16:21:41.364080, 1620566501.3640804, 4.49, 0.65, 8.64, -0.05, -0.09, -0.0, 1.34, 0.5, 8.6, -0.07, -0.08, -0.0
2021-05-09 16:21:41.473872, 1620566501.4738724, 4.52, 0.63, 8.67, -0.05, -0.08, -0.01, 1.36, 0.5, 8.63, -0.07, -0.07, -0.0
2021-05-09 16:21:41.583118, 1620566501.583119, 4.52, 0.64, 8.65, -0.04, -0.07, -0.01, 1.34, 0.52, 8.62, -0.07, -0.06, 0.0
2021-05-09 16:21:41.692870, 1620566501.69287, 4.51, 0.65, 8.66, -0.05, -0.06, -0.02, 1.31, 0.52, 8.63, -0.07, -0.04, 0.02
2021-05-09 16:21:41.802197, 1620566501.802197, 4.47, 0.65, 8.66, -0.04, -0.04, -0.01, 1.28, 0.5, 8.63, -0.07, -0.02, 0.02
2021-05-09 16:21:41.911257, 1620566501.911257, 4.42, 0.7, 8.72, -0.05, -0.04, -0.01, 1.22, 0.55, 8.67, -0.08, -0.04, 0.02
2021-05-09 16:21:42.020995, 1620566502.0209954, 4.35, 0.72, 8.75, -0.06, -0.08, 0.0, 1.17, 0.53, 8.69, -0.09, -0.06, 0.03
2021-05-09 16:21:42.130552, 1620566502.1305525, 4.43, 0.78, 8.74, -0.07, -0.1, 0.01, 1.08, 0.65, 8.65, -0.09, -0.07, 0.06
2021-05-09 16:21:42.239895, 1620566502.2398958, 4.48, 0.73, 8.73, -0.06, -0.05, -0.03, 1.05, 0.69, 8.62, -0.1, -0.02, 0.08
2021-05-09 16:21:42.349419, 1620566502.349419, 4.2, 0.76, 8.7, 0.02, -0.04, 0.01, 1.03, 0.57, 8.64, -0.04, -0.01, 0.08
2021-05-09 16:21:42.459919, 1620566502.4599192, 4.09, 0.94, 8.9, -0.05, -0.17, 0.11, 1.0, 0.5, 8.87, -0.05, -0.21, 0.02
2021-05-09 16:21:42.569417, 1620566502.569417, 4.29, 0.72, 8.8, -0.13, -0.34, 0.28, 1.37, 0.54, 8.76, -0.21, -0.44, 0.16
2021-05-09 16:21:42.679261, 1620566502.679261, 4.77, -0.04, 8.46, -0.16, -0.41, 0.36, 1.8, -0.08, 8.59, -0.2, -0.52, 0.27
2021-05-09 16:21:42.788846, 1620566502.788846, 5.36, -0.82, 8.07, -0.23, -0.5, 0.32, 2.46, -0.83, 8.38, -0.28, -0.55, 0.19
2021-05-09 16:21:42.898605, 1620566502.898605, 5.76, -1.27, 7.84, -0.24, -0.38, 0.15, 2.79, -0.99, 8.24, -0.26, -0.42, 0.03
2021-05-09 16:21:43.008105, 1620566503.0081053, 5.85, -1.47, 7.27, -0.21, -0.28, -0.13, 3.12, -1.26, 7.7, -0.17, -0.3, -0.2
2021-05-09 16:21:43.117702, 1620566503.1177027, 6.03, -1.52, 7.26, -0.19, -0.08, -0.37, 3.1, -1.23, 7.74, -0.09, -0.05, -0.41
2021-05-09 16:21:43.227118, 1620566503.2271185, 6.13, -0.37, 7.87, -0.1, 0.01, -0.48, 3.22, 0.15, 8.42, 0.02, 0.04, -0.47
2021-05-09 16:21:43.337006, 1620566503.3370068, 6.05, -0.19, 7.33, -0.04, 0.03, -0.33, 3.31, 0.09, 7.93, -0.01, 0.07, -0.28
2021-05-09 16:21:43.446333, 1620566503.4463336, 6.17, 0.02, 7.67, 0.0, -0.02, -0.22, 3.27, 0.25, 8.28, 0.01, 0.03, -0.14
2021-05-09 16:21:43.556044, 1620566503.5560443, 6.15, 0.01, 7.71, -0.01, 0.0, -0.17, 3.03, 0.15, 8.33, -0.02, 0.05, -0.16
2021-05-09 16:21:43.665620, 1620566503.6656208, 5.98, 0.26, 7.82, -0.04, -0.0, -0.23, 2.96, 0.38, 8.45, -0.01, 0.02, -0.24
2021-05-09 16:21:43.775305, 1620566503.7753055, 6.01, 0.3, 7.87, -0.03, -0.08, -0.19, 2.87, 0.45, 8.43, -0.02, -0.05, -0.17
2021-05-09 16:21:43.884792, 1620566503.8847926, 5.98, 0.42, 7.82, 0.01, -0.07, -0.13, 2.84, 0.54, 8.41, 0.01, -0.07, -0.14
2021-05-09 16:21:43.994139, 1620566503.99414, 6.03, 0.52, 7.75, 0.01, -0.06, -0.11, 2.88, 0.64, 8.32, 0.0, -0.08, -0.18
2021-05-09 16:21:44.103774, 1620566504.103775, 5.92, 0.54, 7.81, 0.0, -0.03, -0.14, 2.79, 0.66, 8.35, 0.0, -0.07, -0.15
