human_time, computer_time, x_acc_1, y_acc_1, z_acc_1, x_gyro_1, y_gyro_1, z_gyro_1, x_acc_2, y_acc_2, z_acc_2, x_gyro_2, y_gyro_2, z_gyro_2
2021-05-09 16:29:15.068698, 1620566955.0686984, 2.75, 0.79, 8.95, -0.01, -0.02, -0.06, -0.05, 0.48, 8.38, -0.03, -0.04, -0.04
2021-05-09 16:29:15.178378, 1620566955.178379, 2.77, 0.91, 9.31, 0.06, 0.04, 0.01, -0.09, 0.64, 8.64, -0.0, -0.01, 0.01
2021-05-09 16:29:15.287957, 1620566955.287957, 2.73, 0.9, 9.29, 0.04, -0.05, 0.01, -0.12, 0.44, 8.62, -0.02, -0.07, 0.04
2021-05-09 16:29:15.397476, 1620566955.3974764, 2.78, 0.94, 9.3, -0.04, -0.1, -0.02, -0.06, 0.49, 8.68, -0.05, -0.09, -0.01
2021-05-09 16:29:15.507268, 1620566955.5072682, 2.8, 0.93, 9.29, -0.05, -0.1, -0.02, -0.07, 0.57, 8.66, -0.06, -0.1, -0.01
2021-05-09 16:29:15.616830, 1620566955.6168303, 2.86, 0.91, 9.23, -0.04, -0.1, -0.02, -0.0, 0.52, 8.65, -0.06, -0.1, 0.0
2021-05-09 16:29:15.726339, 1620566955.726339, 2.83, 0.93, 9.24, -0.04, -0.08, -0.01, -0.01, 0.55, 8.66, -0.06, -0.09, -0.0
2021-05-09 16:29:15.835620, 1620566955.8356209, 2.9, 0.95, 9.2, -0.04, -0.09, -0.01, 0.0, 0.59, 8.61, -0.06, -0.09, -0.0
2021-05-09 16:29:15.945352, 1620566955.9453518, 2.94, 0.93, 9.24, -0.03, -0.08, -0.0, 0.07, 0.58, 8.64, -0.06, -0.09, 0.01
2021-05-09 16:29:16.054667, 1620566956.054667, 2.95, 0.91, 9.19, -0.04, -0.08, -0.01, 0.13, 0.57, 8.62, -0.07, -0.09, 0.01
2021-05-09 16:29:16.164717, 1620566956.164717, 3.04, 0.86, 9.24, -0.04, -0.07, 0.01, 0.12, 0.52, 8.72, -0.07, -0.08, 0.02
2021-05-09 16:29:16.273830, 1620566956.273831, 2.96, 0.9, 9.19, -0.03, -0.05, -0.01, 0.14, 0.55, 8.62, -0.05, -0.08, 0.01
2021-05-09 16:29:16.383636, 1620566956.3836367, 2.93, 0.9, 9.22, -0.04, -0.06, -0.02, 0.13, 0.51, 8.66, -0.06, -0.07, -0.01
2021-05-09 16:29:16.493097, 1620566956.4930973, 2.99, 0.89, 9.18, -0.04, -0.06, -0.02, 0.17, 0.56, 8.61, -0.07, -0.07, -0.01
2021-05-09 16:29:16.602769, 1620566956.6027694, 2.94, 0.88, 9.22, -0.03, -0.05, -0.03, 0.14, 0.54, 8.65, -0.06, -0.05, -0.0
2021-05-09 16:29:16.712242, 1620566956.7122428, 2.88, 0.86, 9.27, -0.06, -0.08, -0.03, 0.11, 0.45, 8.68, -0.08, -0.08, -0.06
2021-05-09 16:29:16.821597, 1620566956.821597, 3.08, 0.83, 9.17, -0.08, -0.09, -0.12, 0.2, 0.48, 8.63, -0.08, -0.07, -0.12
2021-05-09 16:29:16.931500, 1620566956.931501, 2.92, 0.87, 9.23, -0.07, -0.04, -0.08, 0.08, 0.63, 8.67, -0.07, -0.04, -0.06
2021-05-09 16:29:17.041226, 1620566957.0412264, 2.95, 0.86, 9.26, -0.04, -0.05, 0.0, 0.09, 0.57, 8.66, -0.05, -0.05, 0.04
2021-05-09 16:29:17.149969, 1620566957.1499696, 2.96, 0.79, 9.22, -0.02, 0.02, 0.01, 0.12, 0.53, 8.63, -0.03, -0.01, 0.05
2021-05-09 16:29:17.260362, 1620566957.2603624, 2.79, 0.68, 9.22, -0.14, 0.07, -0.08, -0.05, 0.12, 8.63, -0.05, -0.04, -0.15
2021-05-09 16:29:17.369841, 1620566957.369841, 2.61, 0.9, 9.31, -0.14, 0.0, -0.07, -0.12, 0.79, 8.62, -0.08, -0.07, -0.13
2021-05-09 16:29:17.479614, 1620566957.4796147, 2.63, 0.58, 9.32, -0.08, -0.04, -0.04, -0.03, 0.55, 8.64, -0.08, -0.07, -0.06
2021-05-09 16:29:17.588881, 1620566957.5888813, 2.63, 0.54, 9.28, -0.04, -0.04, -0.04, -0.02, 0.5, 8.58, -0.05, -0.05, -0.02
2021-05-09 16:29:17.698742, 1620566957.6987429, 2.6, 0.67, 9.3, -0.02, -0.06, -0.0, -0.08, 0.59, 8.64, -0.05, -0.04, -0.0
2021-05-09 16:29:17.808229, 1620566957.8082292, 2.64, 0.57, 9.31, 0.0, -0.08, -0.04, -0.09, 0.52, 8.63, -0.03, -0.04, -0.01
2021-05-09 16:29:17.917823, 1620566957.9178236, 2.56, 0.78, 9.31, -0.01, -0.04, -0.02, -0.14, 0.67, 8.63, -0.05, -0.04, 0.01
2021-05-09 16:29:18.027198, 1620566958.027199, 2.53, 0.77, 9.33, -0.0, -0.05, 0.05, -0.2, 0.68, 8.64, -0.07, -0.05, 0.07
2021-05-09 16:29:18.136817, 1620566958.136818, 2.52, 0.76, 9.35, -0.0, -0.08, 0.07, -0.17, 0.56, 8.63, -0.07, -0.09, 0.1
2021-05-09 16:29:18.246651, 1620566958.246651, 2.63, 0.77, 9.36, -0.02, -0.1, 0.05, -0.1, 0.51, 8.68, -0.09, -0.08, 0.04
2021-05-09 16:29:18.355314, 1620566958.3553143, 2.66, 0.62, 9.34, -0.07, -0.09, -0.03, -0.04, 0.49, 8.68, -0.1, -0.08, -0.04
2021-05-09 16:29:18.465613, 1620566958.4656131, 2.65, 0.67, 9.33, -0.08, -0.11, -0.03, -0.12, 0.43, 8.67, -0.11, -0.09, -0.04
2021-05-09 16:29:18.574532, 1620566958.5755322, 2.76, 0.6, 9.3, -0.05, -0.06, -0.01, -0.04, 0.45, 8.62, -0.08, -0.09, 0.0
2021-05-09 16:29:18.684655, 1620566958.684656, 2.75, 0.59, 9.3, -0.04, -0.06, -0.01, 0.02, 0.36, 8.64, -0.06, -0.07, -0.0
2021-05-09 16:29:18.794500, 1620566958.7945006, 2.72, 0.54, 9.3, -0.03, -0.07, -0.04, -0.0, 0.38, 8.67, -0.06, -0.07, -0.01
2021-05-09 16:29:18.903206, 1620566958.9042041, 2.75, 0.68, 9.28, -0.02, -0.08, -0.05, 0.01, 0.52, 8.64, -0.05, -0.08, -0.01
2021-05-09 16:29:19.012747, 1620566959.0127478, 2.79, 0.7, 9.26, -0.02, -0.08, -0.02, 0.03, 0.52, 8.62, -0.05, -0.07, 0.0
2021-05-09 16:29:19.122904, 1620566959.1229043, 2.83, 0.7, 9.26, -0.02, -0.07, 0.01, 0.03, 0.51, 8.64, -0.06, -0.07, 0.03
2021-05-09 16:29:19.231831, 1620566959.231831, 2.78, 0.65, 9.26, -0.03, -0.08, 0.02, 0.06, 0.45, 8.66, -0.07, -0.07, 0.03
2021-05-09 16:29:19.341773, 1620566959.3417737, 2.82, 0.63, 9.27, -0.03, -0.07, -0.01, 0.06, 0.43, 8.64, -0.06, -0.07, 0.01
2021-05-09 16:29:19.451478, 1620566959.4514785, 2.8, 0.64, 9.27, -0.03, -0.06, -0.02, 0.06, 0.47, 8.65, -0.06, -0.07, -0.01
2021-05-09 16:29:19.561350, 1620566959.56135, 2.8, 0.68, 9.3, -0.03, -0.06, -0.02, 0.06, 0.5, 8.67, -0.06, -0.07, -0.01
2021-05-09 16:29:19.670704, 1620566959.6707046, 2.82, 0.69, 9.32, -0.03, -0.08, -0.01, 0.06, 0.5, 8.68, -0.06, -0.08, 0.01
2021-05-09 16:29:19.780207, 1620566959.7802074, 2.86, 0.67, 9.25, -0.02, -0.08, 0.01, 0.1, 0.49, 8.64, -0.06, -0.09, 0.02
2021-05-09 16:29:19.889213, 1620566959.8892133, 2.84, 0.67, 9.25, -0.02, -0.07, -0.0, 0.08, 0.49, 8.64, -0.05, -0.08, 0.01
2021-05-09 16:29:19.999548, 1620566959.9995484, 2.86, 0.71, 9.24, -0.02, -0.06, -0.01, 0.11, 0.51, 8.66, -0.06, -0.06, 0.01
2021-05-09 16:29:20.108802, 1620566960.108802, 2.86, 0.73, 9.26, -0.02, -0.05, -0.01, 0.09, 0.52, 8.63, -0.06, -0.05, 0.01
2021-05-09 16:29:20.217838, 1620566960.217838, 2.82, 0.73, 9.28, -0.02, -0.05, -0.02, 0.08, 0.51, 8.66, -0.06, -0.06, 0.0
2021-05-09 16:29:20.328353, 1620566960.328354, 2.86, 0.71, 9.26, -0.03, -0.06, -0.02, 0.1, 0.5, 8.66, -0.06, -0.07, -0.01
2021-05-09 16:29:20.437568, 1620566960.4375682, 2.87, 0.79, 9.23, -0.03, -0.07, -0.02, 0.13, 0.56, 8.64, -0.06, -0.06, -0.0
2021-05-09 16:29:20.547468, 1620566960.547468, 2.86, 0.77, 9.28, -0.03, -0.07, -0.02, 0.11, 0.56, 8.66, -0.06, -0.06, -0.01
2021-05-09 16:29:20.657136, 1620566960.657137, 2.86, 0.79, 9.26, -0.03, -0.06, -0.03, 0.08, 0.53, 8.64, -0.06, -0.06, -0.01
2021-05-09 16:29:20.765707, 1620566960.7667046, 2.87, 0.79, 9.25, -0.04, -0.07, -0.02, 0.09, 0.56, 8.64, -0.07, -0.07, -0.0
2021-05-09 16:29:20.875893, 1620566960.8758929, 2.87, 0.77, 9.25, -0.04, -0.06, -0.01, 0.08, 0.55, 8.63, -0.07, -0.06, 0.0
2021-05-09 16:29:20.985293, 1620566960.9852934, 2.86, 0.75, 9.26, -0.03, -0.07, 0.0, 0.1, 0.55, 8.66, -0.06, -0.07, 0.01
2021-05-09 16:29:21.094383, 1620566961.094384, 2.9, 0.77, 9.22, -0.03, -0.06, -0.01, 0.09, 0.53, 8.63, -0.07, -0.06, 0.01
2021-05-09 16:29:21.204750, 1620566961.20475, 2.89, 0.78, 9.24, -0.03, -0.06, -0.01, 0.09, 0.57, 8.63, -0.06, -0.06, -0.0
2021-05-09 16:29:21.314034, 1620566961.314034, 2.87, 0.79, 9.25, -0.02, -0.05, -0.0, 0.08, 0.53, 8.65, -0.06, -0.06, 0.01
2021-05-09 16:29:21.422999, 1620566961.4229991, 2.84, 0.77, 9.27, -0.03, -0.05, -0.0, 0.06, 0.52, 8.65, -0.07, -0.05, 0.01
2021-05-09 16:29:21.532623, 1620566961.5326233, 2.88, 0.78, 9.25, -0.05, -0.08, -0.01, 0.11, 0.5, 8.65, -0.07, -0.07, -0.0
2021-05-09 16:29:21.642668, 1620566961.6426687, 2.9, 0.77, 9.27, -0.05, -0.08, -0.03, 0.08, 0.5, 8.66, -0.08, -0.06, -0.02
2021-05-09 16:29:21.752661, 1620566961.752661, 2.89, 0.73, 9.24, -0.05, -0.07, 0.01, 0.09, 0.48, 8.65, -0.08, -0.07, 0.02
2021-05-09 16:29:21.861897, 1620566961.8618972, 2.89, 0.75, 9.25, -0.04, -0.07, 0.01, 0.06, 0.5, 8.64, -0.07, -0.07, 0.03
2021-05-09 16:29:21.971376, 1620566961.971377, 2.93, 0.74, 9.21, -0.03, -0.07, 0.01, 0.1, 0.49, 8.63, -0.06, -0.07, 0.02
2021-05-09 16:29:22.080940, 1620566962.0809402, 2.92, 0.72, 9.22, -0.03, -0.07, -0.01, 0.08, 0.47, 8.63, -0.06, -0.07, 0.01
2021-05-09 16:29:22.190837, 1620566962.1908379, 2.92, 0.74, 9.25, -0.05, -0.06, -0.04, 0.1, 0.46, 8.67, -0.07, -0.06, -0.02
2021-05-09 16:29:22.299809, 1620566962.2998095, 2.96, 0.71, 9.25, -0.06, -0.07, -0.03, 0.11, 0.52, 8.67, -0.07, -0.08, -0.03
2021-05-09 16:29:22.409118, 1620566962.409118, 2.95, 0.72, 9.23, -0.04, -0.05, -0.01, 0.14, 0.46, 8.63, -0.07, -0.06, 0.0
2021-05-09 16:29:22.519243, 1620566962.519243, 2.94, 0.7, 9.22, -0.04, -0.04, 0.0, 0.11, 0.47, 8.64, -0.07, -0.06, 0.01
2021-05-09 16:29:22.629038, 1620566962.629038, 2.89, 0.66, 9.25, -0.04, -0.05, 0.01, 0.09, 0.42, 8.64, -0.07, -0.07, 0.01
2021-05-09 16:29:22.738395, 1620566962.7383955, 2.87, 0.64, 9.29, -0.04, -0.05, -0.02, 0.1, 0.41, 8.65, -0.06, -0.08, -0.01
2021-05-09 16:29:22.848057, 1620566962.848057, 2.86, 0.69, 9.29, -0.04, -0.07, -0.02, 0.11, 0.43, 8.68, -0.06, -0.09, -0.01
2021-05-09 16:29:22.957540, 1620566962.95754, 2.95, 0.69, 9.24, -0.03, -0.08, -0.02, 0.17, 0.47, 8.63, -0.05, -0.1, -0.01
2021-05-09 16:29:23.066547, 1620566963.0665472, 2.99, 0.69, 9.21, -0.02, -0.07, -0.02, 0.21, 0.45, 8.61, -0.06, -0.07, -0.0
2021-05-09 16:29:23.176693, 1620566963.1766937, 2.93, 0.72, 9.23, -0.03, -0.07, -0.01, 0.19, 0.48, 8.64, -0.06, -0.06, 0.01
2021-05-09 16:29:23.286324, 1620566963.2863245, 2.94, 0.73, 9.21, -0.03, -0.05, 0.0, 0.18, 0.48, 8.67, -0.06, -0.05, 0.01
2021-05-09 16:29:23.396254, 1620566963.3962545, 2.93, 0.72, 9.23, -0.04, -0.06, -0.0, 0.18, 0.5, 8.64, -0.07, -0.06, 0.01
2021-05-09 16:29:23.505442, 1620566963.5054424, 2.9, 0.68, 9.26, -0.04, -0.06, -0.01, 0.16, 0.43, 8.65, -0.07, -0.06, -0.0
2021-05-09 16:29:23.615017, 1620566963.6150174, 2.95, 0.68, 9.22, -0.05, -0.06, -0.02, 0.18, 0.44, 8.63, -0.07, -0.07, -0.01
2021-05-09 16:29:23.724934, 1620566963.7249339, 2.91, 0.69, 9.25, -0.04, -0.06, -0.02, 0.14, 0.44, 8.64, -0.07, -0.06, -0.01
2021-05-09 16:29:23.833584, 1620566963.8335843, 2.87, 0.66, 9.23, -0.03, -0.05, -0.03, 0.1, 0.4, 8.65, -0.07, -0.05, -0.01
2021-05-09 16:29:23.943819, 1620566963.943819, 2.86, 0.68, 9.27, -0.03, -0.05, -0.03, 0.1, 0.43, 8.67, -0.06, -0.05, -0.01
2021-05-09 16:29:24.053341, 1620566964.0533416, 2.9, 0.67, 9.23, -0.03, -0.08, -0.04, 0.12, 0.42, 8.66, -0.05, -0.07, -0.01
2021-05-09 16:29:24.163280, 1620566964.163281, 2.91, 0.71, 9.25, -0.03, -0.07, -0.03, 0.1, 0.52, 8.64, -0.04, -0.06, -0.02
2021-05-09 16:29:24.272773, 1620566964.2727737, 3.01, 0.74, 9.25, -0.02, -0.09, -0.01, 0.14, 0.53, 8.65, -0.04, -0.06, -0.01
2021-05-09 16:29:24.381800, 1620566964.3818007, 2.96, 0.79, 9.25, -0.0, -0.08, -0.01, 0.09, 0.51, 8.65, -0.03, -0.06, 0.02
2021-05-09 16:29:24.491460, 1620566964.4914606, 2.96, 0.76, 9.22, -0.01, -0.07, -0.01, 0.09, 0.56, 8.65, -0.04, -0.07, 0.01
2021-05-09 16:29:24.601230, 1620566964.6012306, 2.98, 0.83, 9.22, -0.02, -0.07, -0.03, 0.1, 0.57, 8.63, -0.04, -0.08, -0.0
2021-05-09 16:29:24.710796, 1620566964.7107966, 2.97, 0.85, 9.25, -0.03, -0.08, -0.03, 0.11, 0.59, 8.66, -0.05, -0.08, -0.02
2021-05-09 16:29:24.819827, 1620566964.8198273, 3.0, 0.84, 9.2, -0.02, -0.08, -0.02, 0.15, 0.61, 8.65, -0.04, -0.08, -0.0
2021-05-09 16:29:24.929230, 1620566964.92923, 3.05, 0.89, 9.19, -0.03, -0.08, -0.02, 0.17, 0.66, 8.64, -0.05, -0.07, -0.0
2021-05-09 16:29:25.039486, 1620566965.0394866, 3.04, 0.88, 9.18, -0.03, -0.06, -0.0, 0.17, 0.66, 8.62, -0.06, -0.07, 0.01
2021-05-09 16:29:25.148312, 1620566965.148312, 3.04, 0.87, 9.2, -0.04, -0.05, 0.0, 0.16, 0.64, 8.64, -0.07, -0.07, 0.01
2021-05-09 16:29:25.258196, 1620566965.2581968, 3.02, 0.85, 9.22, -0.04, -0.04, -0.01, 0.15, 0.62, 8.63, -0.07, -0.04, 0.01
2021-05-09 16:29:25.368059, 1620566965.3680594, 3.01, 0.84, 9.22, -0.04, -0.04, -0.01, 0.14, 0.61, 8.65, -0.07, -0.05, -0.0
2021-05-09 16:29:25.477512, 1620566965.4775121, 2.95, 0.86, 9.24, -0.04, -0.02, 0.0, 0.12, 0.66, 8.69, -0.08, -0.05, 0.01
2021-05-09 16:29:25.587043, 1620566965.5870433, 2.9, 0.82, 9.25, -0.04, -0.03, -0.01, 0.08, 0.61, 8.67, -0.08, -0.06, 0.0
2021-05-09 16:29:25.696644, 1620566965.696644, 2.88, 0.84, 9.26, -0.05, -0.04, -0.01, 0.1, 0.6, 8.66, -0.08, -0.07, 0.0
2021-05-09 16:29:25.805702, 1620566965.8057027, 2.87, 0.8, 9.24, -0.04, -0.05, -0.01, 0.11, 0.56, 8.63, -0.07, -0.07, -0.0
2021-05-09 16:29:25.916148, 1620566965.916148, 2.84, 0.8, 9.25, -0.04, -0.07, -0.02, 0.11, 0.59, 8.65, -0.07, -0.07, -0.01
2021-05-09 16:29:26.025542, 1620566966.0255425, 2.85, 0.84, 9.23, -0.04, -0.07, -0.02, 0.1, 0.6, 8.64, -0.06, -0.08, -0.01
2021-05-09 16:29:26.134633, 1620566966.134633, 2.93, 0.8, 9.22, -0.04, -0.07, -0.02, 0.14, 0.59, 8.64, -0.06, -0.07, -0.0
2021-05-09 16:29:26.243946, 1620566966.243947, 2.86, 0.82, 9.28, -0.03, -0.07, -0.01, 0.12, 0.59, 8.66, -0.06, -0.07, 0.01
2021-05-09 16:29:26.353731, 1620566966.3537312, 2.9, 0.82, 9.26, -0.04, -0.09, -0.01, 0.13, 0.6, 8.67, -0.06, -0.08, 0.0
2021-05-09 16:29:26.463715, 1620566966.4637158, 2.97, 0.82, 9.2, -0.03, -0.07, -0.02, 0.16, 0.6, 8.63, -0.06, -0.07, 0.0
2021-05-09 16:29:26.573294, 1620566966.5732949, 2.96, 0.82, 9.23, -0.04, -0.06, -0.02, 0.18, 0.54, 8.66, -0.07, -0.06, -0.0
2021-05-09 16:29:26.682274, 1620566966.6822748, 2.95, 0.83, 9.22, -0.06, -0.05, 0.0, 0.17, 0.61, 8.65, -0.09, -0.05, 0.0
2021-05-09 16:29:26.792585, 1620566966.792585, 2.87, 0.71, 9.27, -0.04, -0.06, 0.01, 0.1, 0.52, 8.68, -0.08, -0.07, 0.02
2021-05-09 16:29:26.902219, 1620566966.9022198, 2.91, 0.7, 9.27, -0.04, -0.08, -0.02, 0.13, 0.48, 8.67, -0.06, -0.09, -0.0
2021-05-09 16:29:27.011633, 1620566967.0116336, 2.96, 0.79, 9.23, -0.05, -0.08, -0.03, 0.18, 0.57, 8.65, -0.06, -0.08, -0.02
2021-05-09 16:29:27.121180, 1620566967.1211805, 2.97, 0.79, 9.24, -0.06, -0.1, -0.01, 0.18, 0.54, 8.66, -0.08, -0.09, -0.01
2021-05-09 16:29:27.230638, 1620566967.230638, 3.09, 0.66, 9.17, -0.07, -0.06, -0.02, 0.26, 0.5, 8.61, -0.09, -0.07, -0.01
2021-05-09 16:29:27.339729, 1620566967.33973, 3.11, 0.6, 9.19, -0.04, -0.03, -0.03, 0.28, 0.47, 8.62, -0.07, -0.03, -0.02
2021-05-09 16:29:27.450182, 1620566967.450183, 2.95, 0.68, 9.27, -0.02, -0.03, -0.04, 0.17, 0.51, 8.69, -0.05, -0.03, -0.01
2021-05-09 16:29:27.559517, 1620566967.5595174, 2.85, 0.76, 9.3, -0.01, -0.05, -0.02, 0.09, 0.53, 8.69, -0.04, -0.06, 0.01
2021-05-09 16:29:27.668908, 1620566967.6689086, 2.87, 0.77, 9.27, -0.03, -0.1, -0.0, 0.09, 0.51, 8.67, -0.05, -0.09, 0.01
2021-05-09 16:29:27.778665, 1620566967.7786655, 2.99, 0.75, 9.19, -0.04, -0.09, -0.01, 0.17, 0.51, 8.63, -0.07, -0.09, -0.0
2021-05-09 16:29:27.888242, 1620566967.8882427, 3.1, 0.69, 9.17, -0.05, -0.07, -0.01, 0.23, 0.51, 8.62, -0.08, -0.07, -0.0
2021-05-09 16:29:27.998096, 1620566967.998096, 3.01, 0.65, 9.21, -0.05, -0.05, -0.01, 0.19, 0.5, 8.67, -0.08, -0.05, -0.0
2021-05-09 16:29:28.107687, 1620566968.1076877, 2.99, 0.67, 9.22, -0.04, -0.06, -0.03, 0.2, 0.46, 8.66, -0.07, -0.06, -0.0
2021-05-09 16:29:28.217159, 1620566968.2171595, 2.98, 0.68, 9.21, -0.03, -0.06, -0.02, 0.13, 0.48, 8.64, -0.06, -0.06, -0.0
2021-05-09 16:29:28.326404, 1620566968.3264048, 2.97, 0.72, 9.24, -0.03, -0.06, -0.01, 0.13, 0.52, 8.66, -0.06, -0.06, 0.0
2021-05-09 16:29:28.435980, 1620566968.4359803, 2.97, 0.74, 9.24, -0.03, -0.06, -0.02, 0.14, 0.51, 8.65, -0.06, -0.07, -0.0
2021-05-09 16:29:28.545928, 1620566968.5459287, 2.97, 0.72, 9.23, -0.03, -0.07, -0.03, 0.17, 0.49, 8.67, -0.06, -0.08, -0.01
2021-05-09 16:29:28.655061, 1620566968.655062, 3.03, 0.76, 9.17, -0.02, -0.06, -0.02, 0.19, 0.55, 8.62, -0.06, -0.06, 0.0
2021-05-09 16:29:28.764703, 1620566968.7647033, 3.0, 0.78, 9.23, -0.03, -0.06, -0.01, 0.15, 0.52, 8.66, -0.06, -0.06, 0.01
2021-05-09 16:29:28.874509, 1620566968.8745093, 2.98, 0.77, 9.25, -0.03, -0.07, -0.01, 0.16, 0.55, 8.68, -0.06, -0.08, 0.0
2021-05-09 16:29:28.984132, 1620566968.984132, 3.01, 0.74, 9.2, -0.04, -0.07, -0.02, 0.19, 0.51, 8.65, -0.06, -0.08, -0.01
2021-05-09 16:29:29.093658, 1620566969.0936584, 3.04, 0.76, 9.2, -0.04, -0.07, -0.02, 0.2, 0.54, 8.63, -0.06, -0.07, -0.01
2021-05-09 16:29:29.203011, 1620566969.203011, 3.04, 0.76, 9.21, -0.04, -0.06, -0.01, 0.2, 0.56, 8.66, -0.07, -0.06, -0.0
2021-05-09 16:29:29.312120, 1620566969.312121, 3.04, 0.75, 9.21, -0.03, -0.05, -0.01, 0.19, 0.54, 8.63, -0.07, -0.06, 0.0
2021-05-09 16:29:29.421826, 1620566969.4218261, 3.0, 0.78, 9.22, -0.03, -0.04, -0.0, 0.15, 0.53, 8.64, -0.07, -0.05, 0.01
2021-05-09 16:29:29.531731, 1620566969.5317316, 2.99, 0.73, 9.19, -0.04, -0.06, -0.01, 0.16, 0.5, 8.64, -0.07, -0.06, 0.0
2021-05-09 16:29:29.641567, 1620566969.6415677, 2.98, 0.74, 9.2, -0.04, -0.04, -0.02, 0.16, 0.48, 8.64, -0.07, -0.05, -0.01
2021-05-09 16:29:29.751203, 1620566969.7512033, 2.98, 0.73, 9.24, -0.04, -0.06, -0.03, 0.14, 0.49, 8.65, -0.07, -0.07, -0.01
2021-05-09 16:29:29.860720, 1620566969.8607206, 2.96, 0.74, 9.23, -0.04, -0.08, -0.02, 0.14, 0.5, 8.66, -0.06, -0.08, -0.0
2021-05-09 16:29:29.969324, 1620566969.9693248, 3.0, 0.72, 9.24, -0.03, -0.07, -0.01, 0.16, 0.51, 8.65, -0.06, -0.08, 0.0
2021-05-09 16:29:30.078779, 1620566970.0787795, 2.98, 0.75, 9.23, -0.03, -0.09, -0.01, 0.17, 0.5, 8.66, -0.06, -0.08, 0.01
2021-05-09 16:29:30.189045, 1620566970.1890452, 3.02, 0.73, 9.23, -0.04, -0.11, -0.0, 0.19, 0.5, 8.67, -0.06, -0.09, 0.02
2021-05-09 16:29:30.298636, 1620566970.298637, 3.17, 0.72, 9.12, -0.04, -0.12, -0.01, 0.27, 0.48, 8.61, -0.07, -0.1, 0.01
2021-05-09 16:29:30.407654, 1620566970.407655, 3.1, 0.73, 9.22, -0.04, -0.07, -0.01, 0.23, 0.51, 8.69, -0.07, -0.07, 0.02
2021-05-09 16:29:30.518050, 1620566970.51805, 3.2, 0.68, 9.15, -0.04, -0.1, -0.01, 0.27, 0.43, 8.61, -0.07, -0.07, 0.02
2021-05-09 16:29:30.626715, 1620566970.6267157, 3.27, 0.72, 9.1, -0.04, -0.07, -0.02, 0.28, 0.46, 8.6, -0.07, -0.06, 0.01
2021-05-09 16:29:30.737287, 1620566970.7372878, 3.22, 0.7, 9.13, -0.05, -0.07, -0.02, 0.26, 0.46, 8.62, -0.07, -0.06, -0.01
2021-05-09 16:29:30.846716, 1620566970.8467164, 3.23, 0.71, 9.13, -0.05, -0.07, -0.02, 0.23, 0.47, 8.63, -0.08, -0.07, -0.02
2021-05-09 16:29:30.956311, 1620566970.9563117, 3.24, 0.69, 9.17, -0.04, -0.07, -0.01, 0.22, 0.47, 8.65, -0.07, -0.06, -0.01
2021-05-09 16:29:31.065835, 1620566971.0658357, 3.21, 0.67, 9.16, -0.03, -0.07, -0.01, 0.24, 0.46, 8.66, -0.06, -0.07, -0.0
2021-05-09 16:29:31.175635, 1620566971.175635, 3.26, 0.69, 9.15, -0.02, -0.07, -0.02, 0.25, 0.46, 8.66, -0.05, -0.07, -0.0
2021-05-09 16:29:31.285156, 1620566971.285156, 3.3, 0.7, 9.11, -0.03, -0.08, -0.02, 0.28, 0.47, 8.65, -0.06, -0.08, -0.01
2021-05-09 16:29:31.394280, 1620566971.3942804, 3.31, 0.73, 9.14, -0.03, -0.08, -0.03, 0.28, 0.49, 8.67, -0.05, -0.07, -0.02
2021-05-09 16:29:31.503929, 1620566971.5039294, 3.26, 0.74, 9.18, -0.03, -0.11, -0.02, 0.25, 0.51, 8.71, -0.06, -0.08, -0.01
2021-05-09 16:29:31.613919, 1620566971.6139195, 3.42, 0.7, 9.11, -0.03, -0.1, -0.02, 0.35, 0.51, 8.65, -0.06, -0.1, -0.01
2021-05-09 16:29:31.723361, 1620566971.7233613, 3.44, 0.72, 9.09, -0.03, -0.11, -0.01, 0.35, 0.51, 8.64, -0.05, -0.09, 0.0
2021-05-09 16:29:31.832324, 1620566971.832324, 3.49, 0.79, 9.03, -0.03, -0.08, -0.02, 0.41, 0.54, 8.62, -0.05, -0.08, -0.0
2021-05-09 16:29:31.942067, 1620566971.9420671, 3.45, 0.77, 9.08, -0.04, -0.08, -0.01, 0.35, 0.55, 8.67, -0.07, -0.07, -0.0
2021-05-09 16:29:32.051710, 1620566972.0517106, 3.51, 0.74, 9.06, -0.04, -0.09, -0.01, 0.42, 0.51, 8.65, -0.07, -0.08, -0.0
2021-05-09 16:29:32.161751, 1620566972.1617517, 3.49, 0.74, 9.11, -0.04, -0.08, -0.01, 0.36, 0.53, 8.7, -0.07, -0.08, -0.0
2021-05-09 16:29:32.270562, 1620566972.270562, 3.51, 0.73, 9.07, -0.03, -0.11, -0.01, 0.41, 0.51, 8.67, -0.06, -0.12, 0.0
2021-05-09 16:29:32.380924, 1620566972.3809242, 3.58, 0.74, 9.06, -0.03, -0.11, 0.0, 0.48, 0.5, 8.71, -0.06, -0.14, 0.01
2021-05-09 16:29:32.490743, 1620566972.4907436, 3.61, 0.73, 9.04, -0.04, -0.12, -0.01, 0.56, 0.55, 8.66, -0.05, -0.15, -0.0
2021-05-09 16:29:32.599767, 1620566972.599767, 3.68, 0.75, 8.97, -0.04, -0.13, -0.0, 0.67, 0.58, 8.64, -0.06, -0.16, -0.0
2021-05-09 16:29:32.709852, 1620566972.7098522, 3.73, 0.74, 9.04, -0.04, -0.1, -0.03, 0.69, 0.54, 8.71, -0.06, -0.15, -0.01
2021-05-09 16:29:32.819312, 1620566972.8193128, 3.82, 0.78, 8.94, -0.05, -0.14, -0.03, 0.89, 0.59, 8.65, -0.06, -0.18, -0.02
2021-05-09 16:29:32.928837, 1620566972.928837, 3.94, 0.74, 8.85, -0.04, -0.14, 0.01, 1.07, 0.59, 8.58, -0.07, -0.2, 0.01
2021-05-09 16:29:33.037679, 1620566973.0376792, 4.03, 0.71, 8.84, -0.04, -0.15, 0.01, 1.19, 0.54, 8.59, -0.06, -0.18, 0.01
2021-05-09 16:29:33.147832, 1620566973.1478326, 4.03, 0.69, 8.85, -0.03, -0.14, -0.01, 1.22, 0.54, 8.61, -0.05, -0.16, 0.01
2021-05-09 16:29:33.257296, 1620566973.2572966, 4.15, 0.68, 8.85, -0.05, -0.17, -0.03, 1.39, 0.55, 8.65, -0.05, -0.19, -0.01
2021-05-09 16:29:33.367169, 1620566973.3671691, 4.27, 0.68, 8.77, -0.04, -0.2, -0.01, 1.56, 0.59, 8.59, -0.06, -0.23, 0.01
2021-05-09 16:29:33.476809, 1620566973.4768093, 4.5, 0.66, 8.64, -0.04, -0.21, 0.01, 1.75, 0.54, 8.54, -0.07, -0.23, 0.03
2021-05-09 16:29:33.586350, 1620566973.5863504, 4.62, 0.62, 8.59, -0.04, -0.21, 0.02, 1.96, 0.55, 8.53, -0.07, -0.23, 0.03
2021-05-09 16:29:33.695880, 1620566973.6958807, 4.81, 0.59, 8.47, -0.05, -0.2, 0.0, 2.13, 0.5, 8.46, -0.07, -0.22, 0.01
2021-05-09 16:29:33.805611, 1620566973.8056118, 4.95, 0.57, 8.44, -0.05, -0.19, -0.0, 2.32, 0.53, 8.47, -0.06, -0.21, 0.01
2021-05-09 16:29:33.914534, 1620566973.9145343, 5.08, 0.6, 8.35, -0.03, -0.21, 0.01, 2.5, 0.54, 8.42, -0.06, -0.24, 0.02
2021-05-09 16:29:34.024705, 1620566974.0247056, 5.19, 0.56, 8.31, -0.04, -0.17, 0.0, 2.62, 0.51, 8.41, -0.06, -0.2, 0.01
2021-05-09 16:29:34.134328, 1620566974.1343284, 5.23, 0.52, 8.24, -0.04, -0.17, -0.01, 2.75, 0.47, 8.33, -0.06, -0.2, 0.0
2021-05-09 16:29:34.243799, 1620566974.243799, 5.3, 0.53, 8.21, -0.05, -0.18, -0.02, 2.88, 0.52, 8.34, -0.06, -0.21, -0.0
2021-05-09 16:29:34.353380, 1620566974.3533807, 5.45, 0.55, 8.12, -0.05, -0.21, -0.02, 3.07, 0.54, 8.28, -0.06, -0.24, -0.01
2021-05-09 16:29:34.463110, 1620566974.463111, 5.63, 0.55, 8.01, -0.04, -0.2, -0.0, 3.27, 0.58, 8.22, -0.06, -0.23, 0.01
2021-05-09 16:29:34.572550, 1620566974.57255, 5.73, 0.56, 7.98, -0.03, -0.2, 0.0, 3.42, 0.59, 8.18, -0.05, -0.22, 0.02
2021-05-09 16:29:34.682089, 1620566974.6820898, 5.86, 0.56, 7.83, -0.04, -0.2, 0.0, 3.57, 0.59, 8.08, -0.06, -0.23, 0.02
2021-05-09 16:29:34.792024, 1620566974.7920241, 5.99, 0.64, 7.86, -0.03, -0.25, 0.01, 3.78, 0.65, 8.23, -0.06, -0.22, 0.05
2021-05-09 16:29:34.901276, 1620566974.9012768, 6.17, 0.51, 7.63, -0.03, -0.2, -0.02, 3.9, 0.54, 8.02, -0.07, -0.19, 0.03
2021-05-09 16:29:35.010269, 1620566975.0102694, 6.26, 0.51, 7.56, -0.05, -0.21, -0.03, 4.08, 0.6, 7.95, -0.06, -0.18, -0.0
2021-05-09 16:29:35.120425, 1620566975.1204257, 6.45, 0.54, 7.39, -0.04, -0.19, -0.01, 4.09, 0.57, 7.82, -0.06, -0.17, 0.01
2021-05-09 16:29:35.230021, 1620566975.2300217, 6.51, 0.6, 7.4, -0.03, -0.16, 0.03, 4.25, 0.59, 7.87, -0.07, -0.19, 0.05
2021-05-09 16:29:35.338944, 1620566975.338944, 6.59, 0.45, 7.45, -0.05, -0.18, 0.01, 4.39, 0.45, 7.96, -0.07, -0.2, 0.02
2021-05-09 16:29:35.449165, 1620566975.4491653, 6.63, 0.47, 7.27, -0.04, -0.18, 0.02, 4.44, 0.48, 7.77, -0.07, -0.18, 0.03
2021-05-09 16:29:35.558342, 1620566975.558343, 6.69, 0.34, 7.21, -0.04, -0.18, 0.02, 4.55, 0.39, 7.74, -0.07, -0.18, 0.03
2021-05-09 16:29:35.667787, 1620566975.6677876, 6.84, 0.3, 7.1, -0.01, -0.18, 0.02, 4.62, 0.42, 7.63, -0.04, -0.19, 0.01
2021-05-09 16:29:35.778070, 1620566975.7780704, 6.95, 0.46, 6.96, -0.03, -0.2, -0.02, 4.89, 0.54, 7.55, -0.05, -0.19, -0.0
2021-05-09 16:29:35.887477, 1620566975.8874779, 7.07, 0.44, 6.84, -0.02, -0.2, 0.02, 4.91, 0.45, 7.46, -0.05, -0.21, 0.04
2021-05-09 16:29:35.997419, 1620566975.9974198, 7.15, 0.34, 6.79, -0.02, -0.14, -0.01, 5.03, 0.41, 7.41, -0.04, -0.18, -0.0
2021-05-09 16:29:36.106894, 1620566976.1068945, 7.25, 0.44, 6.76, -0.04, -0.14, -0.01, 5.26, 0.57, 7.41, -0.06, -0.17, 0.0
2021-05-09 16:29:36.216166, 1620566976.216167, 7.24, 0.42, 6.69, -0.03, -0.16, 0.04, 5.25, 0.48, 7.33, -0.07, -0.17, 0.05
2021-05-09 16:29:36.326245, 1620566976.3262458, 7.29, 0.23, 6.65, -0.04, -0.16, 0.03, 5.36, 0.33, 7.32, -0.07, -0.19, 0.03
2021-05-09 16:29:36.435092, 1620566976.435093, 7.42, 0.27, 6.56, -0.03, -0.15, -0.0, 5.51, 0.38, 7.2, -0.05, -0.2, 0.01
2021-05-09 16:29:36.545320, 1620566976.5453203, 7.48, 0.3, 6.51, -0.03, -0.15, 0.01, 5.69, 0.4, 7.18, -0.06, -0.2, 0.02
2021-05-09 16:29:36.654695, 1620566976.6546957, 7.61, 0.2, 6.42, -0.04, -0.15, 0.01, 5.79, 0.36, 7.05, -0.06, -0.22, 0.01
2021-05-09 16:29:36.763774, 1620566976.763774, 7.62, 0.28, 6.36, -0.03, -0.17, -0.01, 5.92, 0.43, 6.98, -0.05, -0.21, -0.01
2021-05-09 16:29:36.874079, 1620566976.8740797, 7.67, 0.25, 6.24, -0.03, -0.18, 0.0, 6.04, 0.41, 6.84, -0.06, -0.21, 0.02
2021-05-09 16:29:36.983671, 1620566976.9836712, 7.83, 0.27, 6.15, -0.03, -0.19, 0.01, 6.23, 0.43, 6.78, -0.06, -0.21, 0.03
2021-05-09 16:29:37.093007, 1620566977.0930076, 7.91, 0.26, 5.93, -0.04, -0.17, 0.0, 6.3, 0.4, 6.56, -0.06, -0.2, 0.01
2021-05-09 16:29:37.202597, 1620566977.2025976, 7.95, 0.26, 5.92, -0.04, -0.17, 0.01, 6.45, 0.45, 6.58, -0.06, -0.2, 0.02
2021-05-09 16:29:37.312270, 1620566977.3122709, 8.04, 0.19, 5.84, -0.04, -0.16, 0.02, 6.56, 0.38, 6.5, -0.07, -0.18, 0.03
2021-05-09 16:29:37.421771, 1620566977.4217718, 8.09, 0.14, 5.71, -0.04, -0.13, 0.01, 6.58, 0.36, 6.38, -0.07, -0.16, 0.02
2021-05-09 16:29:37.531426, 1620566977.5314262, 8.04, 0.14, 5.83, -0.03, -0.12, -0.01, 6.7, 0.31, 6.47, -0.06, -0.15, 0.0
2021-05-09 16:29:37.641028, 1620566977.6410286, 8.18, 0.16, 5.72, -0.04, -0.14, -0.01, 6.78, 0.36, 6.36, -0.07, -0.17, 0.01
2021-05-09 16:29:37.750557, 1620566977.7505572, 8.1, 0.11, 5.65, -0.04, -0.15, 0.01, 6.77, 0.34, 6.27, -0.07, -0.17, 0.02
2021-05-09 16:29:37.859557, 1620566977.8595574, 8.21, 0.07, 5.57, -0.04, -0.17, 0.01, 6.92, 0.27, 6.19, -0.06, -0.19, 0.02
2021-05-09 16:29:37.969657, 1620566977.9696577, 8.31, 0.09, 5.43, -0.04, -0.18, 0.0, 6.99, 0.31, 6.05, -0.06, -0.2, 0.01
2021-05-09 16:29:38.078802, 1620566978.0788023, 8.37, 0.07, 5.36, -0.04, -0.16, 0.01, 7.08, 0.3, 6.0, -0.06, -0.18, 0.02
2021-05-09 16:29:38.188245, 1620566978.1882455, 8.47, 0.05, 5.26, -0.04, -0.14, -0.0, 7.22, 0.31, 5.9, -0.06, -0.17, 0.0
2021-05-09 16:29:38.298423, 1620566978.2984238, 8.47, 0.07, 5.24, -0.04, -0.13, -0.02, 7.3, 0.28, 5.84, -0.06, -0.17, -0.01
2021-05-09 16:29:38.408175, 1620566978.408175, 8.52, 0.07, 5.15, -0.05, -0.14, -0.01, 7.41, 0.34, 5.74, -0.06, -0.18, -0.0
2021-05-09 16:29:38.517808, 1620566978.517809, 8.63, 0.01, 5.04, -0.05, -0.16, -0.0, 7.52, 0.33, 5.61, -0.07, -0.19, -0.0
2021-05-09 16:29:38.627494, 1620566978.6274946, 8.6, 0.04, 4.98, -0.06, -0.16, -0.01, 7.6, 0.33, 5.54, -0.08, -0.19, -0.01
2021-05-09 16:29:38.736136, 1620566978.7361367, 8.73, -0.05, 4.82, -0.05, -0.16, 0.01, 7.69, 0.3, 5.39, -0.08, -0.2, 0.01
2021-05-09 16:29:38.846464, 1620566978.846464, 8.78, -0.0, 4.73, -0.05, -0.15, -0.02, 7.85, 0.32, 5.29, -0.07, -0.18, -0.01
2021-05-09 16:29:38.955263, 1620566978.9552634, 8.94, -0.03, 4.6, -0.04, -0.16, 0.01, 7.98, 0.32, 5.17, -0.06, -0.16, 0.02
2021-05-09 16:29:39.065434, 1620566979.065435, 8.97, -0.08, 4.52, -0.03, -0.12, 0.01, 7.99, 0.26, 5.08, -0.06, -0.13, 0.02
2021-05-09 16:29:39.174848, 1620566979.1748488, 9.12, -0.12, 4.53, -0.0, -0.07, 0.01, 8.1, 0.27, 5.1, -0.04, -0.06, 0.01
2021-05-09 16:29:39.284406, 1620566979.284407, 9.12, -0.13, 4.55, -0.02, 0.01, -0.05, 8.09, 0.21, 5.15, -0.05, 0.01, -0.03
2021-05-09 16:29:39.394141, 1620566979.3941417, 8.93, -0.01, 4.72, -0.04, 0.08, -0.03, 7.92, 0.35, 5.27, -0.07, 0.08, -0.02
2021-05-09 16:29:39.503816, 1620566979.5038164, 8.87, -0.08, 4.8, -0.03, 0.11, -0.02, 7.84, 0.27, 5.35, -0.08, 0.12, -0.01
2021-05-09 16:29:39.613318, 1620566979.613319, 8.74, -0.06, 4.98, -0.04, 0.13, -0.07, 7.67, 0.3, 5.54, -0.07, 0.15, -0.07
2021-05-09 16:29:39.722391, 1620566979.7223918, 8.45, 0.02, 5.11, -0.03, 0.15, -0.06, 7.38, 0.36, 5.65, -0.07, 0.17, -0.06
2021-05-09 16:29:39.832468, 1620566979.832469, 8.47, 0.03, 5.34, -0.03, 0.16, -0.07, 7.3, 0.39, 5.88, -0.07, 0.18, -0.06
2021-05-09 16:29:39.941579, 1620566979.9415796, 8.28, 0.19, 5.57, -0.02, 0.15, -0.06, 7.09, 0.49, 6.1, -0.07, 0.2, -0.04
2021-05-09 16:29:40.051325, 1620566980.051325, 8.0, 0.21, 5.68, -0.02, 0.12, -0.02, 6.68, 0.51, 6.23, -0.07, 0.17, -0.01
2021-05-09 16:29:40.160674, 1620566980.1606746, 7.89, 0.22, 5.9, -0.03, 0.15, -0.04, 6.49, 0.5, 6.44, -0.08, 0.18, -0.02
2021-05-09 16:29:40.270804, 1620566980.2708044, 7.78, 0.27, 6.11, -0.03, 0.13, -0.02, 6.34, 0.53, 6.63, -0.07, 0.16, 0.01
2021-05-09 16:29:40.379791, 1620566980.379791, 7.62, 0.19, 6.28, -0.03, 0.15, -0.03, 6.11, 0.4, 6.79, -0.07, 0.17, -0.01
2021-05-09 16:29:40.490181, 1620566980.4901812, 7.53, 0.22, 6.45, -0.02, 0.16, -0.04, 5.95, 0.51, 6.95, -0.06, 0.19, -0.01
2021-05-09 16:29:40.599777, 1620566980.599777, 7.24, 0.29, 6.66, -0.01, 0.18, -0.01, 5.58, 0.41, 7.08, -0.07, 0.2, 0.02
2021-05-09 16:29:40.709124, 1620566980.7091246, 7.13, 0.23, 6.84, -0.03, 0.14, -0.02, 5.48, 0.37, 7.28, -0.07, 0.17, -0.01
2021-05-09 16:29:40.818701, 1620566980.818701, 7.1, 0.28, 6.98, -0.02, 0.15, -0.05, 5.31, 0.4, 7.38, -0.06, 0.18, -0.03
2021-05-09 16:29:40.927759, 1620566980.9277592, 6.88, 0.3, 7.05, -0.02, 0.17, -0.05, 4.99, 0.47, 7.44, -0.07, 0.21, -0.03
2021-05-09 16:29:41.038008, 1620566981.038009, 6.66, 0.38, 7.29, -0.01, 0.21, -0.07, 4.74, 0.5, 7.66, -0.05, 0.24, -0.05
2021-05-09 16:29:41.147672, 1620566981.147673, 6.37, 0.51, 7.45, -0.01, 0.21, -0.07, 4.4, 0.6, 7.76, -0.05, 0.25, -0.04
2021-05-09 16:29:41.257282, 1620566981.2572825, 6.1, 0.51, 7.64, 0.0, 0.21, -0.04, 4.05, 0.53, 7.92, -0.05, 0.25, -0.01
2021-05-09 16:29:41.366142, 1620566981.366143, 5.93, 0.6, 7.79, 0.0, 0.2, -0.05, 3.79, 0.62, 7.96, -0.05, 0.24, -0.02
2021-05-09 16:29:41.476531, 1620566981.476531, 5.65, 0.67, 7.96, -0.0, 0.2, -0.05, 3.43, 0.62, 8.12, -0.05, 0.24, -0.02
2021-05-09 16:29:41.585923, 1620566981.585923, 5.44, 0.71, 8.09, -0.01, 0.19, -0.05, 3.15, 0.67, 8.23, -0.05, 0.24, -0.02
2021-05-09 16:29:41.695499, 1620566981.6954997, 5.21, 0.67, 8.24, -0.02, 0.19, -0.04, 2.84, 0.61, 8.34, -0.06, 0.23, -0.02
2021-05-09 16:29:41.805033, 1620566981.8050334, 4.9, 0.71, 8.4, -0.03, 0.17, -0.05, 2.49, 0.59, 8.39, -0.06, 0.19, -0.03
2021-05-09 16:29:41.914640, 1620566981.9146404, 4.67, 0.75, 8.6, -0.02, 0.14, -0.06, 2.21, 0.65, 8.55, -0.05, 0.16, -0.04
2021-05-09 16:29:42.024240, 1620566982.0242405, 4.53, 0.77, 8.63, -0.03, 0.12, -0.06, 2.04, 0.66, 8.5, -0.05, 0.12, -0.05
2021-05-09 16:29:42.133310, 1620566982.1333103, 4.38, 0.79, 8.71, -0.03, 0.12, -0.05, 1.85, 0.66, 8.56, -0.06, 0.11, -0.04
2021-05-09 16:29:42.243404, 1620566982.2434042, 4.23, 0.87, 8.76, -0.05, 0.11, -0.07, 1.66, 0.75, 8.55, -0.07, 0.11, -0.07
2021-05-09 16:29:42.352981, 1620566982.352982, 3.94, 0.91, 8.91, -0.05, 0.08, -0.07, 1.4, 0.75, 8.62, -0.07, 0.07, -0.06
2021-05-09 16:29:42.462586, 1620566982.4625866, 3.93, 0.8, 8.9, -0.05, 0.06, -0.07, 1.39, 0.64, 8.66, -0.08, 0.03, -0.04
2021-05-09 16:29:42.572132, 1620566982.572132, 3.81, 0.82, 8.95, -0.05, 0.06, -0.07, 1.25, 0.65, 8.6, -0.07, 0.04, -0.05
2021-05-09 16:29:42.681705, 1620566982.6817057, 3.76, 0.83, 8.94, -0.05, 0.07, -0.03, 1.18, 0.71, 8.55, -0.08, 0.05, -0.02
2021-05-09 16:29:42.790650, 1620566982.7906506, 3.63, 0.82, 8.99, -0.04, 0.1, -0.02, 1.05, 0.64, 8.6, -0.09, 0.09, 0.01
2021-05-09 16:29:42.901097, 1620566982.9010973, 3.47, 0.83, 9.01, -0.05, 0.1, -0.05, 0.9, 0.63, 8.56, -0.08, 0.11, -0.03
2021-05-09 16:29:43.010645, 1620566983.0106454, 3.23, 0.77, 9.13, -0.04, 0.12, -0.06, 0.65, 0.6, 8.63, -0.07, 0.13, -0.02
2021-05-09 16:29:43.120021, 1620566983.120022, 3.0, 0.84, 9.2, -0.03, 0.12, -0.04, 0.38, 0.61, 8.64, -0.06, 0.14, -0.01
2021-05-09 16:29:43.229088, 1620566983.2290888, 2.85, 0.89, 9.22, -0.02, 0.12, -0.03, 0.23, 0.68, 8.61, -0.05, 0.14, -0.0
2021-05-09 16:29:43.339158, 1620566983.3391588, 2.67, 0.86, 9.25, -0.01, 0.13, -0.01, -0.02, 0.63, 8.57, -0.06, 0.13, 0.01
2021-05-09 16:29:43.448693, 1620566983.4486935, 2.36, 0.91, 9.36, -0.01, 0.13, -0.02, -0.27, 0.64, 8.62, -0.05, 0.13, -0.01
2021-05-09 16:29:43.558741, 1620566983.5587413, 2.13, 0.96, 9.49, -0.01, 0.11, -0.03, -0.51, 0.64, 8.67, -0.05, 0.11, -0.0
2021-05-09 16:29:43.667922, 1620566983.6679227, 2.0, 0.93, 9.48, -0.01, 0.1, -0.01, -0.64, 0.63, 8.64, -0.05, 0.08, 0.01
2021-05-09 16:29:43.777913, 1620566983.7779133, 1.91, 0.96, 9.41, -0.03, 0.09, -0.03, -0.72, 0.62, 8.53, -0.07, 0.06, -0.01
2021-05-09 16:29:43.887457, 1620566983.8874574, 1.81, 0.98, 9.4, -0.03, 0.12, -0.03, -0.84, 0.64, 8.5, -0.07, 0.09, -0.02
2021-05-09 16:29:43.996937, 1620566983.9969373, 1.53, 0.96, 9.48, -0.04, 0.13, -0.03, -1.04, 0.6, 8.52, -0.08, 0.09, -0.01
2021-05-09 16:29:44.106416, 1620566984.1064165, 1.33, 0.96, 9.52, -0.03, 0.12, -0.04, -1.22, 0.58, 8.48, -0.07, 0.06, -0.02
2021-05-09 16:29:44.215967, 1620566984.215967, 1.08, 0.95, 9.53, -0.03, 0.11, -0.04, -1.42, 0.58, 8.46, -0.06, 0.06, -0.02
2021-05-09 16:29:44.325835, 1620566984.3258355, 0.89, 0.98, 9.55, -0.01, 0.09, -0.04, -1.54, 0.59, 8.44, -0.05, 0.06, -0.02
2021-05-09 16:29:44.434947, 1620566984.4349473, 0.8, 1.01, 9.52, -0.01, 0.12, -0.04, -1.71, 0.55, 8.35, -0.05, 0.1, -0.02
2021-05-09 16:29:44.544837, 1620566984.5448372, 0.47, 1.08, 9.64, -0.03, 0.09, -0.07, -1.91, 0.63, 8.45, -0.05, 0.08, -0.05
2021-05-09 16:29:44.654273, 1620566984.6542735, 0.31, 1.07, 9.66, -0.03, 0.1, -0.07, -2.13, 0.59, 8.4, -0.06, 0.08, -0.05
2021-05-09 16:29:44.764050, 1620566984.7640507, 0.15, 1.1, 9.67, -0.02, 0.02, -0.06, -2.2, 0.64, 8.37, -0.04, 0.0, -0.04
2021-05-09 16:29:44.873773, 1620566984.8737738, 0.21, 1.09, 9.53, -0.02, 0.03, -0.06, -2.26, 0.62, 8.23, -0.05, 0.04, -0.03
2021-05-09 16:29:44.983296, 1620566984.9832964, -0.05, 1.14, 9.66, -0.02, -0.0, -0.06, -2.36, 0.65, 8.31, -0.04, -0.01, -0.04
2021-05-09 16:29:45.092855, 1620566985.0928555, -0.26, 1.16, 9.91, -0.03, -0.08, -0.03, -2.56, 0.68, 8.5, -0.06, -0.05, -0.0
2021-05-09 16:29:45.202453, 1620566985.2024536, -0.0, 1.19, 9.76, -0.04, -0.17, -0.0, -2.43, 0.69, 8.38, -0.06, -0.14, 0.02
2021-05-09 16:29:45.312320, 1620566985.3123202, 0.2, 1.15, 9.66, -0.06, -0.24, 0.0, -2.28, 0.71, 8.28, -0.07, -0.16, 0.02
2021-05-09 16:29:45.421780, 1620566985.421781, 0.32, 1.13, 9.7, -0.07, -0.23, -0.01, -2.26, 0.64, 8.37, -0.07, -0.22, 0.01
2021-05-09 16:29:45.531494, 1620566985.5314944, 0.85, 1.02, 9.52, -0.07, -0.3, 0.02, -1.82, 0.64, 8.33, -0.09, -0.26, 0.02
2021-05-09 16:29:45.640954, 1620566985.640955, 0.77, 0.97, 9.68, -0.08, -0.35, 0.01, -1.7, 0.56, 8.55, -0.09, -0.29, 0.01
2021-05-09 16:29:45.750416, 1620566985.7504168, 1.22, 0.91, 9.51, -0.08, -0.32, -0.0, -1.48, 0.57, 8.45, -0.08, -0.31, 0.01
2021-05-09 16:29:45.860302, 1620566985.860303, 1.54, 0.86, 9.43, -0.07, -0.28, -0.02, -1.19, 0.54, 8.44, -0.08, -0.27, -0.02
2021-05-09 16:29:45.969648, 1620566985.9696484, 1.58, 0.84, 9.59, -0.07, -0.34, -0.02, -0.94, 0.53, 8.65, -0.07, -0.3, -0.02
2021-05-09 16:29:46.079457, 1620566986.0794578, 1.8, 0.88, 9.59, -0.05, -0.45, -0.03, -0.8, 0.62, 8.71, -0.04, -0.37, -0.05
2021-05-09 16:29:46.189188, 1620566986.189188, 2.87, 0.76, 9.18, -0.08, -0.37, -0.07, -0.28, 0.4, 8.48, -0.07, -0.38, -0.06
2021-05-09 16:29:46.298773, 1620566986.2987738, 2.75, 0.91, 9.21, -0.06, -0.39, -0.01, -0.01, 0.71, 8.56, -0.03, -0.34, -0.06
2021-05-09 16:29:46.408416, 1620566986.4084163, 3.43, 0.49, 8.91, -0.02, -0.15, -0.03, 0.14, 0.23, 8.42, -0.05, -0.16, -0.04
2021-05-09 16:29:46.517817, 1620566986.5178175, 3.26, 1.14, 9.22, -0.05, -0.46, -0.03, 0.41, 0.86, 8.83, -0.04, -0.4, -0.08
2021-05-09 16:29:46.627157, 1620566986.6271574, 2.95, 0.62, 9.18, -0.02, -0.21, 0.01, 0.6, 0.33, 8.67, -0.05, -0.18, 0.02
2021-05-09 16:29:46.736964, 1620566986.736965, 4.09, 0.96, 9.0, -0.04, -0.44, 0.0, 0.74, 0.85, 8.79, -0.06, -0.49, -0.01
2021-05-09 16:29:46.846653, 1620566986.8466532, 3.65, 0.71, 8.71, -0.03, -0.22, -0.02, 1.35, 0.53, 8.46, -0.02, -0.16, 0.03
2021-05-09 16:29:46.956355, 1620566986.956355, 4.8, 0.88, 8.69, -0.02, -0.34, 0.01, 1.22, 0.89, 8.55, -0.06, -0.37, 0.0
2021-05-09 16:29:47.065798, 1620566987.0657983, 4.11, 0.78, 8.64, -0.03, -0.29, 0.02, 1.68, 0.71, 8.42, -0.03, -0.22, 0.04
2021-05-09 16:29:47.175645, 1620566987.175645, 4.94, 1.04, 8.68, -0.08, -0.51, 0.06, 1.64, 0.89, 8.77, -0.1, -0.46, -0.0
2021-05-09 16:29:47.284738, 1620566987.2847383, 5.19, 0.48, 7.98, -0.02, -0.29, 0.0, 2.35, 0.53, 8.09, -0.02, -0.15, 0.12
2021-05-09 16:29:47.394720, 1620566987.3947208, 5.5, 1.0, 8.08, -0.05, -0.39, -0.05, 2.39, 0.85, 8.47, -0.04, -0.36, -0.12
2021-05-09 16:29:47.503560, 1620566987.5035608, 5.75, 0.52, 7.83, -0.03, -0.14, -0.0, 2.76, 0.66, 8.13, -0.05, -0.0, 0.05
2021-05-09 16:29:47.613788, 1620566987.6137884, 5.63, 0.9, 7.97, -0.05, -0.12, -0.08, 2.53, 0.81, 8.49, -0.06, -0.1, -0.12
2021-05-09 16:29:47.722728, 1620566987.722729, 6.13, 0.7, 7.94, -0.05, 0.06, 0.06, 2.35, 0.85, 8.24, -0.12, 0.03, 0.04
2021-05-09 16:29:47.832308, 1620566987.832309, 5.77, 0.56, 7.78, 0.03, 0.1, 0.01, 2.58, 0.67, 8.25, -0.04, 0.24, 0.02
2021-05-09 16:29:47.942578, 1620566987.9425788, 4.99, 0.87, 8.5, -0.03, 0.18, -0.05, 1.63, 0.74, 8.73, -0.09, 0.19, -0.02
2021-05-09 16:29:48.052322, 1620566988.0523226, 5.07, 0.84, 8.34, -0.01, -0.01, 0.03, 1.81, 0.76, 8.58, -0.06, -0.01, 0.07
2021-05-09 16:29:48.161577, 1620566988.1615775, 5.23, 0.82, 8.28, 0.0, -0.19, 0.06, 1.78, 0.71, 8.5, -0.05, -0.21, 0.07
2021-05-09 16:29:48.271230, 1620566988.27123, 5.57, 0.68, 7.9, -0.02, 0.08, 0.05, 2.23, 0.64, 8.18, -0.06, -0.1, 0.07
2021-05-09 16:29:48.380812, 1620566988.380812, 5.14, 0.75, 8.35, 0.02, 0.01, 0.04, 1.99, 0.8, 8.55, -0.02, -0.08, 0.13
2021-05-09 16:29:48.490217, 1620566988.4902172, 5.32, 0.85, 8.16, -0.0, 0.06, 0.03, 2.21, 0.74, 8.4, -0.04, -0.03, 0.07
2021-05-09 16:29:48.599327, 1620566988.599327, 5.11, 0.75, 8.3, -0.02, 0.07, 0.04, 2.05, 0.73, 8.41, -0.07, 0.05, 0.05
2021-05-09 16:29:48.708835, 1620566988.7088351, 4.7, 0.86, 8.55, -0.06, 0.07, -0.01, 1.75, 0.71, 8.61, -0.1, 0.08, 0.0
2021-05-09 16:29:48.818488, 1620566988.8184888, 4.68, 0.7, 8.6, -0.06, 0.04, 0.03, 1.7, 0.65, 8.57, -0.09, 0.02, 0.04
2021-05-09 16:29:48.927858, 1620566988.9288647, 4.68, 0.63, 8.58, -0.05, 0.03, -0.01, 1.65, 0.58, 8.58, -0.08, 0.02, 0.0
2021-05-09 16:29:49.037796, 1620566989.037796, 4.5, 0.69, 8.64, -0.02, 0.06, -0.02, 1.46, 0.63, 8.57, -0.06, 0.05, 0.0
2021-05-09 16:29:49.147534, 1620566989.1475344, 4.29, 0.81, 8.78, -0.02, -0.01, -0.01, 1.29, 0.7, 8.66, -0.06, -0.01, 0.02
2021-05-09 16:29:49.257355, 1620566989.2573555, 4.33, 0.69, 8.76, -0.02, -0.06, 0.01, 1.29, 0.61, 8.63, -0.05, -0.07, 0.03
2021-05-09 16:29:49.366657, 1620566989.3666577, 4.33, 0.75, 8.77, -0.01, -0.07, -0.02, 1.25, 0.62, 8.65, -0.03, -0.07, 0.0
2021-05-09 16:29:49.477592, 1620566989.4775925, 4.34, 0.84, 8.72, -0.03, -0.08, -0.01, 1.29, 0.72, 8.61, -0.05, -0.09, 0.0
2021-05-09 16:29:49.586076, 1620566989.5864718, 4.47, 0.76, 8.67, -0.03, -0.08, -0.0, 1.42, 0.68, 8.58, -0.05, -0.09, 0.01
2021-05-09 16:29:49.695558, 1620566989.695559, 4.38, 0.77, 8.65, -0.03, -0.06, 0.02, 1.35, 0.68, 8.54, -0.06, -0.08, 0.04
2021-05-09 16:29:49.805162, 1620566989.8051624, 4.29, 0.51, 8.76, -0.03, -0.03, 0.02, 1.24, 0.4, 8.6, -0.08, -0.05, 0.04
2021-05-09 16:29:49.914766, 1620566989.9147668, 4.22, 0.49, 8.68, -0.04, -0.01, -0.04, 1.16, 0.35, 8.49, -0.08, -0.03, -0.04
2021-05-09 16:29:50.024335, 1620566990.0243351, 4.1, 0.7, 8.72, -0.05, 0.05, -0.13, 1.05, 0.57, 8.51, -0.06, 0.05, -0.13
2021-05-09 16:29:50.134122, 1620566990.1341226, 4.12, 1.16, 8.94, -0.02, 0.04, -0.08, 1.13, 1.06, 8.74, -0.03, 0.04, -0.07
2021-05-09 16:29:50.243441, 1620566990.2434418, 4.1, 1.07, 9.19, -0.02, 0.01, -0.04, 0.99, 0.9, 9.02, -0.06, -0.02, -0.03
2021-05-09 16:29:50.353296, 1620566990.353297, 4.01, 1.25, 9.18, -0.04, -0.02, -0.08, 0.91, 1.13, 8.95, -0.04, -0.07, -0.07
2021-05-09 16:29:50.462655, 1620566990.4626558, 3.77, 1.28, 8.75, -0.02, -0.02, -0.01, 0.79, 1.11, 8.42, -0.06, -0.04, 0.02
2021-05-09 16:29:50.572269, 1620566990.572269, 3.58, 1.23, 8.7, -0.03, -0.02, 0.03, 0.61, 1.09, 8.33, -0.08, 0.01, 0.06
2021-05-09 16:29:50.681258, 1620566990.681258, 3.41, 1.19, 8.74, 0.0, 0.1, 0.1, 0.33, 0.91, 8.27, -0.09, 0.11, 0.13
2021-05-09 16:29:50.791400, 1620566990.7914002, 3.64, 0.83, 9.44, -0.04, 0.07, 0.03, 0.67, 0.62, 9.11, -0.09, 0.04, 0.03
2021-05-09 16:29:50.900955, 1620566990.9009554, 3.76, 0.63, 8.95, -0.07, -0.04, 0.0, 0.96, 0.49, 8.62, -0.11, -0.09, 0.0
2021-05-09 16:29:51.010534, 1620566991.0105343, 3.94, 0.7, 8.93, -0.05, -0.02, -0.02, 1.02, 0.51, 8.68, -0.08, -0.08, 0.01
2021-05-09 16:29:51.120126, 1620566991.1201265, 3.66, 0.81, 8.96, -0.06, -0.09, 0.01, 0.86, 0.59, 8.61, -0.09, -0.11, 0.02
2021-05-09 16:29:51.229688, 1620566991.2296886, 3.7, 0.59, 9.01, -0.05, -0.12, -0.01, 0.88, 0.42, 8.68, -0.09, -0.13, 0.02
2021-05-09 16:29:51.339286, 1620566991.3392866, 3.81, 0.61, 8.9, -0.05, -0.15, -0.1, 0.99, 0.4, 8.56, -0.05, -0.15, -0.06
2021-05-09 16:29:51.449216, 1620566991.4492166, 3.93, 0.65, 8.92, -0.04, -0.14, -0.13, 1.12, 0.48, 8.66, -0.03, -0.15, -0.1
2021-05-09 16:29:51.558732, 1620566991.558732, 4.11, 0.84, 8.84, -0.07, -0.16, -0.11, 1.28, 0.65, 8.6, -0.06, -0.14, -0.1
2021-05-09 16:29:51.668187, 1620566991.6681874, 4.19, 0.74, 8.83, -0.03, -0.14, -0.07, 1.35, 0.63, 8.64, -0.04, -0.14, -0.05
2021-05-09 16:29:51.777764, 1620566991.777764, 4.12, 0.83, 8.86, -0.05, -0.12, -0.09, 1.26, 0.61, 8.68, -0.05, -0.12, -0.1
2021-05-09 16:29:51.887592, 1620566991.8875926, 4.3, 0.8, 8.7, -0.05, -0.11, -0.12, 1.39, 0.67, 8.51, -0.04, -0.1, -0.11
2021-05-09 16:29:51.997322, 1620566991.9973223, 4.43, 1.0, 8.71, -0.07, -0.06, -0.08, 1.55, 0.87, 8.57, -0.06, -0.05, -0.11
2021-05-09 16:29:52.106466, 1620566992.1064668, 4.28, 0.94, 8.74, -0.04, -0.04, -0.04, 1.41, 0.84, 8.6, -0.06, -0.02, -0.0
2021-05-09 16:29:52.216466, 1620566992.2164662, 4.48, 0.95, 8.74, -0.02, -0.04, 0.05, 1.54, 0.85, 8.62, -0.06, -0.04, 0.06
2021-05-09 16:29:52.325214, 1620566992.3252146, 4.39, 0.85, 8.63, -0.01, 0.01, 0.08, 1.4, 0.74, 8.5, -0.07, 0.02, 0.1
2021-05-09 16:29:52.435242, 1620566992.4352422, 4.23, 0.79, 8.79, -0.02, 0.03, 0.09, 1.29, 0.67, 8.61, -0.09, 0.04, 0.1
2021-05-09 16:29:52.544327, 1620566992.5443277, 3.65, 0.99, 8.94, -0.01, 0.01, 0.05, 0.73, 0.84, 8.57, -0.05, 0.03, 0.07
2021-05-09 16:29:52.654384, 1620566992.6543849, 3.38, 1.14, 9.21, -0.06, -0.02, 0.07, 0.34, 0.8, 8.79, -0.09, -0.04, 0.05
2021-05-09 16:29:52.763975, 1620566992.7639754, 3.45, 1.0, 8.86, -0.08, -0.02, 0.05, 0.46, 0.75, 8.4, -0.12, -0.06, 0.05
2021-05-09 16:29:52.872988, 1620566992.872988, 3.33, 0.95, 9.17, -0.11, 0.07, 0.13, 0.29, 0.83, 8.71, -0.17, 0.03, 0.09
2021-05-09 16:29:52.982620, 1620566992.9826205, 3.09, 0.68, 9.24, -0.09, 0.04, 0.16, 0.21, 0.42, 8.71, -0.15, -0.0, 0.13
2021-05-09 16:29:53.092095, 1620566993.092096, 3.32, 0.35, 9.21, -0.07, -0.05, 0.08, 0.43, 0.32, 8.7, -0.12, -0.05, 0.08
2021-05-09 16:29:53.202823, 1620566993.2028232, 3.45, 0.27, 9.06, -0.04, -0.07, -0.03, 0.6, 0.18, 8.65, -0.07, -0.06, -0.0
2021-05-09 16:29:53.312361, 1620566993.3123612, 3.52, 0.38, 9.06, -0.04, -0.08, -0.07, 0.58, 0.3, 8.64, -0.05, -0.07, -0.06
2021-05-09 16:29:53.421726, 1620566993.4217262, 3.56, 0.52, 9.09, -0.05, -0.09, -0.12, 0.65, 0.4, 8.71, -0.05, -0.08, -0.1
2021-05-09 16:29:53.531563, 1620566993.5315635, 3.62, 0.57, 9.0, -0.03, -0.1, -0.08, 0.69, 0.45, 8.64, -0.04, -0.09, -0.04
2021-05-09 16:29:53.640701, 1620566993.6407013, 3.71, 0.57, 8.99, -0.02, -0.09, -0.03, 0.73, 0.42, 8.65, -0.05, -0.09, -0.0
2021-05-09 16:29:53.750566, 1620566993.7505665, 3.71, 0.5, 8.98, -0.03, -0.08, -0.03, 0.76, 0.39, 8.64, -0.05, -0.08, -0.02
2021-05-09 16:29:53.860322, 1620566993.8603225, 3.71, 0.58, 9.0, -0.04, -0.1, -0.03, 0.75, 0.45, 8.65, -0.06, -0.1, -0.02
2021-05-09 16:29:53.969691, 1620566993.9696913, 3.73, 0.56, 8.96, -0.05, -0.08, -0.03, 0.72, 0.44, 8.66, -0.07, -0.08, -0.02
2021-05-09 16:29:54.078778, 1620566994.078778, 3.69, 0.54, 9.04, -0.04, -0.08, -0.06, 0.75, 0.47, 8.7, -0.05, -0.09, -0.05
2021-05-09 16:29:54.188771, 1620566994.188771, 3.78, 0.62, 8.95, -0.02, -0.08, -0.06, 0.77, 0.45, 8.6, -0.04, -0.09, -0.04
2021-05-09 16:29:54.298231, 1620566994.2982316, 3.72, 0.64, 8.97, -0.01, -0.06, -0.06, 0.75, 0.52, 8.64, -0.04, -0.08, -0.05
2021-05-09 16:29:54.407954, 1620566994.4079545, 3.7, 0.62, 9.01, -0.02, -0.07, -0.06, 0.76, 0.5, 8.65, -0.03, -0.08, -0.05
2021-05-09 16:29:54.517548, 1620566994.517548, 3.7, 0.7, 8.99, -0.02, -0.06, -0.08, 0.76, 0.52, 8.67, -0.03, -0.07, -0.05
