human_time, computer_time, x_acc_1, y_acc_1, z_acc_1, x_gyro_1, y_gyro_1, z_gyro_1, x_acc_2, y_acc_2, z_acc_2, x_gyro_2, y_gyro_2, z_gyro_2
2021-05-09 16:18:24.333096, 1620566304.3330967, 2.95, 0.92, 8.81, -0.02, -0.06, -0.02, -0.4, 0.47, 8.32, -0.05, -0.06, -0.0
2021-05-09 16:18:24.442627, 1620566304.4426277, 3.04, 0.95, 9.14, -0.03, -0.06, -0.01, -0.4, 0.48, 8.63, -0.05, -0.06, 0.0
2021-05-09 16:18:24.552242, 1620566304.552243, 3.06, 0.95, 9.14, -0.03, -0.05, -0.02, -0.4, 0.48, 8.59, -0.06, -0.06, -0.01
2021-05-09 16:18:24.661707, 1620566304.6617079, 3.02, 0.96, 9.18, -0.03, -0.05, -0.02, -0.41, 0.49, 8.61, -0.06, -0.06, -0.0
2021-05-09 16:18:24.771494, 1620566304.7714942, 3.0, 0.97, 9.2, -0.04, -0.05, -0.01, -0.43, 0.47, 8.63, -0.07, -0.07, -0.0
2021-05-09 16:18:24.881018, 1620566304.8810186, 3.04, 0.96, 9.19, -0.05, -0.06, 0.0, -0.43, 0.49, 8.65, -0.08, -0.07, 0.01
2021-05-09 16:18:24.990584, 1620566304.9905841, 2.96, 0.93, 9.23, -0.04, -0.07, 0.01, -0.41, 0.47, 8.66, -0.08, -0.07, 0.02
2021-05-09 16:18:25.100163, 1620566305.1001637, 3.02, 0.89, 9.18, -0.04, -0.09, 0.0, -0.4, 0.42, 8.62, -0.07, -0.08, 0.02
2021-05-09 16:18:25.209737, 1620566305.2097378, 3.06, 0.9, 9.15, -0.04, -0.09, -0.02, -0.41, 0.45, 8.62, -0.06, -0.07, 0.0
2021-05-09 16:18:25.318908, 1620566305.3189087, 3.08, 0.9, 9.17, -0.02, -0.07, -0.01, -0.38, 0.44, 8.65, -0.06, -0.08, 0.01
2021-05-09 16:18:25.428744, 1620566305.4287438, 3.1, 0.9, 9.16, -0.02, -0.06, -0.01, -0.34, 0.44, 8.64, -0.04, -0.08, 0.01
2021-05-09 16:18:25.538043, 1620566305.5380435, 3.1, 1.0, 9.14, -0.02, -0.05, -0.01, -0.32, 0.5, 8.66, -0.05, -0.06, 0.01
2021-05-09 16:18:25.648078, 1620566305.648078, 3.0, 0.95, 9.25, -0.04, -0.08, -0.02, -0.43, 0.45, 8.71, -0.06, -0.1, -0.0
2021-05-09 16:18:25.757532, 1620566305.7575321, 3.19, 0.96, 9.08, -0.06, -0.1, -0.04, -0.27, 0.5, 8.6, -0.06, -0.09, -0.03
2021-05-09 16:18:25.867254, 1620566305.8672543, 3.23, 0.95, 9.1, -0.05, -0.07, -0.03, -0.25, 0.51, 8.63, -0.06, -0.06, -0.02
2021-05-09 16:18:25.976623, 1620566305.9766233, 3.18, 0.97, 9.12, -0.04, -0.05, -0.02, -0.3, 0.55, 8.63, -0.06, -0.05, -0.02
2021-05-09 16:18:26.086271, 1620566306.0862715, 3.14, 0.92, 9.2, -0.02, -0.08, -0.05, -0.31, 0.54, 8.69, -0.02, -0.1, -0.03
2021-05-09 16:18:26.195768, 1620566306.1957686, 3.17, 1.04, 9.14, -0.03, -0.07, -0.04, -0.29, 0.56, 8.62, -0.04, -0.07, -0.02
2021-05-09 16:18:26.305636, 1620566306.3056364, 3.22, 1.06, 9.1, -0.02, -0.08, -0.01, -0.29, 0.61, 8.61, -0.03, -0.07, -0.01
2021-05-09 16:18:26.415368, 1620566306.415368, 3.12, 1.03, 9.17, -0.03, -0.09, -0.01, -0.31, 0.59, 8.69, -0.05, -0.1, -0.0
2021-05-09 16:18:26.525290, 1620566306.525291, 3.18, 1.03, 9.11, -0.04, -0.11, -0.02, -0.25, 0.59, 8.65, -0.05, -0.11, -0.01
2021-05-09 16:18:26.634487, 1620566306.6344876, 3.28, 1.02, 9.06, -0.04, -0.08, -0.02, -0.18, 0.64, 8.61, -0.05, -0.08, -0.01
2021-05-09 16:18:26.744070, 1620566306.74407, 3.28, 1.05, 9.11, -0.04, -0.07, -0.02, -0.2, 0.64, 8.65, -0.06, -0.07, -0.0
2021-05-09 16:18:26.853245, 1620566306.8532457, 3.27, 1.05, 9.08, -0.04, -0.08, -0.0, -0.23, 0.66, 8.66, -0.07, -0.08, 0.01
2021-05-09 16:18:26.962280, 1620566306.9622803, 3.31, 1.01, 9.08, -0.05, -0.06, -0.0, -0.2, 0.59, 8.64, -0.08, -0.06, 0.01
2021-05-09 16:18:27.072828, 1620566307.072829, 3.26, 1.0, 9.13, -0.05, -0.05, -0.0, -0.2, 0.6, 8.67, -0.08, -0.06, 0.01
2021-05-09 16:18:27.182410, 1620566307.1824107, 3.26, 0.97, 9.12, -0.05, -0.06, -0.01, -0.2, 0.57, 8.68, -0.08, -0.08, -0.0
2021-05-09 16:18:27.291618, 1620566307.2916186, 3.3, 0.95, 9.09, -0.05, -0.06, -0.02, -0.15, 0.56, 8.63, -0.08, -0.08, -0.01
2021-05-09 16:18:27.401414, 1620566307.4014149, 3.29, 0.95, 9.12, -0.05, -0.06, -0.02, -0.16, 0.54, 8.65, -0.07, -0.07, -0.01
2021-05-09 16:18:27.510576, 1620566307.5105765, 3.29, 0.93, 9.11, -0.05, -0.07, -0.02, -0.16, 0.54, 8.64, -0.07, -0.08, -0.01
2021-05-09 16:18:27.620496, 1620566307.620497, 3.3, 0.91, 9.1, -0.04, -0.07, -0.02, -0.15, 0.54, 8.66, -0.06, -0.07, -0.01
2021-05-09 16:18:27.730312, 1620566307.730312, 3.28, 0.95, 9.11, -0.04, -0.06, -0.02, -0.13, 0.54, 8.67, -0.06, -0.06, -0.01
2021-05-09 16:18:27.839640, 1620566307.8396406, 3.3, 0.97, 9.09, -0.03, -0.07, -0.01, -0.15, 0.58, 8.64, -0.05, -0.07, -0.0
2021-05-09 16:18:27.949451, 1620566307.9494517, 3.34, 0.96, 9.11, -0.03, -0.07, -0.0, -0.13, 0.56, 8.65, -0.06, -0.06, 0.02
2021-05-09 16:18:28.058243, 1620566308.0582438, 3.34, 0.99, 9.11, -0.04, -0.07, -0.01, -0.15, 0.58, 8.65, -0.07, -0.05, 0.02
2021-05-09 16:18:28.168469, 1620566308.1684697, 3.35, 0.99, 9.08, -0.04, -0.07, 0.0, -0.17, 0.57, 8.63, -0.07, -0.06, 0.01
2021-05-09 16:18:28.277980, 1620566308.2779799, 3.32, 0.88, 9.09, -0.04, -0.06, -0.01, -0.15, 0.51, 8.66, -0.06, -0.07, 0.0
2021-05-09 16:18:28.387771, 1620566308.3877714, 3.35, 0.93, 9.11, -0.04, -0.07, -0.02, -0.15, 0.51, 8.68, -0.06, -0.08, -0.0
2021-05-09 16:18:28.497322, 1620566308.4973223, 3.3, 0.99, 9.09, -0.05, -0.08, -0.02, -0.17, 0.57, 8.67, -0.07, -0.07, -0.0
2021-05-09 16:18:28.606685, 1620566308.6066856, 3.36, 0.87, 9.06, -0.04, -0.09, -0.0, -0.18, 0.54, 8.63, -0.07, -0.08, 0.01
2021-05-09 16:18:28.715682, 1620566308.7156823, 3.46, 0.88, 8.98, -0.05, -0.07, -0.01, -0.1, 0.49, 8.59, -0.07, -0.07, -0.0
2021-05-09 16:18:28.825388, 1620566308.825389, 3.38, 0.92, 9.11, -0.04, -0.07, -0.02, -0.15, 0.54, 8.68, -0.06, -0.06, -0.0
2021-05-09 16:18:28.935898, 1620566308.9358985, 3.42, 0.91, 9.06, -0.04, -0.06, -0.01, -0.12, 0.52, 8.63, -0.07, -0.06, -0.0
2021-05-09 16:18:29.045437, 1620566309.0454373, 3.44, 0.84, 9.07, -0.04, -0.06, -0.02, -0.17, 0.5, 8.65, -0.06, -0.06, -0.01
2021-05-09 16:18:29.154859, 1620566309.1548595, 3.4, 0.93, 9.1, -0.04, -0.08, -0.04, -0.14, 0.54, 8.67, -0.05, -0.07, -0.03
2021-05-09 16:18:29.264450, 1620566309.2644506, 3.39, 0.92, 9.08, -0.05, -0.06, -0.03, -0.18, 0.53, 8.66, -0.07, -0.06, -0.02
2021-05-09 16:18:29.374172, 1620566309.3741722, 3.45, 0.93, 9.04, -0.05, -0.09, -0.02, -0.14, 0.54, 8.63, -0.07, -0.08, -0.01
2021-05-09 16:18:29.483517, 1620566309.4835174, 3.47, 0.88, 9.05, -0.04, -0.08, -0.01, -0.12, 0.53, 8.64, -0.07, -0.07, 0.0
2021-05-09 16:18:29.593303, 1620566309.5933032, 3.46, 0.88, 9.05, -0.05, -0.06, -0.01, -0.13, 0.5, 8.66, -0.08, -0.06, -0.0
2021-05-09 16:18:29.702836, 1620566309.7028368, 3.47, 0.83, 9.04, -0.05, -0.06, -0.03, -0.14, 0.48, 8.64, -0.07, -0.07, -0.02
2021-05-09 16:18:29.812453, 1620566309.8124533, 3.48, 0.85, 9.04, -0.05, -0.05, -0.03, -0.13, 0.49, 8.63, -0.07, -0.06, -0.02
2021-05-09 16:18:29.921906, 1620566309.9219065, 3.45, 0.86, 9.06, -0.04, -0.05, -0.02, -0.14, 0.51, 8.66, -0.06, -0.06, -0.01
2021-05-09 16:18:30.031583, 1620566310.0315838, 3.45, 0.85, 9.07, -0.02, -0.06, -0.02, -0.15, 0.49, 8.66, -0.05, -0.06, -0.0
2021-05-09 16:18:30.141317, 1620566310.1413176, 3.45, 0.89, 9.08, -0.03, -0.06, -0.01, -0.15, 0.5, 8.66, -0.06, -0.07, -0.0
2021-05-09 16:18:30.250725, 1620566310.2507253, 3.43, 0.88, 9.06, -0.03, -0.07, -0.01, -0.12, 0.48, 8.69, -0.06, -0.08, -0.0
2021-05-09 16:18:30.360426, 1620566310.3604264, 3.45, 0.87, 9.04, -0.04, -0.05, -0.02, -0.12, 0.49, 8.65, -0.06, -0.07, -0.01
2021-05-09 16:18:30.469991, 1620566310.4699912, 3.44, 0.89, 9.06, -0.04, -0.05, -0.02, -0.14, 0.51, 8.63, -0.06, -0.07, -0.01
2021-05-09 16:18:30.579166, 1620566310.579167, 3.37, 0.9, 9.09, -0.03, -0.05, -0.01, -0.15, 0.53, 8.66, -0.06, -0.07, 0.0
2021-05-09 16:18:30.689169, 1620566310.68917, 3.38, 0.89, 9.07, -0.04, -0.05, -0.02, -0.15, 0.52, 8.64, -0.06, -0.06, -0.01
2021-05-09 16:18:30.798776, 1620566310.7987761, 3.34, 0.9, 9.11, -0.04, -0.06, -0.02, -0.17, 0.53, 8.65, -0.06, -0.06, -0.01
2021-05-09 16:18:30.908343, 1620566310.908343, 3.39, 0.88, 9.05, -0.04, -0.06, -0.02, -0.15, 0.5, 8.62, -0.06, -0.07, -0.0
2021-05-09 16:18:31.017633, 1620566311.0176337, 3.35, 0.94, 9.09, -0.03, -0.05, -0.02, -0.17, 0.54, 8.65, -0.06, -0.06, -0.01
2021-05-09 16:18:31.127283, 1620566311.127283, 3.35, 0.91, 9.09, -0.04, -0.06, -0.02, -0.18, 0.5, 8.67, -0.06, -0.06, -0.01
2021-05-09 16:18:31.236823, 1620566311.2368236, 3.34, 0.9, 9.09, -0.04, -0.06, -0.01, -0.18, 0.51, 8.64, -0.06, -0.07, -0.0
2021-05-09 16:18:31.346576, 1620566311.3465765, 3.34, 0.89, 9.09, -0.04, -0.06, -0.02, -0.18, 0.51, 8.65, -0.06, -0.07, -0.0
2021-05-09 16:18:31.455893, 1620566311.4558933, 3.41, 1.02, 9.07, -0.03, -0.07, 0.01, -0.15, 0.62, 8.61, -0.07, -0.07, 0.01
2021-05-09 16:18:31.565576, 1620566311.5655768, 3.37, 0.83, 9.07, -0.05, -0.05, 0.01, -0.17, 0.45, 8.64, -0.08, -0.06, 0.01
2021-05-09 16:18:31.674909, 1620566311.674909, 3.33, 0.83, 9.12, -0.05, -0.06, -0.01, -0.16, 0.45, 8.67, -0.07, -0.07, -0.0
2021-05-09 16:18:31.784600, 1620566311.7846, 3.37, 0.85, 9.11, -0.04, -0.08, -0.01, -0.16, 0.51, 8.66, -0.07, -0.08, 0.01
2021-05-09 16:18:31.894491, 1620566311.8944917, 3.36, 0.9, 9.09, -0.04, -0.08, -0.03, -0.14, 0.49, 8.67, -0.06, -0.09, -0.01
2021-05-09 16:18:32.003774, 1620566312.0037746, 3.45, 0.89, 9.05, -0.04, -0.08, -0.01, -0.06, 0.49, 8.67, -0.07, -0.09, 0.0
2021-05-09 16:18:32.113335, 1620566312.1133351, 3.43, 0.84, 9.05, -0.04, -0.08, -0.01, -0.07, 0.45, 8.65, -0.06, -0.08, 0.01
2021-05-09 16:18:32.222328, 1620566312.2223284, 3.45, 0.84, 9.03, -0.03, -0.09, -0.0, -0.09, 0.49, 8.63, -0.06, -0.08, 0.01
2021-05-09 16:18:32.332494, 1620566312.332494, 3.49, 0.85, 9.02, -0.03, -0.08, -0.0, -0.06, 0.48, 8.65, -0.06, -0.07, 0.01
2021-05-09 16:18:32.442167, 1620566312.4421678, 3.5, 0.86, 9.01, -0.04, -0.07, -0.02, -0.06, 0.47, 8.64, -0.06, -0.07, -0.01
2021-05-09 16:18:32.551641, 1620566312.5516412, 3.49, 0.88, 9.03, -0.05, -0.06, -0.02, -0.06, 0.47, 8.66, -0.07, -0.06, -0.01
2021-05-09 16:18:32.661484, 1620566312.6614845, 3.51, 0.88, 9.04, -0.04, -0.06, -0.01, -0.06, 0.54, 8.65, -0.06, -0.06, -0.0
2021-05-09 16:18:32.770913, 1620566312.7709134, 3.53, 0.89, 9.03, -0.04, -0.07, 0.0, -0.01, 0.5, 8.64, -0.06, -0.07, 0.01
2021-05-09 16:18:32.880525, 1620566312.8805258, 3.53, 0.88, 9.05, -0.05, -0.04, 0.01, -0.03, 0.49, 8.7, -0.08, -0.07, 0.0
2021-05-09 16:18:32.990016, 1620566312.9900165, 3.5, 0.84, 9.04, -0.06, -0.02, 0.0, -0.05, 0.46, 8.64, -0.08, -0.06, -0.0
2021-05-09 16:18:33.099854, 1620566313.0998547, 3.36, 0.8, 9.1, -0.05, -0.02, 0.0, -0.06, 0.4, 8.68, -0.08, -0.06, -0.0
2021-05-09 16:18:33.209025, 1620566313.2090254, 3.37, 0.78, 9.07, -0.06, -0.03, -0.01, -0.05, 0.41, 8.65, -0.08, -0.06, -0.02
2021-05-09 16:18:33.318691, 1620566313.3186913, 3.35, 0.77, 9.05, -0.04, -0.05, -0.01, -0.05, 0.45, 8.63, -0.07, -0.06, -0.0
2021-05-09 16:18:33.428516, 1620566313.4285166, 3.39, 0.75, 9.04, -0.04, -0.04, -0.03, -0.06, 0.39, 8.65, -0.06, -0.04, -0.02
2021-05-09 16:18:33.538099, 1620566313.5380993, 3.29, 0.83, 9.13, -0.05, -0.04, -0.02, -0.11, 0.47, 8.7, -0.08, -0.06, -0.01
2021-05-09 16:18:33.647417, 1620566313.6474178, 3.33, 0.76, 9.1, -0.05, -0.06, -0.0, -0.08, 0.38, 8.66, -0.07, -0.07, 0.0
2021-05-09 16:18:33.756861, 1620566313.7568612, 3.34, 0.75, 9.1, -0.04, -0.06, 0.01, -0.1, 0.42, 8.65, -0.07, -0.07, 0.02
2021-05-09 16:18:33.866457, 1620566313.866457, 3.26, 0.73, 9.1, -0.04, -0.07, 0.01, -0.14, 0.37, 8.67, -0.07, -0.07, 0.02
2021-05-09 16:18:33.976101, 1620566313.9761014, 3.32, 0.7, 9.11, -0.03, -0.07, 0.0, -0.08, 0.34, 8.64, -0.06, -0.07, 0.02
2021-05-09 16:18:34.085627, 1620566314.085627, 3.37, 0.69, 9.06, -0.03, -0.06, -0.01, -0.1, 0.33, 8.64, -0.07, -0.06, 0.01
2021-05-09 16:18:34.195207, 1620566314.1952074, 3.36, 0.68, 9.1, -0.03, -0.07, -0.01, -0.1, 0.37, 8.64, -0.06, -0.06, 0.0
2021-05-09 16:18:34.305140, 1620566314.3051405, 3.34, 0.7, 9.08, -0.03, -0.06, -0.02, -0.13, 0.35, 8.65, -0.06, -0.05, -0.0
2021-05-09 16:18:34.413687, 1620566314.4136877, 3.36, 0.74, 9.09, -0.02, -0.06, -0.01, -0.11, 0.39, 8.64, -0.05, -0.05, 0.0
2021-05-09 16:18:34.524361, 1620566314.5243611, 3.33, 0.76, 9.12, -0.03, -0.05, -0.02, -0.13, 0.36, 8.67, -0.06, -0.07, -0.01
2021-05-09 16:18:34.633761, 1620566314.633761, 3.31, 0.76, 9.09, -0.05, -0.05, -0.03, -0.12, 0.4, 8.63, -0.06, -0.08, -0.02
2021-05-09 16:18:34.743417, 1620566314.7434175, 3.34, 0.79, 9.11, -0.04, -0.06, -0.02, -0.09, 0.43, 8.66, -0.06, -0.07, -0.01
2021-05-09 16:18:34.852932, 1620566314.8529327, 3.31, 0.78, 9.12, -0.04, -0.06, -0.02, -0.12, 0.39, 8.68, -0.06, -0.07, -0.01
2021-05-09 16:18:34.962387, 1620566314.962388, 3.32, 0.78, 9.11, -0.03, -0.07, -0.01, -0.1, 0.43, 8.65, -0.06, -0.08, 0.01
2021-05-09 16:18:35.071830, 1620566315.0718307, 3.34, 0.8, 9.1, -0.03, -0.07, -0.01, -0.08, 0.43, 8.67, -0.06, -0.08, 0.01
2021-05-09 16:18:35.181439, 1620566315.181439, 3.36, 0.8, 9.1, -0.03, -0.09, -0.01, -0.05, 0.44, 8.65, -0.06, -0.1, 0.01
2021-05-09 16:18:35.291327, 1620566315.2913275, 3.39, 0.77, 9.07, -0.03, -0.09, -0.01, -0.05, 0.42, 8.65, -0.06, -0.09, 0.01
2021-05-09 16:18:35.400824, 1620566315.400824, 3.44, 0.82, 9.02, -0.05, -0.08, -0.03, 0.01, 0.42, 8.63, -0.07, -0.08, -0.02
2021-05-09 16:18:35.510282, 1620566315.5102825, 3.4, 0.8, 9.09, -0.04, -0.07, -0.0, 0.03, 0.44, 8.68, -0.07, -0.07, 0.01
2021-05-09 16:18:35.619807, 1620566315.6198072, 3.46, 0.79, 9.05, -0.04, -0.07, -0.01, 0.03, 0.41, 8.67, -0.07, -0.06, 0.01
2021-05-09 16:18:35.729487, 1620566315.7294872, 3.43, 0.78, 9.05, -0.05, -0.07, -0.02, 0.0, 0.39, 8.65, -0.07, -0.07, -0.01
2021-05-09 16:18:35.839007, 1620566315.8390071, 3.48, 0.78, 9.04, -0.05, -0.08, -0.02, 0.04, 0.41, 8.64, -0.08, -0.07, -0.01
2021-05-09 16:18:35.948485, 1620566315.9484859, 3.54, 0.74, 9.02, -0.05, -0.05, -0.01, 0.04, 0.41, 8.64, -0.08, -0.05, 0.0
2021-05-09 16:18:36.057891, 1620566316.0578914, 3.43, 0.7, 9.05, -0.04, -0.07, -0.01, -0.03, 0.34, 8.65, -0.07, -0.06, 0.0
2021-05-09 16:18:36.167596, 1620566316.167596, 3.5, 0.73, 9.02, -0.05, -0.1, -0.01, 0.01, 0.36, 8.64, -0.07, -0.07, -0.01
2021-05-09 16:18:36.277132, 1620566316.2771327, 3.36, 0.63, 9.09, -0.05, -0.16, -0.02, -0.11, 0.29, 8.68, -0.07, -0.05, 0.02
2021-05-09 16:18:36.386655, 1620566316.3866556, 3.65, 0.77, 8.92, -0.02, -0.11, -0.05, -0.03, 0.39, 8.62, -0.06, -0.04, 0.01
2021-05-09 16:18:36.496358, 1620566316.4963584, 3.62, 0.78, 8.99, -0.05, -0.08, -0.02, -0.02, 0.36, 8.63, -0.08, -0.05, 0.0
2021-05-09 16:18:36.605932, 1620566316.605932, 3.65, 0.74, 9.0, -0.05, -0.06, -0.01, -0.08, 0.32, 8.67, -0.08, -0.07, -0.0
2021-05-09 16:18:36.715427, 1620566316.7154279, 3.64, 0.65, 9.02, -0.06, -0.08, 0.01, -0.04, 0.29, 8.67, -0.09, -0.08, 0.01
2021-05-09 16:18:36.825083, 1620566316.8250835, 3.75, 0.68, 8.92, -0.03, -0.07, -0.01, -0.0, 0.31, 8.6, -0.06, -0.08, 0.0
2021-05-09 16:18:36.934540, 1620566316.9345405, 3.64, 0.67, 9.0, -0.04, -0.04, -0.01, -0.03, 0.31, 8.67, -0.06, -0.06, 0.0
2021-05-09 16:18:37.044111, 1620566317.0441117, 3.67, 0.69, 8.96, -0.03, -0.05, -0.02, -0.01, 0.3, 8.66, -0.06, -0.06, -0.0
2021-05-09 16:18:37.154020, 1620566317.1540203, 3.63, 0.68, 9.0, -0.04, -0.06, -0.02, -0.0, 0.28, 8.67, -0.06, -0.07, -0.01
2021-05-09 16:18:37.263194, 1620566317.2631948, 3.64, 0.76, 8.97, -0.09, -0.01, 0.0, 0.04, 0.29, 8.64, -0.11, -0.09, -0.02
2021-05-09 16:18:37.373196, 1620566317.3731968, 3.53, 0.58, 9.06, -0.06, -0.04, -0.0, -0.02, 0.3, 8.7, -0.08, -0.09, -0.01
2021-05-09 16:18:37.482668, 1620566317.4826684, 3.55, 0.55, 9.03, -0.04, -0.04, -0.01, 0.07, 0.18, 8.66, -0.06, -0.08, -0.02
2021-05-09 16:18:37.592087, 1620566317.592087, 3.52, 0.63, 9.01, -0.02, -0.04, -0.03, 0.04, 0.28, 8.64, -0.04, -0.07, -0.01
2021-05-09 16:18:37.701730, 1620566317.7017305, 3.47, 0.67, 9.07, -0.02, -0.04, -0.02, 0.01, 0.27, 8.68, -0.04, -0.06, -0.0
2021-05-09 16:18:37.811245, 1620566317.811246, 3.47, 0.69, 9.06, -0.02, -0.05, -0.03, 0.02, 0.28, 8.67, -0.05, -0.06, -0.01
2021-05-09 16:18:37.920654, 1620566317.9206545, 3.48, 0.68, 9.04, -0.03, -0.05, -0.02, 0.02, 0.3, 8.64, -0.05, -0.06, -0.01
2021-05-09 16:18:38.030186, 1620566318.0301867, 3.46, 0.74, 9.03, -0.03, -0.04, -0.01, -0.01, 0.35, 8.67, -0.06, -0.05, 0.01
2021-05-09 16:18:38.139705, 1620566318.1397052, 3.44, 0.75, 9.08, -0.03, -0.04, -0.0, 0.01, 0.33, 8.68, -0.07, -0.05, 0.01
2021-05-09 16:18:38.249387, 1620566318.2493873, 3.39, 0.71, 9.08, -0.04, -0.07, 0.01, -0.04, 0.32, 8.64, -0.08, -0.07, 0.02
2021-05-09 16:18:38.358955, 1620566318.3589556, 3.46, 0.66, 9.06, -0.04, -0.09, 0.0, 0.0, 0.28, 8.65, -0.07, -0.08, 0.01
2021-05-09 16:18:38.468646, 1620566318.468646, 3.49, 0.68, 9.02, -0.04, -0.06, -0.01, 0.04, 0.29, 8.64, -0.07, -0.07, -0.0
2021-05-09 16:18:38.577926, 1620566318.5779269, 3.47, 0.65, 9.04, -0.04, -0.06, -0.02, 0.01, 0.25, 8.64, -0.07, -0.06, -0.01
2021-05-09 16:18:38.687282, 1620566318.6872823, 3.45, 0.68, 9.05, -0.04, -0.06, -0.02, -0.01, 0.27, 8.65, -0.06, -0.07, -0.01
2021-05-09 16:18:38.796954, 1620566318.7969546, 3.45, 0.66, 9.02, -0.04, -0.06, -0.02, -0.02, 0.31, 8.63, -0.06, -0.06, -0.01
2021-05-09 16:18:38.906573, 1620566318.9065738, 3.48, 0.72, 9.02, -0.04, -0.05, -0.02, -0.0, 0.34, 8.63, -0.06, -0.06, -0.0
2021-05-09 16:18:39.016381, 1620566319.0163817, 3.46, 0.71, 9.05, -0.03, -0.04, 0.0, -0.03, 0.3, 8.65, -0.07, -0.05, 0.01
2021-05-09 16:18:39.125813, 1620566319.1258135, 3.41, 0.71, 9.07, -0.03, -0.04, 0.03, -0.08, 0.32, 8.66, -0.07, -0.04, 0.03
2021-05-09 16:18:39.235443, 1620566319.235443, 3.39, 0.63, 9.11, -0.03, -0.06, 0.0, -0.06, 0.3, 8.67, -0.06, -0.06, 0.01
2021-05-09 16:18:39.345039, 1620566319.3450391, 3.45, 0.68, 9.06, -0.03, -0.06, -0.01, -0.04, 0.31, 8.65, -0.06, -0.06, 0.01
2021-05-09 16:18:39.454566, 1620566319.454566, 3.41, 0.73, 9.05, -0.03, -0.05, -0.01, -0.06, 0.31, 8.68, -0.06, -0.05, 0.01
2021-05-09 16:18:39.564376, 1620566319.5643766, 3.35, 0.68, 9.1, -0.04, -0.07, -0.02, -0.1, 0.3, 8.69, -0.07, -0.07, -0.01
2021-05-09 16:18:39.673779, 1620566319.673779, 3.4, 0.71, 9.1, -0.04, -0.07, -0.01, -0.1, 0.31, 8.67, -0.06, -0.07, -0.01
2021-05-09 16:18:39.783397, 1620566319.783398, 3.43, 0.7, 9.08, -0.04, -0.07, -0.01, -0.05, 0.31, 8.68, -0.07, -0.07, -0.0
2021-05-09 16:18:39.892154, 1620566319.8921547, 3.48, 0.7, 9.0, -0.03, -0.08, -0.0, -0.04, 0.33, 8.59, -0.06, -0.08, 0.01
2021-05-09 16:18:40.002487, 1620566320.002488, 3.42, 0.66, 9.06, -0.04, -0.06, -0.02, -0.04, 0.28, 8.66, -0.06, -0.06, 0.0
2021-05-09 16:18:40.112095, 1620566320.1120949, 3.42, 0.72, 9.08, -0.03, -0.08, -0.02, -0.06, 0.33, 8.68, -0.06, -0.08, -0.0
2021-05-09 16:18:40.221646, 1620566320.2216468, 3.47, 0.69, 9.05, -0.04, -0.07, -0.02, -0.05, 0.3, 8.68, -0.06, -0.06, -0.0
2021-05-09 16:18:40.331289, 1620566320.331289, 3.48, 0.74, 9.04, -0.03, -0.08, -0.02, -0.03, 0.35, 8.65, -0.05, -0.07, -0.01
2021-05-09 16:18:40.439911, 1620566320.4399118, 3.51, 0.76, 9.01, -0.03, -0.06, -0.01, -0.02, 0.36, 8.63, -0.06, -0.06, 0.0
2021-05-09 16:18:40.550228, 1620566320.5502288, 3.5, 0.73, 9.01, -0.04, -0.04, 0.0, -0.03, 0.31, 8.63, -0.07, -0.06, 0.01
2021-05-09 16:18:40.660004, 1620566320.6600046, 3.45, 0.7, 9.08, -0.05, -0.02, -0.0, -0.07, 0.31, 8.68, -0.08, -0.05, -0.0
2021-05-09 16:18:40.769478, 1620566320.769478, 3.38, 0.62, 9.1, -0.05, -0.03, -0.01, -0.07, 0.25, 8.66, -0.07, -0.06, -0.02
2021-05-09 16:18:40.878899, 1620566320.878899, 3.37, 0.66, 9.07, -0.04, -0.03, -0.03, -0.08, 0.28, 8.64, -0.05, -0.06, -0.03
2021-05-09 16:18:40.988455, 1620566320.988455, 3.37, 0.74, 9.04, -0.03, -0.04, -0.03, -0.09, 0.35, 8.63, -0.06, -0.06, -0.01
2021-05-09 16:18:41.098137, 1620566321.0981371, 3.32, 0.75, 9.11, -0.03, -0.03, -0.01, -0.11, 0.34, 8.66, -0.06, -0.04, 0.01
2021-05-09 16:18:41.207103, 1620566321.207103, 3.27, 0.76, 9.16, -0.01, -0.06, 0.03, -0.19, 0.33, 8.71, -0.07, -0.01, 0.09
2021-05-09 16:18:41.317373, 1620566321.3173733, 3.31, 0.66, 9.12, -0.03, -0.1, 0.01, -0.21, 0.26, 8.65, -0.07, -0.04, 0.04
2021-05-09 16:18:41.426749, 1620566321.4267497, 3.41, 0.71, 9.05, -0.03, -0.13, -0.01, -0.15, 0.27, 8.62, -0.06, -0.07, 0.02
2021-05-09 16:18:41.536315, 1620566321.536316, 3.5, 0.7, 9.06, -0.05, -0.12, -0.01, -0.16, 0.3, 8.64, -0.07, -0.08, 0.0
2021-05-09 16:18:41.645797, 1620566321.645798, 3.51, 0.69, 9.06, -0.05, -0.1, -0.02, -0.17, 0.28, 8.68, -0.07, -0.08, -0.01
2021-05-09 16:18:41.755559, 1620566321.7555594, 3.55, 0.7, 9.03, -0.04, -0.1, -0.02, -0.11, 0.32, 8.64, -0.06, -0.1, -0.01
2021-05-09 16:18:41.865322, 1620566321.8653226, 3.59, 0.7, 9.02, -0.03, -0.07, -0.02, -0.1, 0.31, 8.7, -0.06, -0.08, 0.0
2021-05-09 16:18:41.975044, 1620566321.975044, 3.63, 0.73, 8.98, -0.03, -0.07, -0.01, -0.11, 0.3, 8.63, -0.05, -0.07, 0.0
2021-05-09 16:18:42.084448, 1620566322.0844486, 3.55, 0.69, 9.03, -0.04, -0.06, -0.02, -0.15, 0.28, 8.7, -0.06, -0.07, -0.01
2021-05-09 16:18:42.194112, 1620566322.1941125, 3.58, 0.73, 9.0, -0.03, -0.07, -0.02, -0.08, 0.33, 8.66, -0.05, -0.08, -0.01
2021-05-09 16:18:42.303390, 1620566322.3033905, 3.65, 0.75, 8.98, -0.03, -0.05, 0.0, -0.06, 0.33, 8.66, -0.06, -0.08, -0.01
2021-05-09 16:18:42.413146, 1620566322.4131463, 3.61, 0.7, 8.99, -0.03, -0.04, 0.0, -0.05, 0.33, 8.64, -0.07, -0.08, -0.01
2021-05-09 16:18:42.522612, 1620566322.5226123, 3.53, 0.74, 9.02, -0.03, -0.03, -0.01, -0.06, 0.32, 8.66, -0.06, -0.07, -0.0
2021-05-09 16:18:42.632144, 1620566322.6321445, 3.49, 0.74, 9.06, -0.05, -0.04, -0.02, -0.08, 0.34, 8.65, -0.07, -0.07, -0.01
2021-05-09 16:18:42.741858, 1620566322.7418587, 3.52, 0.73, 8.99, -0.06, -0.05, -0.03, -0.03, 0.32, 8.62, -0.08, -0.07, -0.02
2021-05-09 16:18:42.851321, 1620566322.851321, 3.5, 0.75, 9.05, -0.04, -0.03, -0.02, -0.05, 0.36, 8.66, -0.07, -0.05, -0.0
2021-05-09 16:18:42.960706, 1620566322.9607065, 3.4, 0.69, 9.08, -0.03, -0.03, 0.01, -0.08, 0.28, 8.68, -0.07, -0.05, 0.01
2021-05-09 16:18:43.070560, 1620566323.0705605, 3.38, 0.66, 9.11, -0.03, -0.07, -0.02, -0.09, 0.28, 8.69, -0.06, -0.07, -0.0
2021-05-09 16:18:43.180183, 1620566323.1801834, 3.44, 0.79, 9.04, -0.04, -0.08, -0.01, -0.07, 0.33, 8.66, -0.06, -0.08, -0.0
2021-05-09 16:18:43.289741, 1620566323.289741, 3.48, 0.77, 9.05, -0.05, -0.07, -0.01, -0.03, 0.36, 8.65, -0.07, -0.08, -0.0
2021-05-09 16:18:43.399115, 1620566323.3991153, 3.54, 0.68, 9.01, -0.05, -0.06, -0.0, -0.01, 0.28, 8.62, -0.08, -0.07, 0.01
2021-05-09 16:18:43.508750, 1620566323.508751, 3.46, 0.66, 9.06, -0.04, -0.04, -0.01, -0.06, 0.27, 8.66, -0.07, -0.05, -0.0
2021-05-09 16:18:43.618340, 1620566323.6183405, 3.42, 0.66, 9.09, -0.04, -0.05, -0.03, -0.08, 0.27, 8.68, -0.06, -0.06, -0.02
2021-05-09 16:18:43.727929, 1620566323.7279294, 3.42, 0.68, 9.06, -0.04, -0.06, -0.03, -0.06, 0.28, 8.65, -0.06, -0.07, -0.02
2021-05-09 16:18:43.837388, 1620566323.8373888, 3.47, 0.73, 9.08, -0.04, -0.06, -0.03, -0.07, 0.32, 8.67, -0.06, -0.07, -0.02
2021-05-09 16:18:43.947088, 1620566323.9470887, 3.48, 0.72, 9.02, -0.06, -0.06, -0.01, -0.02, 0.32, 8.65, -0.09, -0.06, -0.01
2021-05-09 16:18:44.056803, 1620566324.056804, 3.42, 0.65, 9.09, -0.04, -0.07, -0.01, -0.09, 0.27, 8.67, -0.07, -0.06, 0.01
2021-05-09 16:18:44.166079, 1620566324.1660793, 3.45, 0.62, 9.02, -0.03, -0.06, -0.0, -0.03, 0.25, 8.63, -0.06, -0.07, 0.01
2021-05-09 16:18:44.275836, 1620566324.2758362, 3.46, 0.67, 9.07, -0.02, -0.06, -0.01, -0.03, 0.26, 8.67, -0.06, -0.06, 0.0
2021-05-09 16:18:44.385394, 1620566324.3853946, 3.39, 0.67, 9.13, -0.04, -0.07, -0.03, -0.08, 0.25, 8.71, -0.06, -0.08, -0.01
2021-05-09 16:18:44.494797, 1620566324.4947977, 3.5, 0.68, 9.03, -0.05, -0.09, -0.01, -0.01, 0.24, 8.65, -0.07, -0.09, -0.01
2021-05-09 16:18:44.604353, 1620566324.604354, 3.44, 0.66, 9.07, -0.05, -0.07, -0.01, -0.04, 0.28, 8.67, -0.07, -0.09, 0.0
2021-05-09 16:18:44.713518, 1620566324.7135189, 3.54, 0.64, 8.99, -0.04, -0.07, 0.0, 0.02, 0.25, 8.62, -0.07, -0.08, 0.02
2021-05-09 16:18:44.823293, 1620566324.8232932, 3.5, 0.64, 9.05, -0.03, -0.05, -0.0, 0.01, 0.23, 8.66, -0.06, -0.06, 0.01
2021-05-09 16:18:44.933126, 1620566324.9331262, 3.47, 0.65, 9.05, -0.03, -0.05, -0.01, -0.01, 0.23, 8.65, -0.06, -0.06, 0.0
2021-05-09 16:18:45.042563, 1620566325.042564, 3.4, 0.63, 9.09, -0.03, -0.06, -0.03, -0.05, 0.24, 8.68, -0.05, -0.07, -0.01
2021-05-09 16:18:45.152134, 1620566325.1521342, 3.47, 0.67, 9.02, -0.02, -0.07, -0.03, 0.01, 0.25, 8.63, -0.04, -0.06, -0.02
2021-05-09 16:18:45.261308, 1620566325.261309, 3.5, 0.74, 9.02, -0.03, -0.05, -0.04, -0.01, 0.35, 8.62, -0.05, -0.05, -0.02
2021-05-09 16:18:45.371441, 1620566325.3714411, 3.46, 0.69, 9.06, -0.03, -0.05, -0.03, -0.05, 0.32, 8.67, -0.05, -0.05, -0.01
2021-05-09 16:18:45.481083, 1620566325.4810832, 3.37, 0.73, 9.09, -0.03, -0.05, -0.03, -0.08, 0.29, 8.68, -0.06, -0.06, -0.01
2021-05-09 16:18:45.590580, 1620566325.5905805, 3.43, 0.73, 9.11, -0.03, -0.08, -0.01, -0.09, 0.3, 8.69, -0.06, -0.08, 0.0
2021-05-09 16:18:45.700150, 1620566325.7001507, 3.49, 0.72, 9.03, -0.04, -0.08, -0.01, -0.01, 0.3, 8.63, -0.06, -0.09, -0.0
2021-05-09 16:18:45.809048, 1620566325.8090487, 3.49, 0.76, 9.04, -0.03, -0.06, -0.01, -0.01, 0.32, 8.64, -0.06, -0.08, -0.0
2021-05-09 16:18:45.919389, 1620566325.9193895, 3.47, 0.74, 9.04, -0.05, -0.05, -0.01, -0.05, 0.35, 8.64, -0.07, -0.07, -0.01
2021-05-09 16:18:46.028971, 1620566326.0289717, 3.43, 0.78, 9.08, -0.04, -0.06, -0.01, -0.03, 0.34, 8.68, -0.06, -0.08, -0.0
2021-05-09 16:18:46.138474, 1620566326.1384747, 3.49, 0.7, 9.06, -0.04, -0.06, -0.02, 0.05, 0.34, 8.66, -0.06, -0.07, -0.01
2021-05-09 16:18:46.247955, 1620566326.247955, 3.46, 0.75, 9.03, -0.03, -0.05, -0.02, 0.01, 0.34, 8.65, -0.05, -0.07, 0.0
2021-05-09 16:18:46.356765, 1620566326.3567653, 3.5, 0.8, 9.05, -0.02, -0.06, 0.0, 0.05, 0.41, 8.65, -0.05, -0.07, 0.03
2021-05-09 16:18:46.467110, 1620566326.4671106, 3.44, 0.78, 9.09, -0.01, -0.06, 0.02, -0.0, 0.29, 8.7, -0.05, -0.06, 0.04
2021-05-09 16:18:46.576545, 1620566326.576545, 3.43, 0.74, 9.06, -0.04, -0.06, -0.02, -0.0, 0.32, 8.65, -0.06, -0.07, -0.01
2021-05-09 16:18:46.685885, 1620566326.6858854, 3.41, 0.78, 9.05, -0.05, -0.06, -0.05, -0.01, 0.31, 8.64, -0.06, -0.07, -0.03
2021-05-09 16:18:46.795846, 1620566326.795847, 3.42, 0.77, 9.08, -0.05, -0.05, -0.03, 0.01, 0.38, 8.67, -0.07, -0.06, -0.02
2021-05-09 16:18:46.904415, 1620566326.904415, 3.4, 0.77, 9.1, -0.03, -0.05, 0.0, 0.01, 0.34, 8.68, -0.07, -0.06, 0.01
2021-05-09 16:18:47.014855, 1620566327.0148556, 3.42, 0.72, 9.06, -0.04, -0.05, -0.01, -0.04, 0.32, 8.63, -0.06, -0.06, 0.01
2021-05-09 16:18:47.124517, 1620566327.1245174, 3.43, 0.74, 9.06, -0.03, -0.05, -0.01, -0.0, 0.32, 8.65, -0.06, -0.05, -0.0
2021-05-09 16:18:47.234189, 1620566327.2341895, 3.34, 0.74, 9.09, -0.04, -0.05, -0.01, -0.06, 0.32, 8.69, -0.06, -0.05, -0.0
2021-05-09 16:18:47.343474, 1620566327.3434746, 3.37, 0.75, 9.08, -0.04, -0.05, -0.01, -0.06, 0.31, 8.68, -0.06, -0.06, -0.0
2021-05-09 16:18:47.453091, 1620566327.4530916, 3.38, 0.74, 9.08, -0.04, -0.05, -0.02, -0.06, 0.35, 8.64, -0.06, -0.06, -0.01
2021-05-09 16:18:47.562759, 1620566327.5627594, 3.39, 0.72, 9.08, -0.04, -0.05, 0.0, -0.05, 0.3, 8.66, -0.07, -0.06, -0.0
2021-05-09 16:18:47.672249, 1620566327.672249, 3.29, 0.69, 9.16, -0.05, -0.06, -0.03, -0.14, 0.28, 8.69, -0.06, -0.06, -0.02
2021-05-09 16:18:47.781879, 1620566327.7818797, 3.41, 0.79, 9.04, -0.03, -0.08, -0.01, -0.03, 0.39, 8.65, -0.06, -0.07, 0.02
2021-05-09 16:18:47.891469, 1620566327.8914692, 3.35, 0.8, 9.05, -0.02, -0.05, -0.0, -0.1, 0.39, 8.65, -0.06, -0.06, 0.0
2021-05-09 16:18:48.001080, 1620566328.0010805, 3.34, 0.73, 9.09, -0.03, -0.06, -0.01, -0.11, 0.3, 8.66, -0.06, -0.05, -0.0
2021-05-09 16:18:48.110631, 1620566328.1106317, 3.41, 0.8, 9.07, -0.03, -0.05, -0.03, -0.06, 0.4, 8.64, -0.06, -0.05, -0.01
2021-05-09 16:18:48.220232, 1620566328.220233, 3.31, 0.77, 9.13, -0.04, -0.05, -0.02, -0.13, 0.33, 8.68, -0.07, -0.04, -0.01
2021-05-09 16:18:48.329569, 1620566328.3295698, 3.31, 0.81, 9.13, -0.03, -0.07, -0.01, -0.15, 0.38, 8.68, -0.06, -0.06, 0.01
2021-05-09 16:18:48.439390, 1620566328.4393907, 3.36, 0.78, 9.08, -0.03, -0.07, -0.01, -0.13, 0.34, 8.64, -0.06, -0.07, 0.01
2021-05-09 16:18:48.548959, 1620566328.5489593, 3.36, 0.77, 9.13, -0.03, -0.06, -0.0, -0.15, 0.34, 8.66, -0.05, -0.06, 0.01
2021-05-09 16:18:48.658123, 1620566328.658123, 3.37, 0.83, 9.09, -0.03, -0.07, -0.0, -0.13, 0.42, 8.64, -0.06, -0.07, 0.01
2021-05-09 16:18:48.767308, 1620566328.7673082, 3.43, 0.8, 9.05, -0.03, -0.06, -0.01, -0.12, 0.38, 8.62, -0.06, -0.05, 0.01
2021-05-09 16:18:48.876985, 1620566328.8769858, 3.35, 0.81, 9.09, -0.03, -0.05, -0.01, -0.16, 0.38, 8.66, -0.06, -0.05, 0.01
2021-05-09 16:18:48.987288, 1620566328.9872885, 3.36, 0.82, 9.07, -0.04, -0.05, -0.01, -0.2, 0.38, 8.65, -0.06, -0.06, -0.0
2021-05-09 16:18:49.096879, 1620566329.096879, 3.38, 0.83, 9.09, -0.03, -0.05, -0.02, -0.19, 0.4, 8.65, -0.06, -0.07, -0.01
2021-05-09 16:18:49.206367, 1620566329.2063675, 3.33, 0.81, 9.11, -0.04, -0.06, -0.02, -0.17, 0.38, 8.69, -0.06, -0.08, -0.01
2021-05-09 16:18:49.316063, 1620566329.3160632, 3.38, 0.84, 9.07, -0.03, -0.06, -0.01, -0.12, 0.4, 8.62, -0.06, -0.08, 0.0
2021-05-09 16:18:49.425379, 1620566329.4253795, 3.35, 0.81, 9.07, -0.04, -0.06, -0.01, -0.15, 0.38, 8.62, -0.07, -0.07, -0.0
2021-05-09 16:18:49.535170, 1620566329.53517, 3.31, 0.85, 9.11, -0.04, -0.06, -0.01, -0.15, 0.39, 8.68, -0.07, -0.08, -0.01
2021-05-09 16:18:49.644771, 1620566329.6447713, 3.35, 0.82, 9.1, -0.04, -0.07, -0.01, -0.1, 0.38, 8.65, -0.06, -0.08, -0.0
2021-05-09 16:18:49.754457, 1620566329.7544577, 3.37, 0.84, 9.09, -0.04, -0.07, -0.02, -0.1, 0.39, 8.66, -0.06, -0.08, -0.01
2021-05-09 16:18:49.863900, 1620566329.8639004, 3.34, 0.8, 9.07, -0.04, -0.06, -0.01, -0.09, 0.39, 8.64, -0.07, -0.07, -0.0
2021-05-09 16:18:49.973063, 1620566329.9730637, 3.34, 0.83, 9.1, -0.04, -0.06, -0.01, -0.1, 0.38, 8.68, -0.06, -0.07, 0.0
2021-05-09 16:18:50.082916, 1620566330.0829165, 3.38, 0.81, 9.09, -0.04, -0.06, -0.01, -0.09, 0.36, 8.65, -0.06, -0.07, 0.0
2021-05-09 16:18:50.192611, 1620566330.1926117, 3.36, 0.79, 9.08, -0.04, -0.06, -0.01, -0.09, 0.38, 8.64, -0.06, -0.07, -0.0
2021-05-09 16:18:50.302124, 1620566330.3021247, 3.35, 0.82, 9.12, -0.04, -0.07, -0.02, -0.1, 0.38, 8.65, -0.06, -0.07, -0.0
2021-05-09 16:18:50.411558, 1620566330.4115586, 3.37, 0.82, 9.07, -0.03, -0.07, -0.02, -0.07, 0.38, 8.63, -0.06, -0.07, 0.0
2021-05-09 16:18:50.521041, 1620566330.5210414, 3.38, 0.85, 9.06, -0.03, -0.07, -0.01, -0.09, 0.4, 8.66, -0.06, -0.07, 0.01
2021-05-09 16:18:50.630806, 1620566330.630806, 3.38, 0.84, 9.09, -0.03, -0.06, -0.0, -0.09, 0.39, 8.66, -0.06, -0.07, 0.01
